,Slope,R Value,R Squared,P-Value
0,0.025734238028505645,0.42812883644926675,0.18329430059940299,4.5885985903506444e-52
1,0.027754854363845113,0.38909818056679496,0.15139739412039019,1.5085141033631048e-42
2,0.017761778625115573,0.27949546084206878,0.078117712631320405,6.3900941151328623e-22
3,0.031820785604649966,0.45161840471417131,0.20395918347657302,1.9953187732655512e-58
4,0.013169691554140385,0.23857264057781929,0.056916904832273352,3.1338012277246161e-16
5,0.020274752516910917,0.31785729111712058,0.10103325751631394,3.3498242839403943e-28
6,0.02898610227377036,0.39619230373409897,0.15696834153813252,3.4813527933268901e-44
7,0.028353271599600282,0.50526858554115883,0.25529634353476333,5.801665429154661e-75
8,0.022668719756532629,0.32242302729144207,0.10395660852777799,5.1680254650398511e-29
9,0.026955005936348274,0.38600848604035043,0.1490025512951634,7.5680087732929166e-42
10,0.018844709424976635,0.34493543682261735,0.11898045557600985,3.179343972483122e-33
11,0.023079861103556178,0.3561850093192992,0.12686776086378926,1.8382296522115775e-35
12,0.025678089073111615,0.35726270360125245,0.12763663938447636,1.1097122849835658e-35
13,0.023440845993387836,0.38698442204578271,0.14975694290610847,4.5556124045743331e-42
14,0.016359517587539837,0.2500378180809032,0.062518910470658842,1.0062330769813087e-17
15,0.021224248678496462,0.33936628182972678,0.11516947324293354,3.7745305642839383e-32
16,0.020115035428625892,0.33884100887269247,0.11481322929386406,4.7542736127668199e-32
17,0.027786114234198397,0.40220150837804869,0.16176605334157756,1.3295224138316134e-45
18,0.026600375508708991,0.45283721767596696,0.20506154571251109,9.0387674385424143e-59
19,0.028023201170574483,0.41683937929673537,0.17375506813248762,3.5098543477414143e-49
20,0.024132379206626781,0.34757883281175139,0.12081104501877943,9.6522517227472659e-34
21,0.020227776432794546,0.29467495781811243,0.08683333076510634,2.7138083986641581e-24
22,0.024093872292997105,0.42252006950201909,0.17852320913199105,1.2823999263266636e-50
23,0.019322328569308635,0.29728600821769141,0.088378970682009284,1.0252526071463774e-24
24,0.024640987011917821,0.32394025532180482,0.1049372890179561,2.7572607844762074e-29
25,0.026122501399434731,0.37968602930143669,0.14416148084669145,1.9456910729924153e-40
26,0.020201861397961218,0.34110076048246057,0.11634972880171293,1.756112394018407e-32
27,0.026818710669690309,0.37775502368567937,0.14269885791976819,5.1711579672414394e-40
28,0.01589945067681986,0.23305336544412059,0.054313871144830821,1.540503504440021e-15
29,0.032482680714707161,0.48133842178396774,0.23168667628548084,3.1913745219188907e-67
30,0.02477866321002431,0.394957962627283,0.15599179224269427,6.7518843172722891e-44
31,0.02411822869471383,0.37887001908559942,0.14354249136192246,2.9431722208686285e-40
32,0.02815385360625134,0.47030288287852395,0.22118480164385063,7.4434840435189394e-64
33,0.019624995320861333,0.28403387270737396,0.08067524084514871,1.2928533991078333e-22
34,,,,
