,Slope,R Value,R Squared,P-Value
0,0.030477345979690547,0.42254163910826104,0.17854143678029591,1.266232557356124e-50
1,0.029814618330516563,0.44697509636678184,0.19978673677209391,3.9578572462453541e-57
2,0.021505761549512361,0.32991806223433612,0.10884592778845928,2.2399158844478385e-30
3,0.028652264624961132,0.41311320321914513,0.17066251867398272,2.9727269486246547e-48
4,0.017440672375584627,0.29342385297843793,0.086097557496711954,4.3111657036732773e-24
5,0.027375921229184356,0.39162081583421432,0.15336686339465561,3.9911005582146691e-43
6,0.019003026283665292,0.28867706092064865,0.083334445501783899,2.4445250583715101e-23
7,0.029969948508752516,0.43468832672676838,0.18895394139251773,8.6140773053690418e-54
8,0.020952353344148796,0.30265027773995673,0.091597190616072952,1.3444153364773209e-25
9,0.026464215483550307,0.38187725386927707,0.14583023702274028,6.3661340662128245e-41
10,0.02461619345487881,0.378818780613012,0.1435036685451293,3.0205417660304861e-40
11,0.024215934929813596,0.37817297176878772,0.14301479657643631,4.1874386419393616e-40
12,0.029097612681950429,0.40764103217545528,0.16617121111307057,6.5268237455704514e-47
13,0.023830992674879703,0.34903279643133878,0.12182389298468037,4.9859237048418797e-34
14,0.023675028134871427,0.36240492363506061,0.13133732867493411,9.7194543109614179e-37
15,0.03347905065431675,0.49767804173778718,0.24768343322795863,1.930376828072081e-72
16,0.024377492824561996,0.41659490017362677,0.17355131085067405,4.0413566620459148e-49
17,0.027401419771236894,0.39526262559604308,0.15623254319307772,5.7349989389674564e-44
18,0.023240307877322775,0.35569264544421397,0.12651725802310332,2.3134433934847301e-35
19,0.025162638697218364,0.39351138125028584,0.15485120717350781,1.4622305453799226e-43
20,0.026652343653827737,0.35143735708116625,0.12350821595219515,1.6594905040080598e-34
21,0.030872895700573996,0.44899482854167816,0.20159635605717097,1.0853420315809013e-57
22,0.025718657737257358,0.41554542169237252,0.1726779974894917,7.3931519723842536e-49
23,0.022134006237673309,0.3270513504131804,0.10696258580708491,7.5181877429086129e-30
24,0.029733820430422123,0.3868939988836515,0.14968696637218293,4.7753149633833815e-42
25,0.023950687449447439,0.36593840606399036,0.1339109170326539,1.7767544464333983e-37
26,0.023304687042358555,0.37587643862062853,0.14128309711012713,1.3299517918211836e-39
27,0.024732892821864826,0.34016588351463256,0.11571282830729057,2.6541708664203344e-32
28,0.020746298837835905,0.29440975858432467,0.086677105949680325,2.9941423262246079e-24
29,0.025462771477708559,0.32883991511257699,0.10813568977124684,3.5372999437564956e-30
30,0.037293732795133164,0.50019768950304522,0.25019772858418482,2.8541908041546509e-73
31,0.025165001034499944,0.40009516757729358,0.16007614311870264,4.2080175307602795e-45
32,0.032955581701342815,0.46130952785152168,0.21280648048659387,3.3621239361664683e-61
33,0.03007067045302925,0.43194543289200416,0.18657685699626086,4.5895574139241649e-53
34,,,,
