,Slope,R Value,R Squared,P-Value
0,-0.0025431376545992203,-0.035185382524084825,0.0012380111433661738,0.2349984525041279
1,-0.00094803630578438216,-0.014155703156522178,0.00020038393185557195,0.63289153668158393
2,-0.0018047061649985156,-0.027683683000589057,0.00076638630447710355,0.35016325468645071
3,-0.0070563502240844466,-0.10195132891959108,0.010394073468470648,0.00056267069744111184
4,-0.0029482214189298127,-0.050010096195402157,0.0025010097214733774,0.091319009781098026
5,0.00098764496526744711,0.014417680484818529,0.00020786951056231707,0.6266113845984449
6,-0.0004565058102173947,-0.0069139948196611407,4.7803324366301088e-05,0.81553428134377171
7,-0.0052372526742087292,-0.075926981239390415,0.0057649064801267441,0.010299542955863565
8,-0.0023762200629014628,-0.034322034068376125,0.0011780020225907713,0.24669106927922377
9,-0.0012810737071218838,-0.018797967853922501,0.00035336359543710374,0.52586494448717702
10,-0.0014110149307500618,-0.022012878424295577,0.00048456681652281775,0.45757781166661027
11,0.0024049830590390764,0.037658531978816093,0.0014181650307995143,0.20368861581327893
12,0.0014232258185991953,0.019980276179826922,0.0003992114362221591,0.5001618359736637
13,-0.002296571925749025,-0.034081927708943256,0.0011615777963576341,0.25001405308216418
14,-0.00064083928891629511,-0.0098517994296782822,9.7057952002609329e-05,0.73956896364222269
15,-0.00051410590786317868,-0.0078761039731166486,6.2033013795343862e-05,0.79042636055395588
16,-0.0033453887627168761,-0.057021442249133546,0.0032514448761712723,0.054158668706283872
17,-0.0074876146187542753,-0.10771031535372201,0.011601512033598244,0.00026746034759041318
18,-0.0033617230491802949,-0.05217715823279976,0.0027224558412506238,0.078112488951470896
19,-0.00095099427391825736,-0.014939435168891903,0.00022318672316552424,0.61418437376132728
20,-0.0039839297989461252,-0.055572123068570907,0.0030882608623483908,0.060580301178120279
21,-0.0017312545980332137,-0.025207729382034548,0.00063542962059788782,0.39494380773086779
22,-0.0014816598720029087,-0.024310505109449803,0.00059100065867658501,0.41198913091624134
23,-0.0017487393213697446,-0.025750903964108129,0.00066310905496871973,0.3848348045497364
24,-0.0018717384302822911,-0.024416763123996765,0.00059617832145336831,0.4099480026906076
25,-0.002565723504366374,-0.040692577740238156,0.0016558858831453259,0.16956454020655565
26,-6.4711286206627907e-05,-0.0010515879806513148,1.10583728105031e-06,0.97169512690819382
27,-0.0068295306594761303,-0.096496745333518749,0.0093116218599619723,0.0011001424709696597
28,-0.0011473319499409277,-0.016330006580926853,0.00026666911493311433,0.58160735792857987
29,-0.00049325124596974609,-0.006455653764505318,4.1675465527171685e-05,0.82756406954256168
30,-0.0012166760141576693,-0.016464904045555707,0.00027109306522935672,0.57849050329829899
31,-0.0031727018421730362,-0.050571716624167415,0.002557498522315091,0.087735352958536156
32,-0.0037065090609121249,-0.051662343607010074,0.0026689977469687748,0.081100080371728056
33,7.9008410135670014e-05,0.001137996767433196,1.2950366426884036e-06,0.96937041879614005
34,,,,
