,Slope,R Value,R Squared,P-Value
0,-0.045494517749210657,-0.11766737011358308,0.013845609989446945,6.7724629434318486e-05
1,-0.064277712498098868,-0.14600787311463242,0.021318299011458604,7.3034762374782398e-07
2,-0.080275990189286633,-0.22010891593491994,0.048447934874045653,5.509433562527623e-14
3,-0.076690375817614717,-0.17665400023189734,0.031206635797931186,1.8793066283306634e-09
4,-0.011855223244178271,-0.028761494199210588,0.00082722354857122423,0.33171683536903962
5,-0.12968132751965433,-0.2709642816286767,0.073421641918544819,1.189539593742432e-20
6,-0.021282450079084241,-0.054584506383027587,0.0029794683370787793,0.065307631429838101
7,-0.14351471780861558,-0.35778927943170424,0.12801316847625815,8.6656961051205279e-36
8,-0.12440845517752581,-0.28412366337933492,0.080726256092093621,1.252245780551388e-22
9,-0.073124772362219384,-0.18493805975784972,0.034202085946997994,3.0841098416506893e-10
10,-0.073082453143001394,-0.17988657534400265,0.032359179988993542,9.3775855294708697e-10
11,-0.0015532736457631044,-0.0038171278173557812,1.457046477403131e-05,0.89751849629545433
12,0.022863037017097271,0.053642341443651972,0.0028775007955573421,0.070096557435610107
13,-0.057086299795526346,-0.1371490919666542,0.018809873427277773,3.3253661956834152e-06
14,0.013534817713717942,0.034225591844197253,0.0011713911370855815,0.24802206176430036
15,-0.1021388998467645,-0.25388137933603833,0.064455754773569393,3.0530193410001703e-18
16,-0.086436048123216966,-0.22529908148857042,0.050759676119593491,1.3480602990353943e-14
17,-0.0062759350264622897,-0.014183851272926722,0.00020118163693250499,0.63221548725617982
18,-0.012101357174408349,-0.026621927762523694,0.00070872703779302981,0.36895770327081767
19,-0.030460313653258547,-0.075746889682972857,0.0057375912966444601,0.010482161121535535
20,-0.058478633004533952,-0.15439476586541345,0.02383774372663584,1.5971525225624278e-07
21,0.01653535490375229,0.0400084233315477,0.0016006739374763304,0.17685833857846645
22,-0.027603495370452417,-0.06446750744060202,0.0041560595156040769,0.029442792775311203
23,0.011552048611471128,0.027634161106160786,0.00076364686004124947,0.3510261375809498
24,-0.0095337195740945457,-0.019359513655961866,0.00037479076899537401,0.51357353379227222
25,-0.041761916950834241,-0.097970463657683415,0.0095982117493014669,0.00092083059809593961
26,-0.074971998014776942,-0.18764444809735625,0.035210438901761426,1.6778090910227627e-10
27,-0.010650644647899939,-0.023250365393631105,0.00054057949093735892,0.43268100201044368
28,0.039373408817821462,0.085458325789895734,0.0073031254468119587,0.0038672434145107636
29,-0.042232840391165156,-0.10966890574327019,0.012027268886926281,0.0002059434335619777
30,-0.037827646953831194,-0.083952073863674218,0.0070479507060118114,0.0045440778992750308
31,-0.082190216198429353,-0.18469493273156443,0.034112218176717106,3.2560273374962203e-10
32,-0.06048282539753664,-0.16670906504938865,0.027791912369641295,1.4725881522513508e-08
33,-0.017741133139743549,-0.042336954203718198,0.0017924176912477319,0.1529581892553849
