,Slope,R Value,R Squared,P-Value
0,4.5337570798258868,0.10512734494959371,0.011051758656150865,0.00037506798434154391
1,-8.4310354299738535,-0.17614390133400581,0.031026673977163976,2.0947414011466702e-09
2,-5.1960879534467557,-0.10825564860646913,0.011719285455207323,0.00024879496131171436
3,-9.8193001324581779,-0.24711731815452381,0.061066968931884145,2.4571230249183578e-17
4,-0.45825610464934291,-0.012515032744768038,0.00015662604460261621,0.67280999317873857
5,-10.209261084348311,-0.22814243757697181,0.052048971823562475,6.1414693601902087e-15
6,-5.9894335527968758,-0.1523858515931428,0.023221447765767341,2.3161883068816471e-07
7,-7.141581589802068,-0.18780464098579916,0.035270583175804913,1.6179667543879388e-10
8,0.75734252597336005,0.020992406587223001,0.00044068113432328362,0.47869884296927112
9,-8.1822485132053249,-0.18117703620289294,0.032825118447264379,7.0796519947707007e-10
10,1.7056076736638626,0.04746802994317479,0.0022532138666861387,0.1090331882111768
11,-0.15836492220375911,-0.0029972203313832521,8.9833297148571322e-06,0.91944612183521701
12,2.8438257878052857,0.069321760332913318,0.0048055064556538742,0.019188457250109432
13,-3.4172152684039903,-0.07625035007198859,0.0058141158861008107,0.0099787240055583537
14,-10.703243820091556,-0.26035424714416039,0.067784334006002547,3.9130958958446012e-19
15,-6.9316036421902156,-0.1562235699036125,0.024405803793428899,1.1339130982570443e-07
16,-1.3138203025735156,-0.031971998436287612,0.0010222086840099775,0.28055902315115849
17,-6.2062110103356156,-0.17681128933222032,0.031262232035322128,1.8173407044630303e-09
18,-9.4784068692113834,-0.20643358777187337,0.042614826160367748,1.9033117568128608e-12
19,-7.2638251396264835,-0.14884005478557202,0.022153361908572082,4.4119373820930057e-07
20,-6.1447818503300535,-0.15044650120034214,0.022634149723424549,3.3009539133262733e-07
21,-2.4733030417537938,-0.0641558546622151,0.0041159736874392672,0.03023804663972007
22,-13.019726407174979,-0.32584780464203017,0.10617679179003066,1.2451520057519992e-29
23,-6.0183271121283504,-0.16760379620581989,0.028091032502602004,1.2296345342004047e-08
24,-7.4350320631901132,-0.17828677839071677,0.03178617534894055,1.3249511011797018e-09
25,-2.4585501314166187,-0.065424551848609319,0.0042803719845913692,0.027112006633223558
26,2.7538151142651501,0.020022432033113553,0.00040089778452065172,0.49925782695449572
27,-6.5429841707578698,-0.16866142861361413,0.028446677501985256,9.9236549409102463e-09
28,-8.9116286080756986,-0.1848320316723582,0.034162879932131629,3.1579664621902897e-10
29,-5.4442353041619862,-0.14581689293927405,0.021262566266463709,7.5534070814461517e-07
30,-7.398218996685114,-0.21003520752037472,0.044114788398126874,7.6642963516603921e-13
31,-7.1046474644249873,-0.18202686882741509,0.033133780975112978,5.8766599779294467e-10
32,0.23251914804270152,0.0064033039688000584,4.1002301716850578e-05,0.82894069270797366
33,-6.6554040807637378,-0.17062919226463372,0.029114321252881339,6.6356168222294277e-09
