,Slope,R Value,R Squared,P-Value
0,-0.72261266280125525,-0.09386579747404003,0.0088107879354375005,0.0015025070647855716
1,-1.1704597225730742,-0.16918988854947184,0.028625218387382703,8.91108199870051e-09
2,1.7341670415164567,0.22443312708307775,0.050370228532288924,1.7091506311921537e-14
3,-1.1707310461374159,-0.1759916770253547,0.030973070382196762,2.1635605474139208e-09
4,-1.649986282651601,-0.26554644916506687,0.070514916664175448,7.2214254050572239e-20
5,-0.68642571408184805,-0.087741799032256637,0.0076986232974169113,0.0030142892593416292
6,-0.38149389391946303,-0.063554026250304707,0.0040391142526244195,0.031826008071252847
7,-0.7767837345475338,-0.12016114845960052,0.014438701599130157,4.7176993415519453e-05
8,-1.7236094702277447,-0.2874302396393002,0.082616142659105538,3.8350395119242171e-23
9,-1.3892271118563957,-0.17976239843629041,0.032314519891567625,9.6336620991785437e-10
10,1.2326466063500141,0.20269490202667717,0.041085223307604259,4.8082391488144487e-12
11,-0.32177982414208023,-0.039047615813822011,0.0015247163007438428,0.18749215674543621
12,-1.7255226904208136,-0.25015942826752174,0.062579739551133357,9.6926881583289371e-18
13,0.53756098382883588,0.072480572836347443,0.0052534334386850666,0.014331838905802941
14,-0.93601065506151582,-0.12233007662309349,0.014964647646611925,3.4250731000747827e-05
15,-1.9860374927336759,-0.25237243363085204,0.063691845256758819,4.8879288040707207e-18
16,-1.8850559045383795,-0.24953431593750294,0.062267374830397536,1.1746360317982163e-17
17,1.0127407880530537,0.17367922137623626,0.03016447193785568,3.5230565530731031e-09
18,1.2427943851666268,0.16432008621934571,0.02700109073513321,2.371941162554443e-08
19,-0.37006584491467748,-0.049729725590159597,0.0024730456072725743,0.093151509291288265
20,-1.2571579662820309,-0.18402761310167778,0.033866162383900812,3.7773388693797611e-10
21,-0.53497322117164092,-0.082673699199336884,0.0068349405393024363,0.0052006873813026195
22,-1.8698271820806978,-0.27272288738332628,0.074377773302698472,6.5657082446293289e-21
23,-0.89040453961950827,-0.14500584234195102,0.021026694313298754,8.7095301198680949e-07
24,-1.2190269231774147,-0.18558215870867878,0.034440737630973238,2.6703316497841699e-10
25,-1.3743030367150335,-0.21231127909551331,0.045076079231172947,4.2766684376261973e-13
26,-0.16899357301282678,-0.0072744916320857788,5.291822850528602e-05,0.80610281278211293
27,-0.43505491211737912,-0.070731201871322619,0.0050029029181617923,0.016867558821842894
28,0.25427725677865759,0.034737372110413611,0.0012066850211373413,0.24101615572644605
29,-1.4631550310182131,-0.20923273309763585,0.043778336599506522,9.3996996125574715e-13
30,-1.2282731509164051,-0.19325981244933765,0.037349355107953168,4.6084916631955252e-11
31,-1.7391071212914753,-0.24312104198740447,0.05910784105704129,8.1816952751464646e-17
32,-1.56670504884845,-0.24190317415274476,0.058517145665173159,1.1754110652400542e-16
33,-1.3315747365841177,-0.18376913498138234,0.03377109497180552,4.000407140941504e-10
