,Slope,R Value,R Squared,P-Value
0,-0.45472623898084819,-0.088020271890227833,0.0077475682636296318,0.0029229408693979119
1,-0.6097800776415353,-0.10098411064051574,0.010197790601855924,0.00063523016689262307
2,-1.1242641031076896,-0.22723294245744705,0.051634810137869441,7.9065733659591669e-15
3,-1.2549001831014996,-0.20835490959806552,0.043411768353618055,1.1740021048369142e-12
4,-0.32108986423299751,-0.056841945511135764,0.0032310067694909274,0.054921836818886363
5,-1.4659245933330478,-0.21975870951326387,0.048293890406935096,6.0507871985727377e-14
6,-0.18965972601980444,-0.035454452701907627,0.001257018216391805,0.23143576211798758
7,-1.8306444911077306,-0.33085153828738567,0.10946274038712943,1.5058245523970347e-30
8,-1.4482274300764213,-0.24012466476238686,0.057659854627248673,1.9879929659235792e-16
9,-0.68577491750741804,-0.12207744747778378,0.014902903182691057,3.5562060230672862e-05
10,-1.1220573580601576,-0.20046363628156025,0.040185669471225677,8.2892585037995327e-12
11,0.21337519536750374,0.036904410417920266,0.0013619355082943019,0.21289634893707809
12,0.30378438703536015,0.053623466482874617,0.0028754761576399775,0.070195361455240232
13,-0.61221655321177548,-0.10742460920018106,0.011540046661811625,0.00027775500824005385
14,0.47703610064027452,0.086270103493409661,0.0074425307567636137,0.0035416933947047245
15,-1.3936221435365561,-0.24026462125001843,0.057727088224414809,1.9077520389515138e-16
16,-1.0513528437167887,-0.19963815397261447,0.039855392521593327,1.0123472759080157e-11
17,0.11589634606042755,0.019475565915349685,0.00037929766772313043,0.51105207163887822
18,0.070236213899415825,0.011189093222012827,0.00012519580713089338,0.70576455849843645
19,-0.61517131234549871,-0.10946660711476733,0.011982938073218829,0.00021162097949146218
20,-0.49709825069367281,-0.095424378432172371,0.0091058119991664441,0.0012503242582427691
21,0.065891340940561247,0.011596993361127537,0.00013449025501803617,0.6955643759270711
22,-0.14532284758953126,-0.023619423233916453,0.00055787715390287235,0.42541042903878401
23,0.31032985257183288,0.055140074563860407,0.0030404278229080855,0.062612298104572237
24,-0.15655405021784746,-0.022800295692727752,0.00051985348367581969,0.44164401366160577
25,-0.46912185099642711,-0.080156454662611121,0.0064250572240792322,0.0067491984666088094
26,-1.0770323604098271,-0.20328162684638457,0.041323419813312737,4.162308817883951e-12
27,0.12738707150008083,0.020809181808924052,0.00043302204755685567,0.48254663750140836
28,0.63139769359183484,0.099086917529974769,0.0098182172255920214,0.00080343463598252034
29,-0.61945188072309842,-0.11709422981545702,0.013711058656075062,7.3519121265407057e-05
30,-0.62371202035630902,-0.097832623739372127,0.009571222267729558,0.00093637738696968856
31,-0.97805841917599079,-0.16199173071522965,0.026241320820115478,3.7497357088184381e-08
32,-0.77473473369339307,-0.1521992950063612,0.023164625400433365,2.396951045376875e-07
33,-0.10398783118091996,-0.017666251771169043,0.00031209645164233333,0.5510848373977395
