,Slope,R Value,R Squared,P-Value
0,-0.02009270696462661,-0.0095003462558495618,9.0256578981034785e-05,0.74854024953996723
1,-0.072843214075992854,-0.032185214781684117,0.0010358880505431378,0.27736210956233015
2,-0.22591730980795605,-0.10209850822096329,0.010424105380946109,0.00055233062176074561
3,-0.13776816687804047,-0.062440773824319513,0.0038988502357798251,0.034952014867049311
4,0.031332387300741567,0.014443534061211518,0.00020861567617737727,0.62599307276827365
5,-0.18908211970956484,-0.07647081452564386,0.0058477854742154242,0.0097651248889289843
6,-0.086607917588517339,-0.040502735354183993,0.0016404715711710659,0.17156549616599584
7,-0.35556433374268753,-0.15119162158264535,0.022858906436789832,2.8823812111145816e-07
8,-0.36699774779839828,-0.15035445064546737,0.022606460828900284,3.356561116440946e-07
9,-0.14611022651677458,-0.060509924661660656,0.0036614509825598487,0.04099520521296561
10,-0.1537658957005644,-0.069537833694009898,0.0048355103148557781,0.018815489758022802
11,-0.032254994957551845,-0.013322075932198424,0.0001774777071432605,0.65305009207952658
12,0.033160727268382546,0.013851409108733238,0.0001918615342974981,0.64021940310480607
13,-0.13160363686468649,-0.056993678625841072,0.0032482794033056534,0.054276130569644476
14,0.11911240365240754,0.051155082706985384,0.0026168424867585153,0.084133784767312883
15,-0.14848238382517126,-0.061207068185147463,0.0037463051958212907,0.03871843469431728
16,-0.15444964154850296,-0.076947623808094001,0.0059209368097119545,0.0093170265439266719
17,0.12626266608752382,0.053485200411098638,0.0028606666630153861,0.070922622536885166
18,0.065243339850477214,0.028614313611571993,0.00081877894346139423,0.33419813222290329
19,-0.093052046259296597,-0.040567402195292292,0.0016457141208746058,0.17088192898288382
20,-0.10347743619526011,-0.047252329789070235,0.0022327826704950544,0.11065332316554177
21,-0.090216561013896399,-0.038076502975683754,0.0014498200788572537,0.19871165637835705
22,-0.018075770139820053,-0.0079158816536010271,6.2661182353817337e-05,0.78939276087081345
23,0.21201447007624882,0.088377319841254312,0.0078105506623233631,0.0028095101223671406
24,-0.22572877050936982,-0.08688341067461379,0.0075487270504535934,0.0033124734172122021
25,-0.024986366347769594,-0.011207075172680502,0.0001255985339261117,0.70531376113938726
26,-0.10551622798657954,-0.052700735063146563,0.0027773674761959657,0.075166456849507679
27,-0.055773699175510311,-0.023126781414533254,0.00053484801859560074,0.43513161251974664
28,0.10957956174238996,0.043956148676975525,0.0019321430065123771,0.13784315666348501
29,-0.088488182022143563,-0.038550702231273361,0.0014861566425243048,0.19317334824858676
30,-0.20885625576360162,-0.083087698683259492,0.0069035656724801215,0.0049792272747525759
31,-0.2617644351835211,-0.11495919640043985,0.013215616837034903,9.9493398470425958e-05
32,-0.21540345283277443,-0.091265851028638836,0.0083294555639816959,0.002029342580794664
33,-0.014622810317462475,-0.0058838703611834488,3.4619930427213046e-05,0.8426278223426038
