,Slope,R Value,R Squared,P-Value
0,-0.1153647085329593,-0.0074726078669411057,5.5839868333070105e-05,0.80093148610213671
1,0.98734935968635296,0.069259206749222008,0.0047968377195314795,0.019297629549263357
2,0.46011672472928816,0.033883897177269216,0.0011481184879197528,0.25277812156283258
3,2.5158875706849675,0.15638618676345431,0.024456639410414011,1.0996835421885183e-07
4,0.079686289832124238,0.0052198463210416015,2.7246795615291541e-05,0.86019376295261707
5,-0.48141161152385953,-0.027362387300718761,0.00074870023879453529,0.35578552856140666
6,0.55588420826675056,0.03605244493505369,0.0012997787857950784,0.22365551035482273
7,4.0424619248589737,0.29588573161839299,0.08754836617535168,1.7301741898067921e-24
8,1.1033489947688009,0.080851761118031648,0.0065370072758872541,0.0062846558233555644
9,1.6548718949670089,0.11566101071313274,0.013377469399183406,9.0126047114295115e-05
10,-0.62616932962598659,-0.04917394987585582,0.0024180773463931804,0.096871113714196572
11,1.1408776219103949,0.072912594220945953,0.0053162463960283214,0.013759866892796041
12,2.2524288998046011,0.15391208179422827,0.023688928922233215,1.7471200994573432e-07
13,2.2037674435483541,0.15503742076805938,0.024036601838412289,1.4166604148781346e-07
14,1.1205296705475516,0.083733993438210599,0.0070113816571102956,0.0046504933594876119
15,-0.1468486700837231,-0.010275128139425261,0.00010557825828160883,0.72880986776403867
16,2.5157720880587808,0.15523982936082162,0.024099404619977016,1.3640126938259989e-07
17,0.16121745490337475,0.014478959812184292,0.00020964027724284777,0.62514626004213647
18,0.3177465967037062,0.020467997943807579,0.00041893893982771125,0.4897561445804911
19,1.2245528068892604,0.084352708702440327,0.0071153794654387516,0.0043543064516485203
20,-1.1646586991375383,-0.081329988331520373,0.0066145670020052397,0.0059820438215066251
21,0.85111725454565268,0.064515896210329243,0.0041623008638219756,0.029320943375730924
22,0.89475448869138718,0.055812949075416056,0.0031150852844949858,0.059471548785897978
23,2.9335782417221328,0.22398229217573612,0.050168067208296821,1.9331815850349899e-14
24,1.1821542368871241,0.075039672137149446,0.0056309523944508832,0.011227437292842509
25,1.0460787871027963,0.075567214318130863,0.0057104038798023223,0.010667218407139595
26,-2.633521274256601,-0.056805092010644986,0.0032268184783378426,0.055079630179816076
27,-0.31745576697441524,-0.022178910323471017,0.00049190406313656925,0.4541915027833977
28,0.42765078629664721,0.028357174759495042,0.00080412936034054267,0.3385618015189622
29,-0.62521231458399418,-0.049106134771254271,0.0024114124721725879,0.097332984659674049
30,4.397659759414239,0.33365321667159942,0.11132446899530526,4.5348773927292448e-31
31,-0.044519209195220802,-0.0028414730785502225,8.0739692561256781e-06,0.92361887116451613
32,2.6853145067884379,0.19677739651342716,0.038721343778602535,2.0104796697115873e-11
33,2.7971642207153926,0.20451879358114655,0.041827936927887631,3.0662316707334465e-12
