,Slope,R Value,R Squared,P-Value
0,4.8053528654747417,0.087054852701732535,0.0075785473789203488,0.003250856868187733
1,-18.656768645046711,-0.29606797429683956,0.087656245404234057,1.6165304282423217e-24
2,-12.126941484752626,-0.19936084927571546,0.039744748223934534,1.0824530710864312e-11
3,-12.848685393546505,-0.25639467132465038,0.065738227483675499,1.3844550732827405e-18
4,-4.9990531499337294,-0.10717919347170865,0.011487379513245953,0.00028689281392099117
5,-21.592193653511661,-0.37542078856491673,0.14094076848670392,1.6708419580516652e-39
6,-10.877513780353414,-0.21628771337788605,0.046780374958234588,1.51884360561644e-13
7,-8.3156361303334698,-0.17382321293387654,0.030214509354655784,3.4183546047652214e-09
8,-2.9134875548054096,-0.061735292141474815,0.0038112462957932422,0.037065606695434614
9,-13.661878729528725,-0.23355281217994472,0.054546916077160536,1.3359917357856821e-15
10,-2.3073470922399206,-0.050400396927977015,0.0025402000104976347,0.088816318271523004
11,-4.6788932514295132,-0.066875596197618917,0.0044723453667869818,0.023881930210108645
12,4.1976664368183902,0.080465465871979447,0.0064746911979946895,0.0065390671374583103
13,-11.769648751260059,-0.19466404981411981,0.037894092290034119,3.3155057948171127e-11
14,-17.157695954254464,-0.33543731524806492,0.11251819246082968,2.0981254894595523e-31
15,-12.315328942271627,-0.21536000029669436,0.046379929727792195,1.9372978359056235e-13
16,-2.3542632102219385,-0.044851694481267357,0.0020116744978409488,0.12999212563364623
17,-14.467410531722562,-0.32345228810922949,0.104621382683096,3.3759831685506743e-29
18,-17.563839405205133,-0.29778880964797433,0.088678175151557487,8.490256247685072e-25
19,-12.749423792489042,-0.19439644536488218,0.037789977970501626,3.5309019826945507e-11
20,-11.945354222444783,-0.21893517850792435,0.0479326123882967,7.5380534494174892e-14
21,-11.930166163723666,-0.24002107357206012,0.057610115758684299,2.0495156892064123e-16
22,-19.394512588635944,-0.38284419952762666,0.14656968111194921,3.8778098598352686e-41
23,-9.8317662252119948,-0.21106040612150442,0.04454649503217438,5.8980308355222977e-13
24,-14.655188342668254,-0.25770805363957527,0.066413440910698202,9.1263879817994038e-19
25,-7.7650377105005246,-0.1549544190978516,0.024010871997952637,1.4388124880825024e-07
26,-7.1420036040450663,-0.039344884155169665,0.001548019909183721,0.18415292455385712
27,-9.8449472027061447,-0.20417473746192852,0.041687323417647436,3.3388872572918335e-12
28,-16.590345480836042,-0.24898781248751953,0.061994930767320183,1.3889225565831448e-17
29,-11.757969129258255,-0.25303744657988714,0.064027949371669238,3.9738540940085266e-18
30,-11.770885823269269,-0.25627750936310778,0.065678161805357793,1.4367237826918783e-18
31,-9.0965495001402221,-0.18745949236103959,0.035141061276258663,1.7495907876117264e-10
32,0.24532576088842675,0.0052542729672857454,2.7607384414749753e-05,0.85928126978076869
33,-5.7039031751584099,-0.11823619191306681,0.013979797078103564,6.2402458417910541e-05
