,Slope,R Value,R Squared,P-Value
0,-3.7713508509261167,-0.21433333085502373,0.045938776715409066,2.5327371406831426e-13
1,-6.7182694235315079,-0.27687269990532964,0.076658491952866725,1.587437731924012e-21
2,-0.85633036289737374,-0.042935446523689504,0.0018434525681886012,0.14723095339686346
3,-6.8959569246315091,-0.36242921433199338,0.13135493540130599,9.6072703349840891e-37
4,-3.0901690653632214,-0.16408952020314546,0.026925370640498481,2.4827103927712767e-08
5,-5.2019885814532012,-0.2318387367329241,0.053749199849918092,2.1752098787586478e-15
6,-3.1274244476796258,-0.15667679676170956,0.024547618643510044,1.0409835885590428e-07
7,-7.7447560970808986,-0.39904108558113105,0.15923378798176754,7.46677864952701e-45
8,-7.0686348161141614,-0.3105404702829539,0.096435383683558168,6.2624154723055454e-27
9,-3.6657989989434001,-0.16838292915004574,0.028352810829149325,1.050135310034055e-08
10,-5.2766818536430975,-0.26997096507740848,0.072884321984827305,1.6608192725209097e-20
11,-8.0756516841850186,-0.3378696013304921,0.11415586750322566,7.2764296384229379e-32
12,-7.3651229836599184,-0.34902667937666626,0.12181962291670219,4.9998359923074095e-34
13,-6.4449169366114916,-0.29159961341884733,0.0850303345460212,8.4315161071811432e-24
14,-2.082334532912272,-0.11102022789871137,0.012325491002681811,0.00017153094632481035
15,-4.4481633148945825,-0.20387748486441892,0.041566028834641368,3.5934624115209155e-12
16,-3.0238920179815763,-0.1782682682555039,0.031779575466816298,1.33023592265765e-09
17,-2.395886580368634,-0.11247410184955771,0.012650423586864681,0.00014057757265313256
18,-5.7765732564733145,-0.27079346192789716,0.073329099022895486,1.2599337867293437e-20
19,-6.4034029235927097,-0.26945213870402324,0.072604455052172182,1.976008314866413e-20
20,-7.6792509838256757,-0.36643897383039387,0.13427752154187209,1.3942067584215023e-37
21,-4.035345936917154,-0.18468893711029916,0.034110003490932038,3.2603828287397409e-10
22,-3.5848933417242907,-0.17879465700862351,0.031967529374831327,1.1876636664678034e-09
23,-3.7961001727532091,-0.17878888960737699,0.031965467047038836,1.1891419991745121e-09
24,-5.6452481345163648,-0.21376379249572652,0.045694958982156024,2.9370019944317009e-13
25,-2.0831341141099626,-0.097017137952213159,0.0094123250564387591,0.0010334335644767315
26,-1.9019678738989771,-0.10112396403915987,0.010226056102993299,0.00062422653538761409
27,-1.4409298945967248,-0.064226365302945551,0.0041250260000274082,0.030056527019344137
28,-5.9747332215534046,-0.22439519725764265,0.050353204552296353,1.7269717197359618e-14
29,-4.1194821046760666,-0.21524158097142926,0.046328938179080341,1.9982588939609342e-13
30,-4.7859719747273832,-0.21861300806218165,0.047791647293995494,8.2128661396053191e-14
31,-4.5969854328969513,-0.25489235393667498,0.064970112095379187,2.2234589641046426e-18
32,-5.6355053779508841,-0.29175012549958551,0.085118135729023894,7.9790428878125498e-24
33,-6.2702550022387165,-0.30925916549640414,0.095641231443532287,1.0370317039573596e-26
