,Slope,R Value,R Squared,P-Value
0,-0.61184658566809003,-0.15241363655943391,0.02322991660927121,2.3043867860764766e-07
1,-0.5745119360801243,-0.12805497277436534,0.016398076052243447,1.4335289958715784e-05
2,0.23540920711041377,0.052309765408479154,0.0027363115570901222,0.077357606856784666
3,-0.97090777159152208,-0.24855619003904084,0.06178017960672378,1.5850027745729188e-17
4,0.17540834157001337,0.049542798599886903,0.0024544888931089556,0.094389553623911313
5,0.18468953095945601,0.042237311807540596,0.0017839905087274083,0.1539279289918794
6,-0.89636112710073912,-0.20246220249003385,0.040990943437115471,5.0907494013185178e-12
7,-0.37049203068174913,-0.096950379985001334,0.0093993761792361477,0.0010417770913965984
8,0.52057731489755543,0.12598598117346033,0.015872467452239501,1.9723927216318225e-05
9,-0.15125861598619855,-0.03903106156434779,0.0015234237668399074,0.18767941529554241
10,-0.88562662095035249,-0.22019475079773049,0.04848572827887463,5.3841815000343333e-14
11,-1.0305630680953723,-0.227252270922702,0.051643594639525149,7.8643267186719743e-15
12,-0.4450661827577046,-0.10823184506127494,0.011714132285367823,0.00024958355692589846
13,-0.95162191193463019,-0.22998459712063582,0.052892914912741167,3.6694082900925461e-15
14,-0.26163819284899786,-0.086420097857093967,0.0074684333136296969,0.0034843400686299496
15,0.25270986084637004,0.067599317496671932,0.0045696677260158563,0.022399397610051906
16,-0.32311687692586188,-0.089212385573687839,0.0079588497397483464,0.0025597246075913104
17,-0.30263323444212292,-0.076920556053703446,0.0059167719436109337,0.0093419652067402437
18,-0.18936620916291103,-0.047934148789762161,0.0022976826201990572,0.10559615548676504
19,-0.7852567274641058,-0.1763169836134664,0.031087678710551379,2.0190786386608638e-09
20,-0.72527541892231817,-0.16984545276935945,0.02884747782642871,7.7936846123271109e-09
21,-0.83648514777590866,-0.20392628885894362,0.041585931287781312,3.5503987422541991e-12
22,-0.64526985115087776,-0.18462723938433268,0.03408721752267968,3.3055341797335083e-10
23,-0.60707482975579485,-0.1495547018815658,0.022366608854884021,3.8792232443597215e-07
24,-0.070223069189483345,-0.014265830719248354,0.00020351392611025001,0.63024829007942373
25,-0.32089663117554679,-0.088376862439044579,0.0078104698145698087,0.0028096528301338433
26,0.27080955355244679,0.06329526867567184,0.004006291036725485,0.032530400851469972
27,-1.0920221032002677,-0.24703430823275932,0.061025949444037941,2.519845210143473e-17
28,-0.65901692022952907,-0.13767446983059972,0.018954259643136712,3.0472498065952688e-06
29,-0.33557367357564066,-0.088043264741568913,0.0077516164663539921,0.0029155123777589304
30,-0.23128620945012138,-0.056928410565670585,0.0032408439295335545,0.054553101882374937
31,-0.84598554891806566,-0.24679260663648622,0.060906590690431424,2.7115976226635556e-17
32,-0.95597511115497225,-0.23920098874638876,0.05721711301725,2.6074590279390852e-16
33,-0.51602883783524867,-0.15943208547432314,0.025418589878691878,6.1573418107290049e-08
