,Slope,R Value,R Squared,P-Value
0,-3.5940980571636203,-0.49009845386469658,0.24019649448056613,5.5142959090290755e-70
1,-2.7720938363404395,-0.44077851928102785,0.19428570305957543,1.9857172785213634e-55
2,-1.8213640735227741,-0.26193964443701995,0.068612377327792434,2.3450823752152275e-19
3,-3.4215571800722859,-0.50716556577565619,0.25721691110854145,1.3281712738882915e-75
4,-3.6442942038201904,-0.53750343256224264,0.2889099400161933,2.0574721957148358e-86
5,-3.8842232393143727,-0.48251985493627436,0.23282541040772325,1.3679644678174037e-67
6,-3.2473211861021629,-0.47288015914060239,0.22361564490884145,1.248083690355527e-64
7,-3.6729707974099548,-0.56718917672871394,0.32170356219819629,4.0971512332830667e-98
8,-4.0648354918437075,-0.62111991997523452,0.38578995499004176,1.0623961467963648e-122
9,-3.4968987415664365,-0.4773447568145936,0.2278580168583835,5.4576633336035245e-66
10,-1.7687629861518228,-0.29945513302920079,0.089673376697536347,4.5321052354206522e-25
11,-3.2623731998651078,-0.42819886559356085,0.1833542684956124,4.3999565737500808e-52
12,-3.920485230502301,-0.54393277197772305,0.29586286043136967,7.5499015346423453e-89
13,-2.276602694358683,-0.33666699850295173,0.1133446678809865,1.2297869606269733e-31
14,-2.9293719021050277,-0.43141530153356883,0.18611916239730011,6.3303455796263658e-53
15,-3.9685740187814678,-0.53645205724284806,0.28778080972008391,5.0886291019393271e-86
16,-4.0541586388883895,-0.53966906098830103,0.29124269538799458,3.154187175662644e-87
17,-1.8478559132627412,-0.35562270588666112,0.12646750894215067,2.3901734307058368e-35
18,-1.4053655814103683,-0.20774008993031651,0.043155944964255989,1.3710090522543974e-12
19,-2.9831892347417419,-0.4282790563802798,0.18342295013398288,4.1933963815304527e-52
20,-3.7544648160050316,-0.52052595517249323,0.27094727000823643,3.1429604318504898e-80
21,-3.1467277069292412,-0.4764441483460452,0.22699902649318832,1.0299532530693091e-65
22,-3.9905798228233627,-0.56439987776752665,0.31854722202399904,5.7923445780222606e-97
23,-3.0559537065861289,-0.46918569020027451,0.22013521188870797,1.6065641309159744e-63
24,-4.1055725476391682,-0.58661314686436261,0.34411498407411023,1.9403901293879993e-106
25,-2.896075105791212,-0.44145596687412464,0.19488337068876824,1.2993369763488514e-55
26,-2.7327260226302852,-0.12974550373894417,0.016833895740472376,1.1004841788041457e-05
27,-3.8047110517803899,-0.56858821407915094,0.32329255718971839,1.0748174895809866e-98
28,-2.6519529077307147,-0.38307868529762157,0.14674927912935418,3.437710669010812e-41
29,-3.6013916038822256,-0.51954241891734176,0.26992432505448266,6.9975379619732491e-80
30,-3.7161830623843337,-0.59336551109997737,0.35208262976293736,1.8196521239323039e-109
31,-3.8038909874811808,-0.55137270510053515,0.30401185992988172,9.840517144209868e-92
32,-4.1620187087791027,-0.57941201529965147,0.33571828347360355,2.75093214814774e-103
33,-3.2030385388395155,-0.45266992188751948,0.20491005818165298,1.0078512762077992e-58
