,Slope,R Value,R Squared,P-Value
001,0.011374834476587836,0.47436954708390766,0.22502646720059169,4.4160882273585439e-65
002,0.014399385815769217,0.51415888934015219,0.26435936348749889,5.340174035770205e-78
009,0.011797806441800377,0.51254148043163805,0.26269876916305523,1.9346221276630967e-77
010,0.012326405719680817,0.50618428576873464,0.25622253115920401,2.850854819250065e-75
011,0.011398041508410254,0.42303366620536431,0.1789574827431516,9.4779637999158029e-51
012,0.012661228516630717,0.45602207682576201,0.20795613455248119,1.124212228818471e-59
013,0.010666217340475025,0.43152037267242699,0.18620983203135028,5.9397402837555811e-53
014,0.011780879538211511,0.44974038182162085,0.2022664110410573,6.7172948801853531e-58
015,0.014936576563275775,0.51872309897937985,0.26907365341477152,1.3603291686955914e-79
016,0.012723974645783223,0.46894482290589046,0.21990924693023697,1.8957136939346189e-63
017,0.010815932239849406,0.43024345092610228,0.18510942706480138,1.2860462907455545e-52
018,0.011164670789098991,0.4211051354245427,0.17732953508092245,2.9416935770870631e-50
019,0.017527323698601709,0.64680412275749244,0.41835557321608935,3.4258572014626938e-136
020,0.01333639387025185,0.44853986264812518,0.20118800838439899,1.4536818871264464e-57
021,0.012650008973595453,0.41200732744644292,0.16975003786956044,5.5755035882180486e-48
022,0.016238136138522943,0.57172268217993893,0.32686682531902345,5.2376162222946956e-100
023,0.012821477477537922,0.52713043372549939,0.2778664941596331,1.3593933577493875e-82
024,0.016336032636331578,0.57322438594306024,0.32858619663979849,1.2174191305953112e-100
025,0.016059865099042583,0.5397264925960148,0.29130468680999599,3.0005979461888948e-87
026,0.013750193346829321,0.50760704840842508,0.25766491559391319,9.4114800862493399e-76
027,0.010502904524003698,0.39510581954882035,0.15610860864134499,6.2377738558409648e-44
028,0.013484598524649507,0.50717755357660277,0.25722907085194779,1.3158152698829778e-75
029,0.0095714522555711348,0.34486485339289924,0.11893176710570588,3.2816569326880529e-33
030,0.013449564550612293,0.45803871795671902,0.2097994671474348,2.969350115271376e-60
031,0.015623291985288813,0.5479418698057873,0.30024029268626234,2.1497227370792878e-90
032,0.014309378736009399,0.492892888936661,0.24294339996432762,6.9702365724771182e-71
033,0.011678625467952272,0.50140577145444853,0.25140774764783069,1.1349632135922801e-73
034,0.012891827843281196,0.46457605678180453,0.21583091253493047,3.7281073372334063e-62
035,0.013036683484243864,0.45666001153809294,0.20853836613797117,7.3852722940002909e-60
101,0.016465586633527193,0.59189603508019362,0.35034091634365377,8.4146369013466459e-109
102,0.014920746184148122,0.56035427676925054,0.31399691549358982,2.5821919977945849e-95
103,0.013952217785934501,0.49225065823221831,0.24231071053005218,1.1231126218961159e-70
104,0.012135714483019169,0.49342195119342647,0.24346522191952813,4.701610919151622e-71
105,0.017614984422004886,0.55762812431629083,0.31094912502850469,3.2397210708274955e-94
