,Slope,R Value,R Squared,P-Value
0,-0.030603479903068012,-0.11999367516622331,0.014398482079897116,4.8347168080837988e-05
1,-0.0026986283097734545,-0.010214782232180154,0.00010434177605086336,0.73034038761841125
2,-0.015191942723006334,-0.059166684786356227,0.0035006965886080375,0.045702218768929499
3,0.038011005897913876,0.15621672203853887,0.024403664244466116,1.1353768833682084e-07
4,-0.01111096606760268,-0.052192609745181154,0.0027240685120127786,0.078024222273941193
5,-0.037445791650435531,-0.13940686043716133,0.019434272736946177,2.2795191825520837e-06
6,-0.0076785338364528492,-0.03527812153324858,0.0012445458589146572,0.23376616489059185
7,0.047029007668957727,0.20932445764811586,0.043816728569677853,9.18332943994314e-13
8,-0.0089768434434403799,-0.045685978114672371,0.0020872085962943226,0.12299429409251177
9,0.022983651758800627,0.10196931664695889,0.010397741537447769,0.00056139738238682017
10,-0.016881210050420706,-0.078006965118508242,0.0060850866070001619,0.0083864338875932736
11,0.013564782308031782,0.053844344610614783,0.0028992134465466411,0.069046259890000225
12,0.033871073994443363,0.15789051096467616,0.024929413452686521,8.2693643647778056e-08
13,0.0017062310318226638,0.0065105312302972344,4.2387016900675621e-05,0.82612154505679902
14,-0.0044151849880546502,-0.020296395189573727,0.00041194365769135153,0.4934040206343836
15,-0.014469059344094376,-0.058284277911432904,0.0033970570516571453,0.049035590032555698
16,0.019338374314198575,0.074701950157513991,0.005580381357335705,0.011599634378487777
17,-0.0061286647516929065,-0.028432532014058369,0.00080840887673045401,0.33727921473005018
18,0.0062786263018049576,0.022786153836922146,0.00051920880667988181,0.44192735458659849
19,-0.0036490454801110456,-0.014277797060755744,0.00020385548890812538,0.62996136146998793
20,-0.043886347763903759,-0.19385327290523302,0.037579091416070749,4.0109850072215157e-11
21,-0.0083126286722904393,-0.041309860607480264,0.0017065045834094496,0.16317909536853228
22,-0.017947747572955988,-0.071316770894450682,0.0050860818108115682,0.01597811068906237
23,0.03169198951712944,0.15752517621422307,0.024814181141322032,8.8643014293059271e-08
24,-0.017080008329865504,-0.075621488055921907,0.0057186094557919393,0.010611015477283516
25,0.0050610872362221978,0.025467770551453998,0.00064860733686150748,0.39008433057687286
26,-0.0087030906044191451,-0.034307309656288393,0.0011769914958524588,0.24689395596920338
27,-0.03527853690152493,-0.18289561382062197,0.033450805554822084,4.8534399699754214e-10
28,-0.021764194288736143,-0.080352647005359129,0.0064565478807678493,0.0066150944297887143
29,0.0023358788839349495,0.011734594566563337,0.00013770070964161781,0.69213570421223647
30,0.050837674628768301,0.2358180818276682,0.055610167716880814,6.9732108978268969e-16
31,-0.01441302777396769,-0.057667520104797351,0.0033255428750372067,0.051484519192923739
32,0.0036619146948133449,0.020137749995183578,0.00040552897486851621,0.49678933214349985
33,0.040587451035875938,0.18146841446206188,0.032930785447374669,6.6423845403797883e-10
