,Slope,R Value,R Squared,P-Value
0,-0.0081398598215982887,-0.051724700407589141,0.0026754446322548521,0.080733350814781529
1,-0.012897701278697802,-0.078943855713623542,0.0062321323549334121,0.0076335647244640103
2,-0.0071089988259426702,-0.044018498272054729,0.0019376281901268852,0.13728499307779563
3,-0.0077418172363719392,-0.049319152345590915,0.0024323787880876058,0.095888064416870561
4,0.011570357234476331,0.073146352708184689,0.0053503889145101579,0.013458856009013493
5,-0.0096238038544590575,-0.054274453471284255,0.0029457162996065996,0.066852935724573279
6,0.0013080663837936948,0.0084881084965718195,7.2047985849574715e-05,0.77456557776959434
7,-0.012180231475100884,-0.071777706607946731,0.0051520391658964795,0.015307210803559153
8,-0.004682223925365863,-0.02649967104893701,0.00070223256570187034,0.37116133124754325
9,-0.0014137382069854148,-0.0083770946522895642,7.0175714813418416e-05,0.77743587177851059
10,-0.0051762139506192411,-0.032476041468586819,0.0010546932694693706,0.27304162043433283
11,-0.0072156422806053458,-0.042855579494172721,0.0018366006937813575,0.14798562884852248
12,-0.0048810059904406573,-0.027185533301691611,0.00073905322089738354,0.35890437847514911
13,-0.018785719960763954,-0.11233752857621986,0.012619720326613012,0.00014324473411159091
14,0.00068767065157156659,0.0041551700235853174,1.7265437924902008e-05,0.88849962569802032
15,-0.01076900716575251,-0.064823912420174171,0.0042021396214584113,0.028555429631026918
16,0.0006412545583858874,0.0044487137144050993,1.9791053712736015e-05,0.88067959723819589
17,-0.021708622906585883,-0.12357817827472221,0.015271566145699026,2.8417899327896837e-05
18,-0.024940935728014531,-0.15217352068586051,0.023156780397930017,2.408320492336067e-07
19,-0.019307722222965958,-0.11929886321483904,0.014232218764352876,5.3501937564686554e-05
20,-0.0044739181455090947,-0.028381988656445679,0.00080553728009461118,0.33813912205883445
21,-0.012585086642068513,-0.074033659556196965,0.0054809827472828742,0.012368504749520011
22,-0.0031536465874130565,-0.020104223866497253,0.00040417981727423777,0.49750632152984831
23,-0.012975483108945239,-0.07292926056252208,0.0053186770461962386,0.013738210718959504
24,-0.0040333526554979073,-0.021966096416373076,0.00048250939177339806,0.45853450528457584
25,-0.0088903025995241622,-0.055364933317136697,0.0030652758412109929,0.061547833872753803
26,-0.013671955083843158,-0.091236078815456853,0.0083240220776202543,0.002036252435948105
27,-0.025882205169150411,-0.14464136149449522,0.020921123454981243,9.2828473083504717e-07
28,0.0011154499237621541,0.006233391314959813,3.8855167285416429e-05,0.8334124176274067
29,-0.011592989575894575,-0.069618557849687415,0.0048467435970702731,0.018677784133987706
30,-0.0059496226890999463,-0.033778751429418157,0.0011410040481304191,0.25425433498972982
31,-0.0034802233344750884,-0.021012265553779715,0.00044151530370255759,0.47828280432689008
32,-0.0014430994564991401,-0.0087367451594745991,7.6330715981602832e-05,0.76814821404269717
33,0.0036667982228039998,0.020907999420290875,0.00043714443975888359,0.48046934532408536
