,Slope,R Value,R Squared,P-Value
0,-0.13265307964919892,-0.020988666624203772,0.00044052412666196534,0.47877721601550149
1,0.076255783871487445,0.014271412261754183,0.00020367320794494766,0.63011444907145031
2,-0.3810845769765811,-0.062749988245394642,0.0039375610247971661,0.034058528338896062
3,0.21444496690386805,0.036387134767151282,0.0013240235765628295,0.21938341607838091
4,-0.0085236594759178358,-0.0014539110848316706,2.113857442596405e-06,0.96087354442367168
5,-0.42916638816050628,-0.065807276036694284,0.0043305975793696775,0.026225443442013729
6,-0.02882810731605864,-0.0046773256361125311,2.1877375106235492e-05,0.87459735512511982
7,0.46368482218694135,0.079851182900061851,0.0063762114105391302,0.0069627183990481406
8,-0.04209242359071938,-0.007621376196307322,5.8085375125639865e-05,0.79705396867330969
9,0.12271242798097812,0.019952775065183167,0.00039811323280179511,0.5007520492973303
10,-0.11362270015504707,-0.022586503074223441,0.00051015012112190495,0.44593855599090804
11,-0.020960622860425094,-0.0031989559480824228,1.0233319157771912e-05,0.91404456945711443
12,0.13952185939965833,0.022560273008955859,0.00050896591823862229,0.44646708143068781
13,0.19395745300057793,0.033677304819345888,0.0011341608598951377,0.2556842819701724
14,0.13931310752270626,0.024722543680314252,0.00061120416602504621,0.40410780665268176
15,-0.24363033145413196,-0.04075964972298865,0.0016613490455407286,0.16886178929244056
16,0.22490380742529495,0.036411781399562214,0.0013258178246895048,0.21907114686531109
17,0.043227811126023218,0.0097864882044384812,9.5775351375613525e-05,0.7412334818230677
18,-0.077930319203313031,-0.013820197856841991,0.00019099786880225997,0.64097301891674918
19,0.21569087608699955,0.036401474545168053,0.0013250673490625177,0.21920169439633833
20,-0.145477843963978,-0.024166254938147582,0.00058400787773554245,0.41476966842111862
21,0.23986987775144603,0.043602036854004364,0.0019011376178179548,0.14104641632104067
22,0.29287038155335798,0.049223629299366176,0.0024229656814014201,0.096533872326873771
23,0.4731027443609972,0.084742838436746806,0.007181348666316572,0.0041764359335683945
24,-0.0092265998685875077,-0.0015478620239074237,2.3958768450547856e-06,0.95834743959072566
25,0.13528548591652292,0.02565408724233461,0.00065813219223731533,0.38662499296632247
26,-0.41865536403127296,-0.023896546199836284,0.0005710449202809099,0.41999814549264503
27,-0.23282715251906744,-0.041290173287078159,0.0017048784100769428,0.16337991425813919
28,-0.032624440987728341,-0.0055295973846601742,3.0576447236440637e-05,0.85199052819245868
29,-0.091949331955914884,-0.016644697564037678,0.0002770459569982818,0.57434854124942003
30,0.47161955739659583,0.090751780063743931,0.0082358855847381503,0.0021517238712534647
31,-0.03114657596798721,-0.0052712236620071941,2.7785798894904534e-05,0.85883205314559263
32,0.34890537559824414,0.055142156507803027,0.0030406574243310438,0.062602373048249602
33,0.39946433284180261,0.069177301997462359,0.0047854991116481095,0.019441394017963763
