,Slope,R Value,R Squared,P-Value
0,0.10045327243690233,0.14801354682198853,0.021908010042824992,5.1160496372295025e-07
1,-0.09219268069194976,-0.1143291776428681,0.01307116086049449,0.00010867739938884979
2,-0.06435255628161099,-0.078792865836595311,0.0062083157067437085,0.0077506524770764793
3,-0.14021843766554615,-0.23005396955349675,0.052924828907321204,3.5986103410104545e-15
4,0.048495687958007051,0.087039739814893921,0.0075759163070444301,0.0032562462505973467
5,-0.12419684074540305,-0.17667049945259072,0.031212465376827859,1.8727112565844944e-09
6,-0.11611479160791627,-0.18293363959872685,0.033464716496836883,4.8128674161484831e-10
7,-0.074123969237082712,-0.11832953886431384,0.014001879767841161,6.156775874926756e-05
8,0.067608256517343646,0.11925901449396326,0.014222712538071338,5.3812810779308396e-05
9,-0.077809624524075069,-0.11537591924630798,0.01331160274193058,9.3826214284646416e-05
10,0.04484272868966311,0.075606386561147099,0.0057163256888336043,0.010626627293923758
11,0.003580162677941348,0.0045520012917712261,2.0720715760286911e-05,0.87793072864664368
12,0.079548141260755253,0.12659346131377869,0.016025904447403181,1.7969000546848652e-05
13,-0.036660014063095332,-0.048661934961774095,0.002367983914223932,0.1004019371313052
14,-0.11666880379747795,-0.19672707444142418,0.03870154181828165,2.0347032015912294e-11
15,-0.088360402086966647,-0.12195689846566377,0.014873485083364221,3.6204446658242322e-05
16,-0.018434711820457743,-0.028240411510498969,0.00079752084228232269,0.34055528908213584
17,-0.090041693031926787,-0.14870421943206422,0.022112944876899503,4.52086856219354e-07
18,-0.07573754675182813,-0.10389814902618909,0.010794825371068196,0.00043939968578630447
19,-0.13128301080197682,-0.16324216916336548,0.026648005793160831,2.9345096519941688e-08
20,-0.048853880783695076,-0.071658475260925031,0.0051349370767206047,0.015478335808598783
21,-0.028102557342862891,-0.046823117003300323,0.0021924042859047519,0.11393359453427902
22,-0.21146148762774639,-0.32690807546698142,0.10686888980552561,7.9845164213729944e-30
23,-0.072508185365559877,-0.1239308453057468,0.015358854418196944,2.6948981513101623e-05
24,-0.083984938692717989,-0.13183574987956814,0.01738066494630805,7.9001394938638957e-06
25,-0.016940052427882282,-0.030984289102058752,0.00096002617115995676,0.29569372525251181
26,0.032407819220548702,0.047496142761464341,0.0022558835772174017,0.10882341856929827
27,-0.077000323860526868,-0.13538713871984281,0.018329677330745961,4.4466430289214665e-06
28,-0.11287333423161441,-0.13782504994871836,0.018995744393366709,2.9717392469638177e-06
29,-0.05252435512644734,-0.090772146096852885,0.0082395825070284041,0.0021467496781985679
30,-0.086568438651740215,-0.15248279420394301,0.023251002528242033,2.2752638282211078e-07
31,-0.10609554158832346,-0.17668148195046748,0.031216346064213366,1.8683336218971936e-09
32,0.017676020951383518,0.032936823880606002,0.0010848343673420578,0.26629083458676811
33,-0.080095494134945544,-0.12858593005529959,0.016534341408186399,1.3197665617229476e-05
