,Slope,R Value,R Squared,P-Value
0,-1.7740409864732163,-0.12904648336910415,0.016652994869932474,1.2281042052967438e-05
1,-3.0339239764415158,-0.16461109504084898,0.027096812610547413,2.2389567152245161e-08
2,-0.16832590302765091,-0.010695745818004873,0.00011439897860336873,0.71817224540879732
3,-4.3395969827102867,-0.28764074435950671,0.082737197815691083,3.554832785863764e-23
4,-1.5382189038531136,-0.10404416987225709,0.010825189284407091,0.00043125179296024636
5,-1.0254108861008966,-0.058736051377157157,0.0034499237313800452,0.047304361029060847
6,-1.3302556569164761,-0.085272630358017687,0.0072714214881751194,0.0039454288507530062
7,-4.0373289095598812,-0.26169993940524605,0.068486858284709448,2.5344022018433493e-19
8,-2.4928466875158102,-0.14326093321101199,0.02052369498449004,1.1801209831418273e-06
9,-0.81649116135579547,-0.04857767329730258,0.0023597903429794643,0.10099269723035607
10,-1.9028755914208784,-0.12404166408880732,0.01538633442992051,2.6502491979150989e-05
11,-3.9194321269152899,-0.21713500194165442,0.047147609068202263,1.2149805289006384e-13
12,-3.7307323064769733,-0.22482142668758218,0.050544673897839884,1.5367929498691395e-14
13,-3.134127715659178,-0.19130818923385676,0.036598823267937147,7.253287357877656e-11
14,0.33744552532090344,0.022384743831108042,0.00050107675638432956,0.45001307626392384
15,-0.26810854710546683,-0.01583773281654868,0.00025083378076838295,0.59304750635059311
16,-1.4456024336120028,-0.10885956957760314,0.011850405888621018,0.00022955129401541752
17,-0.12541157693056082,-0.0075021879261442182,5.6282823679184084e-05,0.80016011397367559
18,-2.0675843534414766,-0.12450512344601637,0.015501525764307775,2.471021452182712e-05
19,-1.2521405047309628,-0.070807709800461166,0.0050137317671863245,0.016748935103143354
20,-3.9743490283949945,-0.25334241516582068,0.06418237932205105,3.6131898204408648e-18
21,-1.6818072709324605,-0.099241293977696071,0.0098488344303674941,0.00078834023438877001
22,-1.6512533945378833,-0.10441472768780051,0.010902435358117534,0.00041120284649055939
23,-1.744106847750684,-0.10656357609544524,0.011355795750249748,0.0003110674431587863
24,-1.5546066017189499,-0.08027333800271276,0.006443808794097769,0.0066690139703676141
25,0.049074814556715779,0.0030478331316282376,9.2892867982507894e-06,0.91809058494889784
26,-0.44506005222660244,-0.031230818474032238,0.00097536402255795328,0.29186598001590458
27,-0.11772882473040337,-0.0065223573972120171,4.2541146016966318e-05,0.8258107556853429
28,-2.4269746624483837,-0.12596728820305605,0.015867757697231786,1.9780432174307484e-05
29,-1.77907199868126,-0.11568992745316199,0.013384159314117884,8.9758528733107498e-05
30,-1.8108712270421783,-0.10785914839827307,0.011633595893200692,0.00026224012578338903
31,-2.0381253744371519,-0.14050015150649758,0.019740292573348774,1.8945363930967752e-06
32,-2.7425279590415368,-0.18255980595234889,0.033328082749359278,5.2265124226444673e-10
33,-3.4856708793581106,-0.21262991797642317,0.045211482018660445,3.9391718130432749e-13
