,Slope,R Value,R Squared,P-Value
0,2.3568960119054565,0.057370610999705106,0.0032913870064794847,0.052699412783214487
1,-7.6529522607560763,-0.17587749223016919,0.030932892273173224,2.2166211960676881e-09
2,-7.1620454668596292,-0.16581338359763717,0.027494078180097171,1.7621750821333084e-08
3,-7.9569912334611308,-0.19745243314098415,0.038987463353294817,1.7115630726754216e-11
4,-4.1198583677871836,-0.10311305737914707,0.010632302602075277,0.00048572284379350236
5,-11.994373127995814,-0.26048776997814604,0.067853878308187524,3.7484474676038032e-19
6,-3.3014621606948933,-0.073423585380129996,0.0053910228900732396,0.013109408208604647
7,-9.6887252512731372,-0.25434609289155263,0.064691934969198325,2.6394204651238215e-18
8,-6.564758185920323,-0.16673528544806895,0.027800655413449036,1.4648478443721558e-08
9,-10.298897881159581,-0.24057180861434654,0.057874795099977783,1.7426459554502603e-16
10,1.9103632060172371,0.054738877856282453,0.0029963447489650095,0.064549283330370841
11,-0.41106188381333225,-0.0084147854302641222,7.0808613837385344e-05,0.77646102382002025
12,-1.3918365669642503,-0.032468635627220896,0.0010542122994932381,0.27315106722811899
13,-3.0067838303735606,-0.073585311810139789,0.0054147981141954987,0.012909276394826056
14,-10.258684468172342,-0.28119623272539562,0.079071321298954861,3.5233315958112094e-22
15,-10.334972028729224,-0.24777877392286227,0.06139432080671689,2.0093342025538921e-17
16,-2.0292015249276099,-0.04965691475644967,0.0024658091831293088,0.093632189594174187
17,-6.5826303268023487,-0.21045281346658498,0.044290386696001216,6.8897207748211146e-13
18,-11.349184289576014,-0.27634352435861381,0.07636574345493978,1.9050835937113559e-21
19,-6.0644176117289277,-0.13275549782945603,0.017624022203946706,6.8171110740416008e-06
20,-5.6841327204774794,-0.13180777902211854,0.017373290610743632,7.9355217382573332e-06
21,-1.7498815736138944,-0.044471842964571608,0.0019777448166655174,0.13327878476340441
22,-9.6842232715410574,-0.23502200456244027,0.055235342628547693,8.7700746736409217e-16
23,-4.8177054485834105,-0.12648765993439659,0.015999128115679558,1.8263561845987721e-05
24,-10.17023698151471,-0.22888772413368566,0.052389590259098187,4.9889943040414392e-15
25,-2.3460954943526811,-0.061601939196914382,0.0037947989128203365,0.037477105831246652
26,-1.7947854250808799,-0.014393232697545444,0.00020716514748569129,0.62719631687231092
27,-3.3099044837018914,-0.078426815024172328,0.0061507653148357424,0.0080412106666358594
28,-8.7248973896393807,-0.19134328402292444,0.036612252340677533,7.1946725727841815e-11
29,-6.5271287800285043,-0.17636179694252821,0.031103483420797551,1.9999260308759591e-09
30,-9.0602746578177591,-0.26102667162077137,0.068134923297418007,3.1506017661460519e-19
31,-4.7557181632502363,-0.12633685478285703,0.015961000876424703,1.8691368896213941e-05
32,0.34515526757465559,0.008570162290116352,7.3447681678932353e-05,0.77244602750510016
33,-7.0205293368789183,-0.1843152266849796,0.033972102787935415,3.5433722889701602e-10
