,Slope,R Value,R Squared,P-Value
001,-0.0052025010176187415,-0.1966867065286112,0.038685660525072024,2.0543411767532912e-11
002,-0.0062668405551641031,-0.21133730157604433,0.044663455037443907,5.4938881142532554e-13
009,-0.0062085430528142057,-0.24025438071970584,0.057722167455009361,1.9135134839793889e-16
010,-0.0065119309431180472,-0.24265111014161256,0.058879561252956986,9.4115341915883162e-17
011,-0.0018949480465811413,-0.070788744512962132,0.0050110463497214262,0.016778271940136591
012,-0.0027637836296636655,-0.093127357873880989,0.0086727047845699037,0.0016376404484910977
013,-0.0029444858188878999,-0.11800306207464922,0.013924722658993518,6.4534055044187906e-05
014,-0.0044665000157437284,-0.16073194630277832,0.025834758562279212,4.7911195732171836e-08
015,-0.0063531329390991145,-0.1957753971242488,0.038328006119157321,2.5503978951705488e-11
016,-0.0035214192707361276,-0.12547256503695156,0.015743364576952041,2.1333061634877653e-05
017,-0.0028985409864291769,-0.11192573767870444,0.012527370754922159,0.00015157764240290275
018,-0.0021652729102479423,-0.078298324025251845,0.0061306275451633299,0.0081454885759783477
019,-0.012150374904651038,-0.39784923775217168,0.15828401597998404,1.4244851051311107e-44
020,-0.0033516717102423507,-0.10253924946156411,0.010514297680140875,0.00052241397317423781
021,-0.0032461960991468971,-0.096452925685962129,0.0093031668733817331,0.0011059374632129951
022,-0.0067803666193050711,-0.20976479756327548,0.044001270296761943,8.2107324767945214e-13
023,-0.0080172937223139569,-0.28529133117398409,0.081391143643023869,8.2602339236973792e-23
024,-0.00743343775301771,-0.22928971206417351,0.052573772058471593,4.4585907663288113e-15
025,-0.0059536638860948152,-0.18869461861135567,0.035605659092884975,1.3215640841382536e-10
026,-0.004598329051513252,-0.15275822796434996,0.023335076210808308,2.1627605990590581e-07
027,-0.001624313207143661,-0.060115098619741042,0.0036138250820611914,0.042334187695958085
028,-0.0052998909613498771,-0.18219901797186766,0.033196482149912956,5.6584761928642986e-10
029,0.0018385418929495877,0.067526767553574354,0.0045598643362344624,0.022544321487350531
030,-0.0044408480851624021,-0.144589831757127,0.020906219447554292,9.3667733484390942e-07
031,-0.0062453984540655448,-0.20366569460847639,0.041479715160353169,3.7863431666915342e-12
032,-0.0034069142098348409,-0.10551662280190756,0.011133757687520038,0.00035660308064793781
033,-0.0053047634356559095,-0.21367166825809117,0.045655581816195764,3.0080853572384529e-13
034,-0.0047117269349455258,-0.16069598746252067,0.025823200386554602,4.8246182633760188e-08
035,-0.0028453641320246802,-0.094232215421979515,0.0088797104233343544,0.0014393326658327982
101,-0.0083552756801807872,-0.25500776746349524,0.065028961466716065,2.1442252298377689e-18
102,-0.0072775148393243337,-0.23393232756492158,0.054724333879941765,1.1986787962944553e-15
103,-0.0040679629721047592,-0.13044944423040997,0.017017057500022841,9.8480429061774983e-06
104,-0.0043656112689099049,-0.16089980234530146,0.025888746394757078,4.6377033948804796e-08
105,-0.0070850802627577831,-0.20491255065846387,0.041989153417357518,2.7808884852525061e-12
