,Slope,R Value,R Squared,P-Value
0,-1.3322359864589033,-0.082203209848876774,0.0067573677094584714,0.0054631257622826685
1,0.68078970189811139,0.043413527813316879,0.0018847343971976384,0.14277479864191417
2,-0.48195019299782227,-0.03193883412052239,0.0010200891249782453,0.28105851786756331
3,2.701373887927061,0.17029460729627621,0.029000253274192932,7.1079665503182387e-09
4,-0.66220648034443175,-0.047332548636757385,0.0022403701604510034,0.11004859181523594
5,-1.9780680396548016,-0.11568595471106152,0.013383240117409777,8.9808936535268883e-05
6,-0.68342844611732356,-0.050707601450339798,0.0025712608448465028,0.0868855267908972
7,2.9273328830318004,0.21463655245033822,0.046068849647766787,2.3403201672201407e-13
8,0.12796164211488897,0.010233341956671988,0.00010472128760218327,0.72986955306110035
9,1.1979785268806813,0.079368494083102703,0.0062993578530195085,0.0073127138969041865
10,-1.379602047782394,-0.10522992334665485,0.011073336767542855,0.00037011755987134519
11,1.0994116168278809,0.064960244471246126,0.0042198333617640632,0.028222130239155784
12,2.4147873827042354,0.17242145944026896,0.029729159675512314,4.5803967760078689e-09
13,0.91145676094541805,0.058463850879495093,0.0034180218596598392,0.048341196694917599
14,-0.40738162777688997,-0.02701539392551764,0.00072983150895089544,0.36192096174815303
15,-0.76488403630981716,-0.050311917350400172,0.0025312890274734978,0.089378774961826085
16,1.3866125878390765,0.085087597687580452,0.0072398992802435464,0.0040247584588970322
17,0.2363654622362607,0.018916357077274782,0.00035782856507496374,0.52326113949906616
18,-0.16465329469447851,-0.0094869202940260477,9.0001656665203273e-05,0.74888364808986019
19,0.36031955660777037,0.023232736898722638,0.00053976006380526838,0.43303007788731085
20,-2.0857459080692826,-0.15378437992229335,0.023649635508084261,1.7890170173394351e-07
21,-0.28761986111192178,-0.022252494666875094,0.0004951735188993045,0.45269523519794796
22,-0.97828550941183079,-0.062931185655994232,0.0039603341280692143,0.033544068063266014
23,2.3994851489359998,0.19432748195748739,0.037763170243937591,3.5885910996158906e-11
24,-0.74098677028422899,-0.050115504005352057,0.0025115637417104579,0.090637596547967686
25,0.77024839960979186,0.05639139159884584,0.0031799890464543814,0.056876986127466805
26,-2.9199150087847552,-0.057102731513315699,0.0032607219462818179,0.053815969103828389
27,-2.3460453693034879,-0.17831348102018529,0.031795697513535982,1.3173632380138763e-09
28,-1.3347539323461266,-0.083703218346541972,0.0070062287615688806,0.0046656905956296872
29,-0.38379039202571469,-0.029880712218348923,0.00089285696267578656,0.31323837181908093
30,3.7532464364471134,0.2806093685447299,0.078741617715072043,4.328856450600503e-22
31,-1.2505363485768342,-0.076978853436158165,0.0059257438763455194,0.0092883270904754404
32,0.89111812300445814,0.07242461306286499,0.0052453245773057145,0.014407437989186728
33,2.5954373759258749,0.18531618978514167,0.034342090196482641,2.8341782673216115e-10
