,Slope,R Value,R Squared,P-Value
0,0.048699921414771564,0.31280325717591273,0.097845877699860195,2.5541742091412517e-27
1,0.065394934116818057,0.30822135701603459,0.095000404920805859,1.5574782521594053e-26
2,0.055136181318679318,0.28956286622063565,0.08384665349390974,1.772761034504676e-23
3,0.049035367684775608,0.25380165422732831,0.064415279688528324,3.1301320995866683e-18
4,0.01235943195710746,0.070115850594931306,0.0049162325046507287,0.017848727343904466
5,0.072875003891426302,0.36228440941193019,0.13124999330295106,1.0295556805721727e-36
6,0.062552457406038209,0.31186087493502629,0.097257205315240111,3.7142703330353383e-27
7,0.064493002157540377,0.39315105562211167,0.15456775253678073,1.7715266574214889e-43
8,0.071582327951609584,0.33155804863010818,0.10993073961140518,1.1139090390107533e-30
9,0.061473381475793412,0.29944533219359543,0.089667506972532715,4.5489242012018092e-25
10,0.048663508664874996,0.29764792301303516,0.08859428607397371,8.9513529809721237e-25
11,0.054995741909000938,0.26959882088060177,0.072683524220210793,1.8813502754552773e-20
12,0.052227732710414497,0.24271884608699182,0.058912438245800822,9.223637225269257e-17
13,0.059892252385171998,0.3336051434344755,0.11129239172593697,4.6297182548554094e-31
14,0.04497669978578616,0.22673086207385282,0.051406883816752472,9.0856074894493619e-15
15,0.063157561220050354,0.34218357595205751,0.11708959965133751,1.0864800933774194e-32
16,0.050285254325587475,0.28405227792791449,0.080685696596037179,1.2844249778736407e-22
17,0.066527926668487281,0.3213700237942877,0.10327869219354104,7.9757864340537188e-29
18,0.071984792452026519,0.40255775011100942,0.16205274217443791,1.0932258265984704e-45
19,0.060754461947503877,0.2927737766466062,0.085716484291916847,5.4783281481920794e-24
20,0.036135369831296629,0.20124565162271985,0.040499812297053121,6.853748100347174e-12
21,0.024122025924960249,0.11912888627262309,0.014191691544555567,5.4839931425540836e-05
22,0.059203216998789533,0.34384957077104988,0.11823252731943525,5.1708963811599455e-33
23,0.043735846224285647,0.21139083757425234,0.044686086210343937,5.4189435781087893e-13
24,0.051488754082198586,0.24195122523934434,0.058540395394819936,1.1587722251689777e-16
25,0.047362173633009756,0.22649133487924888,0.051298324775384062,9.7073776154766519e-15
26,0.035593198755868083,0.20023107454606578,0.040092483213872154,8.770238944484164e-12
27,0.076470742955866755,0.35381210708526933,0.12518300712011809,5.5467813485945157e-35
28,0.046440243134666354,0.22599917277782472,0.051075626096261068,1.1119067764070864e-14
29,0.077234769427275043,0.43673572075474187,0.19073808978316387,2.4462807286791063e-54
30,0.051114275632647511,0.2820505229494823,0.079552497496076444,2.6085682673069338e-22
31,0.052222383361901548,0.25961129826462265,0.067398026186642868,4.9682467819026391e-19
32,0.054255842990045912,0.32967982361987452,0.10868878610203157,2.4782765882950912e-30
33,0.045804883799720864,0.2166992161994718,0.046958550301465424,1.362952583392764e-13
