,Slope,R Value,R Squared,P-Value
0,-0.10035425038571109,-0.097539962991717744,0.0095140443804256677,0.00097019466910574213
1,-0.21561970933860541,-0.16046448043276773,0.025748849480558098,5.0457789822514768e-08
2,0.031465487253603111,0.027123366814183571,0.00073567702733675462,0.3600047597682865
3,-0.33762575644117454,-0.31047356612388155,0.096393835261680244,6.4299339584873515e-27
4,-0.10652214860905729,-0.098741312001975792,0.0097498466958715283,0.00083820287287065338
5,-0.062242489999584677,-0.04969285109622662,0.0024693794500717514,0.093394698424897879
6,-0.15657534567336542,-0.13770509887649737,0.018962694256585918,3.0317430323431478e-06
7,-0.27082132798980485,-0.2421553624472185,0.058639219561943762,1.0906329790447008e-16
8,-0.17387652301295584,-0.13763556146977243,0.018943547781099506,3.0670577999522236e-06
9,-0.035961036538665683,-0.030396623882431525,0.00092395474345000658,0.30495295260230182
10,-0.12786909339732347,-0.11483859374350421,0.013187902612985603,0.00010119279591118153
11,-0.2843784333799444,-0.22385032818758219,0.050108969429688253,2.0040499981528005e-14
12,-0.31554213082834692,-0.25274660824871581,0.063880847981229824,4.3507786952676787e-18
13,-0.194033343221617,-0.16216441731714304,0.026297298243808522,3.6253195304347329e-08
14,-0.015018064948623787,-0.013930025661319533,0.00019404561492502068,0.63832279878387621
15,-0.037071154773164368,-0.031572818517648968,0.00099684286914839752,0.28661119740417962
16,-0.10225194198905593,-0.10569605403706722,0.011171655839006634,0.00034838100825995304
17,-0.036021041894109151,-0.028980239368428813,0.00083985427385143124,0.32805107232083675
18,-0.14175400480875294,-0.11787750783622512,0.013895106853679316,6.5710377924442046e-05
19,-0.13248660126852427,-0.10469942415280541,0.010961969417929053,0.00039639371616236052
20,-0.31782890175198586,-0.27864647003470144,0.077643855262799766,8.5881205938974132e-22
21,-0.14189699087639729,-0.11510925197576923,0.013250139890421132,9.7416539035274387e-05
22,-0.14638748223017806,-0.13301278560270199,0.017692401133790368,6.5405087833542856e-06
23,-0.14188280921465585,-0.11671023975755365,0.013621280064265657,7.7659928077556181e-05
24,-0.10991686861936721,-0.079135447092770692,0.0062624189865727094,0.0074872724476687316
25,-0.055092922150813538,-0.046977535234338369,0.0022068888166935029,0.11274475190774089
26,-0.037743043379888173,-0.035121166067378473,0.001233496305932377,0.23585442812214027
27,-0.03335843578563804,-0.024697426325542157,0.00060996286710558278,0.40458564787530826
28,-0.18229590094652245,-0.13086016937844711,0.017124383929755866,9.227679529033642e-06
29,-0.13304313986164351,-0.11885017098183626,0.014125363142411713,5.7102618245213375e-05
30,-0.14320145410988447,-0.12068112821647377,0.014563934707600982,4.3712324594706248e-05
31,-0.1955230982383028,-0.18287349918444282,0.033442716703962407,4.8771888439783913e-10
32,-0.17394558847584868,-0.16245573679562558,0.026391866417809575,3.4244383987784867e-08
33,-0.24568042773847701,-0.21051590515649543,0.044316946323858582,6.7795775278887224e-13
