,Slope,R Value,R Squared,P-Value
0,0.76972804996573163,0.31366365227759757,0.098384886760121637,1.8124311323435219e-27
1,0.66080331837941619,0.24806063961164895,0.06153408092454038,1.8439150104338527e-17
2,0.76081585874605362,0.30030435956234924,0.090182708372152739,3.2860317897024156e-25
3,0.60858784430088586,0.24095537909236822,0.058059494713546878,1.5561231474974572e-16
4,0.20929793109599523,0.083425914163106699,0.0069598831539500472,0.0048046665201329957
5,0.83768837908236859,0.27446725411750489,0.075332273582803005,3.6257308789139716e-21
6,0.16801531319992949,0.070521248713019236,0.0049732465200435175,0.017196877612528749
7,0.41929175464660784,0.15987400036199922,0.025559695991748527,5.6552252165629593e-08
8,0.68340208443175243,0.23628285240389568,0.055829586340121154,6.0972154479945469e-16
9,0.61318475568528363,0.21319238585961103,0.045450993388513279,3.4060182943206278e-13
10,0.74394585519440359,0.28653698852986947,0.082103445795766547,5.2878710695010835e-23
11,0.4298264462945291,0.15267778667708676,0.023310506544614012,2.1950502522865736e-07
12,0.78629702433683901,0.28181223890432222,0.079418137996266777,2.8370190991773489e-22
13,0.80125485804190466,0.29553704046497531,0.087342142286796459,1.9700860313139632e-24
14,0.25964180097547884,0.092539313919630953,0.0085635246207160023,0.0017531447572008143
15,1.09174416335251,0.36361757650231386,0.13221774194141606,5.4375885594288238e-37
16,1.0038124386166596,0.41119000024290431,0.16907721629975964,8.8611384148746583e-48
17,1.06255994934276,0.38262193226825547,0.14639954305269348,4.346485037107149e-41
18,0.77408514592320221,0.28298217376552814,0.080078910669063572,1.8771917301060525e-22
19,0.68689193562431161,0.25474080659350351,0.064892878543908766,2.3318979013372811e-18
20,0.024863300949977879,0.0094758506592043917,8.9791745715544309e-05,0.74916681579978484
21,0.94577806003126252,0.33249245254826787,0.11055123100156217,7.4673280305598559e-31
22,0.1732034835017002,0.063828088025009888,0.0040740248209284111,0.031094235831238468
23,0.49189532362457483,0.17575126749651748,0.030888508026632441,2.2767501088309592e-09
24,0.45547991897851486,0.14931611536291914,0.022295302307072575,4.0497768542309485e-07
25,0.75571791723470894,0.27247151721407015,0.074240727692937325,7.1497296759301114e-21
26,0.66777021883741006,0.2774228375371261,0.076963430787150663,1.312675742882695e-21
27,0.11682109177463947,0.040819727478219103,0.0016662501513960758,0.16823417572796634
28,0.39210349997836325,0.13404867998534739,0.017969048605814074,5.5315655540608634e-06
29,0.70963741112892376,0.24638079818841627,0.060703497715961105,3.0719496036895785e-17
30,0.97357629446115457,0.32138165820598763,0.10328617023123025,7.9377145147196312e-29
31,0.56561031203344825,0.21274847943023859,0.045261915499878652,3.8203811307875615e-13
32,0.74607656922733578,0.27844949288631876,0.077534120088648087,9.1964982049149684e-22
33,0.56281992883230614,0.18481430283748015,0.034156326533303825,3.1704830994605725e-10
