,Slope,R Value,R Squared,P-Value
001,0.071617569236096551,0.95693814597071802,0.91573061521387522,0.0
002,0.069250424533187915,0.94985757006735461,0.9022294034142595,0.0
009,0.070442020512078957,0.95561029551623455,0.91319103689662517,0.0
010,0.068342244521511455,0.948150530516087,0.89898942851793717,0.0
011,0.069293418160680922,0.94962328609542401,0.90178438549467155,0.0
012,0.068438520208116124,0.95389537675603453,0.90991638979653711,0.0
013,0.069429567963731828,0.95256925425568406,0.90738818415323008,0.0
014,0.068957351048477278,0.95122292161749344,0.9048250466105201,0.0
015,0.068659214330357696,0.94570641545427558,0.89436062423137486,0.0
016,0.066956368280117431,0.95126127171924746,0.9048980070729199,0.0
017,0.069555118156759119,0.95828388274723786,0.91830799993312195,0.0
018,0.067154689614294397,0.95418093615093313,0.91046125891387109,0.0
019,0.071928019975431828,0.9560541171140412,0.9140394748507088,0.0
020,0.069692464468870563,0.95421919927669618,0.91053428026825922,0.0
021,0.067646781945678885,0.94588126723907384,0.8946913717137962,0.0
022,0.066752877665289811,0.96242052921273002,0.92625327505011135,0.0
023,0.068972804180189681,0.94677623917060239,0.89638524705802969,0.0
024,0.071063259034965104,0.95574164148347684,0.91344208526553083,0.0
025,0.069974041814075696,0.96629244055699359,0.93372108067759096,0.0
026,0.06832402298953931,0.95481290630767834,0.91166768605171533,0.0
027,0.069436521469350684,0.95500624682586277,0.91203693147642073,0.0
028,0.069774175142443912,0.95921412299160658,0.92009173374655695,0.0
029,0.066085991384605094,0.94962211520758599,0.90178216169132974,0.0
030,0.071465820479423084,0.96214796927558233,0.92572871478112695,0.0
031,0.069128232151223892,0.96385420974701796,0.92901493764704846,0.0
032,0.069291172470949056,0.95134887791567546,0.90506468751141478,0.0
033,0.071369029102243867,0.94640504687921723,0.89568251275845334,0.0
034,0.072038741674549711,0.96269863241513787,0.92678865685397671,0.0
035,0.069569807079852358,0.96218556248406761,0.92580105665278156,0.0
101,0.068889621222217284,0.94636593106270239,0.89560847547617561,0.0
102,0.06748750657542367,0.95487362520372965,0.9117836401097128,0.0
103,0.070899640598448943,0.96194632901134502,0.92534073989840282,0.0
104,0.068468641357581086,0.96063684910204949,0.92282315585271379,0.0
105,0.068420160219142462,0.96108200904729313,0.92367862811438128,0.0
