,Slope,R Value,R Squared,P-Value
0,-0.24690176920924406,-0.0372134650465685,0.0013848419807721754,0.209087172895882
1,0.11421772480173255,0.019432698086846747,0.00037762975493453723,0.51198270615745367
2,-0.51699621117458272,-0.076607484383957147,0.0058687066636382386,0.0096347633381769077
3,0.31534561500514302,0.054266003090250724,0.002944799091391101,0.066895469739143038
4,0.0055099475156707807,0.0010255375618558784,1.0517272907772996e-06,0.97239602518101609
5,-0.44034203434166153,-0.06947688555870056,0.0048270376269367744,0.018920046644340802
6,-0.15045094828884928,-0.027925826615257086,0.00077985179214540106,0.34596345137743179
7,0.45894872394788705,0.079172822609278076,0.006268335839920214,0.0074590282938397402
8,-0.073957451490889684,-0.014614114507297958,0.00021357234283241665,0.62192008288512413
9,0.18852551285182395,0.029057710470591181,0.00084435053779270436,0.32675911833606164
10,-0.13465234426436665,-0.025997999510357219,0.00067589597854053423,0.3802888838111631
11,0.026172398593049595,0.0036929331112183299,1.3637754963932694e-05,0.90083536320164925
12,0.20516598438265291,0.034665562449872664,0.0012017012199660216,0.2419906958302899
13,0.078844849386705274,0.012482016679792467,0.00015580074039461738,0.67362331124660879
14,-0.043022970770532784,-0.0067753695929895471,4.5905633121607341e-05,0.81916825025240425
15,-0.20226497329767096,-0.031811035845247249,0.0010119420015476054,0.2829889499880282
16,0.15742105386395921,0.025344702395559231,0.00064235393951946583,0.39237960614909695
17,0.12082806994933558,0.024375843556912476,0.0005941817491110714,0.41073332178875588
18,0.061169074361549454,0.009702867115568373,9.4145630262378122e-05,0.74336640986377334
19,0.1691957954578884,0.026728081896422552,0.00071439036186187095,0.36705092436537357
20,-0.23788893998727725,-0.041723961724804387,0.0017408889820129416,0.15899804652262259
21,0.081255761589893477,0.015075361074597921,0.00022726651152950216,0.61096481922517487
22,0.031492686895118048,0.0054585476076575625,2.97957419850641e-05,0.85387078244422054
23,0.49935780969120797,0.094876691888798159,0.0090015866637619384,0.0013341175668815373
24,-0.37612799391413054,-0.067231233509349994,0.0045200387591887454,0.023143115130540924
25,0.087036644820766215,0.016727093803540049,0.00027979566711242791,0.57245504851170192
26,-0.3452365220937178,-0.017866169316206125,0.00031920000603534524,0.54658688627099083
27,-0.4863865066728581,-0.093839435135567986,0.0088058395865624715,0.001507149171454229
28,-0.15725255402557714,-0.025206665771086875,0.00063537599929528268,0.39496375855602195
29,0.075154667459368774,0.013485650694657672,0.00018186277465832094,0.64907396562355391
30,0.3355308319675534,0.063623444067332793,0.0040479426349890246,0.031639274806265147
31,-0.094217949516591321,-0.015378493597584813,0.00023649806533095709,0.60381185801515946
32,-0.055141550258455838,-0.009665535334279194,9.3422573298199604e-05,0.74431927037459267
33,0.44171600964836633,0.074699260394920308,0.00557997950354811,0.011602642086531518
