,Slope,R Value,R Squared,P-Value
0,-0.00016770816903122118,-0.001065739796868284,1.1358013146288513e-06,0.97131437502354545
1,-0.002034020440629575,-0.012351197286327657,0.00015255207440578768,0.67684965739696046
2,0.0026353971879155571,0.01640597172328467,0.00026915590818521619,0.579851191263975
3,-0.012191298434650352,-0.077108703894758435,0.0059457522163295345,0.0091698398737994138
4,0.00066536972299422945,0.0042512892613146523,1.8073460383369283e-05,0.88593776955056924
5,0.0021935648198699348,0.01236217964812605,0.00015282348565254193,0.67657857494287166
6,-0.0031466202188354365,-0.020459746473158801,0.00041860122574593399,0.48993121931494488
7,-0.0071651971290676271,-0.042516425656863893,0.0018076464506356343,0.15122325613806017
8,-0.0043180949513664784,-0.024498741780971639,0.00060018834885072541,0.40837737134793761
9,0.0023397539896004914,0.013799814539449956,0.0001904348813232144,0.64146538690172195
10,-0.004442145411106619,-0.027880223012100872,0.000777306835204479,0.34675195296129158
11,0.010194374144850167,0.060447273868349881,0.0036538729181152946,0.041205251239309439
12,0.0060906845884778201,0.033854729441239136,0.0011461427055395039,0.25318702840566926
13,-0.0090516671839062091,-0.054303141970154047,0.002948831227830706,0.066708701355224553
14,-0.0026681315385796958,-0.016110799825403511,0.00025955787101422179,0.58668886438772816
15,-0.00094448901248414421,-0.0056719596996379325,3.2171126834316827e-05,0.84822560350353848
16,-0.0039159361286403554,-0.027089732760621384,0.00073385362104188342,0.36060098214932645
17,-0.01075146408370308,-0.061345181744578203,0.0037632313232753307,0.038280346248362726
18,-0.0043558902540201143,-0.026593831493269136,0.00070723187349239333,0.36946340659435351
19,-0.0016805436008050208,-0.010367516466337028,0.00010748539767976942,0.72646876570189578
20,-0.0033256450473929181,-0.021160633416316067,0.00044777240657971215,0.47518080150805864
21,-0.0033584438198413944,-0.019700155884911936,0.00038809614188983039,0.50619082208488864
22,-0.00099316971546944705,-0.0063083002414573621,3.9794651936371016e-05,0.83144030806336355
23,0.0021387845525763153,0.011984408339687697,0.00014362604325237602,0.68592709926922968
24,0.0042783320494714661,0.023323239786544183,0.00054397351414063751,0.43123968538024349
25,-0.0049786561732554123,-0.030932820666861004,0.00095683939440818321,0.29649706757146865
26,-0.0033467983004886069,-0.022399155776506318,0.00050172217950019641,0.44972133057758268
27,-0.015976794912481152,-0.089128868707514464,0.0079439552370813502,0.0025837606539083251
28,-0.0074411300094288611,-0.041610385792004004,0.0017314242057594087,0.16013664500261035
29,0.0035398496624441077,0.021175820153946628,0.0004484153591922922,0.4748639078592326
30,0.0022831312942048088,0.012950348880382274,0.00016771153612361842,0.66212245344507803
31,-0.0062878401956970214,-0.037953378685718027,0.0014404589536615154,0.20016843531201906
32,-0.002884861712839565,-0.017419122205750797,0.00030342581841888053,0.55667002085619088
33,0.0042876941451058274,0.024349280898134203,0.00059288748025624314,0.4112435836499857
34,,,,
