,Slope,R Value,R Squared,P-Value
0,0.27004854092353736,0.56899579811180423,0.32375621826888906,7.2694742021790669e-99
1,0.23267925797211725,0.4324291046244863,0.18699493052633492,3.4208693356738292e-53
2,0.27215553228280109,0.46693778751659837,0.21803089741089596,7.489325928852805e-63
3,0.29012144006862417,0.52722346450191382,0.2779645815214008,1.2579743355115591e-82
4,0.13954651487156719,0.30726211013559479,0.094410004324978383,2.264914489156453e-26
5,0.19763321106845788,0.36171642666916826,0.13083877332231178,1.3501060241868442e-36
6,0.27743107192613409,0.45453005547894842,0.20659757133369594,2.9931840081474585e-59
7,0.26876755857714896,0.60322973131137825,0.36388610873799759,5.0763464827399401e-114
8,0.209592414182667,0.38826311443319539,0.15074824602936457,2.3366730270689149e-42
9,0.26417112507297397,0.50882529508651331,0.25890318091987735,3.6283983984606177e-76
10,0.18331587305933014,0.39548914547156644,0.15641166418582983,5.0789804944550516e-44
11,0.21871340813904316,0.39771508034036374,0.15817728513014198,1.5316612132935944e-44
12,0.29527760800840791,0.52978579832202333,0.28067299210370356,1.4725779276318303e-83
13,0.19874974004506585,0.43188789402666422,0.18652715300678716,4.7527037023286567e-53
14,0.13812058043947714,0.30849914546036866,0.095171722749777699,1.3970539060385867e-26
15,0.218425198214618,0.4790416129297016,0.22948086691829006,1.6409779219294664e-66
16,0.19170890335692337,0.36947766006543797,0.13651374128743135,3.1702049702986419e-38
17,0.21675100685493578,0.42150878308193379,0.17766965421521272,2.322253065401712e-50
18,0.2069822701211573,0.45260943663063335,0.20485530212709932,1.0483022506859664e-58
19,0.27369492693235664,0.50360214296496808,0.25361511839890816,2.1024041131214067e-74
20,0.19369472761046377,0.38491223286723497,0.14815742701084053,1.3356861286727702e-41
21,0.24061693562320788,0.46042989164698411,0.21199568512205352,6.0541202149484808e-61
22,0.18758954818824605,0.43497721823946189,0.18920518038734047,7.2159741910464793e-54
23,0.23048566502880052,0.43281673415633787,0.18733032536575805,2.7020710527530807e-53
24,0.20406387976598089,0.36897066045311983,0.13613934827521143,4.0634169942547302e-38
25,0.23726658486287502,0.48869381057997635,0.23882164049917781,1.5483339988052012e-69
26,0.1895692051588761,0.35352598948337288,0.12498062524019787,6.3328465428178501e-35
27,0.28001488846321382,0.49202777263691572,0.24209132904604444,1.3250137988540533e-70
28,0.24073385668148287,0.47116531214855428,0.22199675137204458,4.1020310787989815e-64
29,0.22764332466074991,0.47052226895961424,0.22139120558690356,6.3976177188273805e-64
30,0.24218362074553276,0.50895621576438543,0.25903642956520367,3.2743877909041439e-76
31,0.24008399794933744,0.46281649286905552,0.21419910607161252,1.2225539451574408e-61
32,0.26072510623546441,0.54575707816556862,0.29785078836781859,1.5039771847833008e-89
33,0.18642171448212494,0.39330554556722069,0.15468925217392912,1.631667847207814e-43
