,Slope,R Value,R Squared,P-Value
0,-0.010161900457604463,-0.021060293940941371,0.00044353598087885183,0.47727744214176893
1,-0.0010450077641922738,-0.0024972470089177925,6.2362426235488611e-06,0.93284859437766832
2,-0.017709952296748661,-0.035470880328735445,0.0012581833512954712,0.23121949578284165
3,-0.0048698285254955374,-0.010751053286409597,0.0001155851467672186,0.71677749096552423
4,0.0034587509433216903,0.0084806855959526969,7.1922028177399548e-05,0.77475740345940025
5,-0.0007146964990430892,-0.0014832156277213222,2.1999285983167557e-06,0.96008557555980245
6,-0.018170244128243744,-0.038311627909666947,0.0014677808330887713,0.19595124449731036
7,-0.039140723020241894,-0.084527720006923379,0.0071449354495688351,0.0042736827284164869
8,-0.027473218154300264,-0.062003577252554384,0.0038444435921134797,0.036249366456807285
9,-0.0070189291739515252,-0.016329680495545361,0.00026665846508659458,0.58161490173987995
10,-0.0093740737565688164,-0.020601063993352105,0.00042440383765818859,0.48693747831566148
11,0.0029199831812078037,0.0063564903624576796,4.0404969728017363e-05,0.83017217736337501
12,0.0058394562550446267,0.012516824477813731,0.00015667089500839696,0.67276586653170389
13,-0.02526751915354955,-0.058450213174093012,0.0034164274200969161,0.048393641511606258
14,-0.016127951117335417,-0.042911431327549716,0.0018413909385790151,0.14745756696131423
15,-0.00070839175903332193,-0.0017042438111925216,2.9044469679880113e-06,0.95414366458423516
16,-0.025176896526822028,-0.058744639980756241,0.0034509327264686646,0.047271952619537615
17,0.017525344890575847,0.040194327081857703,0.0016155839295633595,0.1748536975131085
18,0.01882428316351081,0.04458001806233846,0.0019873780104384233,0.13233632729652051
19,-0.017257404199976043,-0.040145642940913287,0.0016116726471393009,0.17537702492277141
20,-0.0099178963790289426,-0.022226204314396897,0.00049400415822531526,0.45322950499957093
21,-0.030572466236255855,-0.068731549036230147,0.0047240258329197095,0.020240303838091195
22,-0.037179804727330033,-0.093408348059754426,0.0087251194872522281,0.0015849549419766813
23,0.0040428233246703645,0.0088148528857171539,7.770163139683604e-05,0.76613548595102055
24,-0.052981659572106911,-0.10940612902381355,0.011969701067975338,0.00021334660449808207
25,-0.010094545693761994,-0.026774301762809111,0.00071686323488596309,0.36622262663932947
26,0.0072431652746923359,0.015903113854072417,0.00025290903025559003,0.59152217347847658
27,-0.023162031917729361,-0.048743616876778272,0.0023759401862301437,0.099831892853405893
28,-0.0061856304319464223,-0.013801803878873746,0.00019048979031089438,0.64141732659444606
29,0.012591746181118869,0.027545945565795708,0.00075877911711378016,0.35256656001005204
30,-0.041859279034041026,-0.08973346898743291,0.0080520954565185838,0.0024143126071885308
31,-0.025291461056653204,-0.058437619670568583,0.0034149553927620242,0.048442113147738809
32,-0.067401955316743117,-0.13802772970640639,0.019051654167904782,2.872928611581033e-06
33,-0.0094033683906299959,-0.023701731697264812,0.00056177208544912747,0.4237986924424153
