,Slope,R Value,R Squared,P-Value
0,0.0030861870085330026,0.00098399586146650305,9.6824785538320549e-07,0.97351376720029326
1,-0.0816436534328768,-0.023958052551118731,0.00057398828204216674,0.41880241309405519
2,0.39975331293888389,0.11257368409183968,0.012672834350009319,0.00013866233945371498
3,-0.23215989931306935,-0.074955958216611496,0.0056183956721704087,0.011318695814012717
4,0.37762140537376454,0.13585883871231327,0.018457624056258351,4.115306366146074e-06
5,0.46321960338728596,0.13615422985046929,0.018537974306174425,3.9199901742363365e-06
6,-0.27249112981891727,-0.078753524793659144,0.0062021176674254856,0.0077814229325451718
7,0.26527824714418691,0.087331698458762388,0.0076268255556922009,0.0031535566833437224
8,0.76929936148100297,0.24354650448631066,0.059314899847500539,7.2055946715902147e-17
9,0.45129499933027784,0.15083654373701272,0.022751662926527749,3.0750301524820649e-07
10,-0.22026313904689337,-0.069774890402775971,0.0048685353307193983,0.018413601881999388
11,-0.24830871874395252,-0.072503800889806347,0.0052568011434686833,0.014300561643761905
12,0.21301745065116048,0.065873484575487515,0.0043393159701169918,0.026074640641215587
13,-0.1988355348606855,-0.064829932699022819,0.0042029201737598283,0.028540640342658116
14,0.2393978357062346,0.098385404349442859,0.0096796877890033706,0.00087546011146267795
15,0.63946385236671077,0.22046006543368377,0.04860264045102413,5.0144450031707433e-14
16,0.042180904067396628,0.01487617809757808,0.00022130067479086176,0.61568522827620908
17,0.22398590912230976,0.072545507755248803,0.0052628506954668641,0.01424455301070173
18,0.33575345348650321,0.1091739741539168,0.011918956632560094,0.00022009400669186302
19,-0.025825438403053881,-0.0077926803570785514,6.0725867147597901e-05,0.79259526829161009
20,-0.19140410587417803,-0.059877177617010793,0.0035852763993790586,0.043158756703876831
21,-0.15175650958267828,-0.047700001495976758,0.0022752901427161849,0.10731180781318959
22,-0.14504773286731182,-0.052618090826402369,0.002768663482215529,0.075625360272348688
23,-0.09857557300502845,-0.031503585960694282,0.00099247592838285392,0.28766976166833536
24,0.47071501431315332,0.13039922656457131,0.017003958288638401,9.926566453331262e-06
25,0.051152940531238769,0.018786475768464775,0.00035293167179911413,0.52611804858119604
26,0.53346788364765829,0.16456193606469746,0.027080630801361576,2.2609022865964734e-08
27,-0.23673534507660021,-0.066564126614911956,0.0044307829520060299,0.024545684921563598
28,0.064273447395060426,0.018556067370615038,0.00034432763626280407,0.53120569713115073
29,0.1613094855540573,0.052672827728757775,0.0027744267809433941,0.07532116492654492
30,0.28389721848346283,0.091117968261257509,0.0083024841400595305,0.0020638777459255631
31,-0.26061546477411623,-0.094521716466726496,0.0089343548838162357,0.0013911588319366482
32,-0.22884022911633728,-0.073624893164156172,0.0054206248934334103,0.012860708706548119
33,-0.0045198442293696295,-0.0017271332269930418,2.9829891837833982e-06,0.95352846712176409
