,Slope,R Value,R Squared,P-Value
0,-0.0043559500464155085,-0.027519983221198138,0.00075734947649502696,0.35302072768159287
1,-0.0093983816871176552,-0.05695822389052254,0.0032442392687628925,0.054426440427994154
2,-0.016342325275244051,-0.10019193280673676,0.010038423399549653,0.00070103507844506687
3,-0.009284787724172662,-0.058382062062182577,0.0034084651706325383,0.048656437392273225
4,0.00423548766533525,0.02675733004049281,0.00071595471089585898,0.36652663836832422
5,-0.015626672456091843,-0.088087015599680074,0.0077593223172582803,0.0029014249292529273
6,-0.0058754151195185463,-0.037697921986635338,0.001421133322110444,0.20321575049825016
7,-0.028808540628155323,-0.16897891980904231,0.028553875339830753,9.3026744006019454e-09
8,-0.026940409070084183,-0.15202484900095348,0.023111554713762705,2.4749244663869538e-07
9,-0.011738002335293925,-0.069063425642607063,0.0047697567614919147,0.0196428295831396
10,-0.0083849356234300901,-0.052242741427987217,0.0027293040319115317,0.077738403599296638
11,-0.0018036807633799662,-0.010584954343002929,0.00011204125844345656,0.72096902510497218
12,0.0064717095932710017,0.035931330703778151,0.0012910605261442704,0.22521600046585538
13,-0.011040357238674508,-0.065464258410309409,0.0042855691292117658,0.027018842652203341
14,0.0046822282781532549,0.02811731647763268,0.0007905834859033542,0.34266499307717657
15,-0.009688955058123663,-0.057583555002747748,0.0033158658067544752,0.051825690089807995
16,-0.013262467272776518,-0.090698916826691012,0.008226293513535014,0.0021646844570573842
17,0.007505982783757607,0.042762355904541138,0.0018286190825066444,0.1488702416959774
18,0.0057989043809813061,0.035120825673184905,0.0012334723959662439,0.23585897128078581
19,-0.0061662056357221088,-0.037567658236205392,0.0014113289453523308,0.20478257811396969
20,-0.010706318837630728,-0.067241283627322762,0.0045213902238500645,0.023122527846355372
21,-0.0044847143130432162,-0.026021146215077767,0.00067710005034645599,0.37986473881555094
22,-0.004811585059123262,-0.030278339969545359,0.00091677787131136802,0.30683961149200745
23,0.014726483985585681,0.082645246069424874,0.0068302366978757875,0.0052162293387112042
24,-0.015666086820177741,-0.08407490243772979,0.0070685892199137826,0.0044851164105373991
25,-0.0048288077628812591,-0.029736578585048173,0.00088426410594474555,0.31557932801960259
26,-0.0076742976358257975,-0.050828034107833681,0.0025834890512671039,0.086137897591590684
27,-0.0060190521138102603,-0.033353244403141469,0.0011124389122156876,0.26028944570302509
28,0.0062530647048395288,0.034691336708931722,0.0012034888426524736,0.24164059127825574
29,-0.0077336332978980727,-0.046284534137321615,0.0021422581003088898,0.11815735058167728
30,-0.014293529942462109,-0.080454669109611993,0.0064729537815371545,0.0065463088355542012
31,-0.018735870178398235,-0.11163843898889911,0.012463141059878148,0.00015765896860222425
32,-0.018090752884945539,-0.10754242374011309,0.011565372903898041,0.00027346573943332877
33,-0.0010785218965582819,-0.0060958963833115708,3.7159952716071088e-05,0.83703493081791003
