,Slope,R Value,R Squared,P-Value
0,0.45370915682838958,0.81038787509552435,0.65672850810183914,1.0241951921636494e-266
1,0.28956078986383882,0.58789540990201206,0.34562101298385478,5.2285004605314763e-107
2,0.46096894328250798,0.80637756085959433,0.65024477065786879,4.3708033567167067e-262
3,0.37280359270148228,0.7189710269463867,0.51691933758834196,3.6788236179553526e-182
4,0.32543931354876698,0.68998197066817935,0.47607511984714429,4.5502545570704343e-162
5,0.49571199552787265,0.83344099656485626,0.69462389475502073,1.1644017673033111e-295
6,0.40206337084464211,0.76086695568143525,0.57891852424793511,3.7026475733025737e-216
7,0.43649162793191287,0.8452753707927716,0.71449045246885756,2.6447508653732228e-312
8,0.40578210385197455,0.77286407076012942,0.59731887187191834,3.2409369361498877e-227
9,0.36324673346635933,0.70948445967806573,0.50336819852467685,2.5937477564133572e-175
10,0.4105873716425118,0.76850217624679329,0.59059559489605729,4.0600322876721155e-223
11,0.42353659177665132,0.79293169239256267,0.62874066880053359,2.5432520140357331e-247
12,0.39479277971987081,0.72609636490619234,0.52721593112998644,1.7089599548066252e-187
13,0.40226971891661145,0.79254382052721717,0.62812570745587781,6.5304915881328035e-247
14,0.31037123247454934,0.68532270929635686,0.46966721587729887,4.6517421066019487e-159
15,0.39931356680153812,0.77619284351793583,0.60247533032845879,2.0951208376788411e-230
16,0.41356384245908612,0.79339649307833959,0.62947799522900771,8.1930349913454616e-248
17,0.41772651617688183,0.81441915411904431,0.66327855859597962,1.7508399103120294e-271
18,0.3577869557463253,0.70626794015287941,0.49881440328779125,4.7143734495838507e-173
19,0.40239156040377061,0.79628886353988759,0.63407595419764573,6.6594493469495138e-251
20,0.36830499053142635,0.68886670362723312,0.47453733536625026,2.4189041737039005e-161
21,0.42906707056991544,0.80347545168519485,0.64557280146072793,8.3956043850034289e-259
22,0.34401712616603575,0.7272963045728893,0.52895991464538095,2.0796414757801303e-188
23,0.34599658278692325,0.64662510702271003,0.41812402903213119,4.2986109018518409e-136
24,0.45053645974596568,0.79238006242827008,0.62786616333382916,9.7184261882215433e-247
25,0.28997878216736755,0.61825808807520044,0.38224306347040232,2.8342667123775985e-121
26,0.40779879225380722,0.74476190843882417,0.55467030026143949,2.6635794852176917e-202
27,0.46527392668952189,0.82511200570005949,0.68080982195037498,1.0306062534507118e-284
28,0.40195466898242316,0.76436485252510167,0.58425362777572043,2.5871667796458725e-219
29,0.37254177783661885,0.64948636945003502,0.42183254410138737,1.1221269341921318e-137
30,0.42937825372147215,0.76377354751994309,0.58335003189119872,8.9152251759121484e-219
31,0.35606909710638374,0.704642687456568,0.49652131698601459,6.3600152373134449e-172
32,0.43376973225920662,0.78245699353624276,0.61223894673377588,1.4695548701587378e-236
33,0.32255477763742535,0.66348936898724598,0.44021814275909382,1.1168207863679432e-145
