,Slope,R Value,R Squared,P-Value
0,0.059549323277632134,0.3792047382573619,0.14379623351683435,2.483987144559254e-40
1,0.057340500323836661,0.34959307300655756,0.12221531669416828,3.8618292984512062e-34
2,0.057622082852162297,0.35873911633942351,0.12869375359199045,5.5405196842986433e-36
3,0.055739508826721344,0.35181466331354433,0.12377355732242255,1.3951764070758377e-34
4,0.026195671810282133,0.16600522607274384,0.027557735083462792,1.6958398868841412e-08
5,0.069364106946979767,0.38307327975485556,0.14674513766214184,3.4472744283748355e-41
6,0.037630076579763985,0.24541312558126729,0.060227602207566872,4.1148621895763795e-17
7,0.05675145300478638,0.33690306592813141,0.11350367583177486,1.1096118750360178e-31
8,0.051751024907524555,0.29362461152902442,0.086215412495570493,4.0031893745946181e-24
9,0.049022560177959584,0.28433284041638818,0.08084516413925126,1.162471405776624e-22
10,0.060278301439683248,0.37318988002316483,0.13927068655170416,5.0799188754278866e-39
11,0.047377420709227396,0.28017246091728604,0.078496607856448172,5.0443442165025067e-22
12,0.065546581120210071,0.36357678261558157,0.13218807685709785,5.5450987100059824e-37
13,0.062392199897808663,0.3694083299412243,0.13646251422996444,3.2797481328589259e-38
14,0.04314478981126068,0.25940322831251877,0.067290034858956738,5.3110574076255984e-19
15,0.06825666322824131,0.39773863511507129,0.15819602186319981,1.5122802776635506e-44
16,0.053497302491413233,0.37105160378566754,0.137679292671916,1.4628056559178218e-38
17,0.076454645795054357,0.43743708726309682,0.19135120531322219,1.5862119084178505e-54
18,0.068491203857524025,0.41233794419339725,0.17002258022163719,4.6209983218178577e-48
19,0.054375747881048681,0.33394506703430515,0.11151930779654656,3.9990729514240974e-31
20,0.032342805414667296,0.1945349623968505,0.037843851594744037,3.4177553757522132e-11
21,0.073784009806502585,0.4322997789295685,0.1868830988625538,3.7007014438124724e-53
22,0.034968197580874077,0.21871918242005903,0.04783808075849906,7.9841719210583102e-14
23,0.047928286048068536,0.26948213099140178,0.07262061892366703,1.9562785513188286e-20
24,0.054974480158599869,0.2989330045136025,0.089360941187529491,5.5197078992516944e-25
25,0.048794604706025882,0.29205446656544864,0.085295811440828762,7.1362340814832587e-24
26,0.050987967440041679,0.33869287191424824,0.11471286148552136,5.0735685203264482e-32
27,0.043058990501629951,0.23382266707541163,0.054673039638258786,1.236861616431028e-15
28,0.041832286420281847,0.23323233055512499,0.054397320016175088,1.463907064685969e-15
29,0.048429786787141785,0.28587408999644331,0.081723995331294569,6.706400006077041e-23
30,0.069489667028516125,0.3906540949113661,0.15261062187101862,6.6524196800895975e-43
31,0.055909625299045022,0.33660723629933836,0.11330443152907861,1.2622036259057515e-31
32,0.063557664661988089,0.38541055366113003,0.14854129487337878,1.0319737600307535e-41
33,0.05288772853422273,0.29952655129461886,0.089716154930447947,4.4113902452391216e-25
