,Slope,R Value,R Squared,P-Value
0,-0.50797145343355787,-0.097209625381200912,0.009449711266753421,0.001009720659815738
1,-0.75270231691863021,-0.13252004373871845,0.01756156199251185,7.0800042875875139e-06
2,-0.14225784296191898,-0.024399246361031714,0.00059532322298631933,0.41028407126971089
3,-1.6975664981683283,-0.28461170579322137,0.081003823074527193,1.0526134774208952e-22
4,-0.62159815052192402,-0.11452153959706499,0.013115183031682123,0.00010579182467288894
5,0.1407556678231669,0.023173699420548186,0.00053702034483391536,0.43420031045132867
6,-0.66588561923400691,-0.098807895778088031,0.0097630002680935066,0.00083139796080631916
7,-0.70193484595331679,-0.15031389257909852,0.022594266302280772,3.3813476191353894e-07
8,0.75848938400875521,0.1359667977679114,0.018486970095260118,4.0428664821155641e-06
9,-0.69109188810221933,-0.1099310351119316,0.012084832480780738,0.00019879911568927681
10,-0.39180042232028034,-0.092051141957058283,0.0084734127355984967,0.0018546641595607542
11,1.0591243805429666,0.16096407493488785,0.02590943341964419,4.5802282240583813e-08
12,-1.4270366615571748,-0.22894622607830536,0.052416374435498514,4.908113258527951e-15
13,0.41333305211949128,0.080776000782627547,0.0065247623024350457,0.0063338381622727738
14,0.42485447632759765,0.07537003672483307,0.005680642435902686,0.010873636118345079
15,0.52492136027420055,0.092615898869910951,0.0085777047234815718,0.0017376894598912839
16,-0.91648231321199347,-0.14833516305459829,0.02200332059843426,4.8300698432267402e-07
17,0.12880635355088613,0.029387441047808362,0.00086362169133841183,0.32129731217837904
18,0.09524175928249351,0.018674813949526445,0.0003487486760494275,0.52858054458483261
19,-1.1383414518302175,-0.18419731759387947,0.033928651808780498,3.6375276863810223e-10
20,-1.0734422039688176,-0.18653312977931191,0.034794608505265619,2.1566741302425073e-10
21,-0.39482097373986053,-0.072592793769764435,0.0052697137072995502,0.01418128593668643
22,-0.10002024171654401,-0.018135366924252053,0.00032889153347725536,0.54055903366333258
23,-0.50977454072613304,-0.095258565249436461,0.0090741942533811432,0.0012751659425938315
24,-0.82743735744323854,-0.14210132157233019,0.020192785592602791,1.4412744238163853e-06
25,-1.1066678659976001,-0.19403651916516176,0.037650170769732191,3.8422954399670305e-11
26,-0.32998838633661015,-0.019776083494839669,0.00039109347839486996,0.50455288085325822
27,-0.20407728251311802,-0.036322609350925586,0.0013193319500599469,0.22020245470246935
28,-0.091084528882302604,-0.016025285438920532,0.00025680977339887846,0.58867675846297529
29,-0.51546196542454281,-0.10559751144083775,0.011150834422497858,0.00035287433964728023
30,-0.4549476492935644,-0.10390880231502375,0.010797039198542685,0.00043880041814983213
31,-0.29657923608306114,-0.050109184298380467,0.0025109303510490594,0.090678335123829681
32,-0.88693859031240041,-0.17063907169394013,0.029117692788569641,6.6221435886597434e-09
33,-0.49227864784628783,-0.086068297117179032,0.0074077517686510089,0.0036202114765341107
