,Slope,R Value,R Squared,P-Value
0,0.5759817647389065,0.2768773629347922,0.076661074105724647,1.5848854369396646e-21
1,0.8788240510094445,0.30198439912201491,0.091194577313084405,1.7340739545356605e-25
2,0.61279368940029133,0.23723100652864709,0.056278550458594999,4.6324040685668328e-16
3,0.62027868974383549,0.23141090387668861,0.053551006433026016,2.4551456621398105e-15
4,0.1025010756303954,0.042431340114769393,0.0018004186239352384,0.15204389402246143
5,0.91942036384097214,0.32793293742625995,0.10754001144901533,5.1878831081742963e-30
6,0.65943711166494479,0.23962813336224861,0.057421642298675607,2.3003957138410316e-16
7,0.68887436169252769,0.30442838021208157,0.092676638678551693,6.7914092520176189e-26
8,1.0014270105432408,0.3367561627070017,0.11340471312114461,1.1829503956588688e-31
9,0.59568195433072113,0.20423819415247893,0.041713239950665677,3.2868742576693425e-12
10,0.61096408495190213,0.2712376843369993,0.073569881404497675,1.0848713436299784e-20
11,0.66644203735021079,0.22993067664086325,0.052868116060525217,3.7253810719997447e-15
12,0.67265594022064246,0.23518571361863952,0.055312319890308721,8.3667552007170621e-16
13,0.76299377477313257,0.3103993179174106,0.096347736563593731,6.6210391931684895e-27
14,0.46821683201357017,0.1688031679811485,0.028494509520471837,9.6416089490392841e-09
15,0.80195856493626694,0.30136364019429762,0.090820043631158073,2.1971151790552547e-25
16,0.65310024472256212,0.26876208709774274,0.07223305946113466,2.4883183340555687e-20
17,0.86266198067633071,0.30984653687101305,0.096004876410960047,8.2320906821756702e-27
18,0.88742665886725802,0.35937534966515233,0.1291506419469505,4.1026443847207918e-36
19,0.69576888183332286,0.23992425027603104,0.05756364587051558,2.1087118202903502e-16
20,0.46056551851335525,0.18649498818428933,0.034780380617858216,2.1752799240602008e-10
21,0.33930331073888803,0.12189069282533692,0.014857340997440641,3.6561911339160791e-05
22,0.65457584647202494,0.26457069959869473,0.069997655086142765,9.9491507448396875e-20
23,0.6239086425738829,0.22398871785603608,0.050170945726790935,1.929794405265948e-14
24,0.49633284849050674,0.16727558740349105,0.027981122141182972,1.3138600197279058e-08
25,0.74280237837229368,0.25872080341321096,0.066936454118777355,6.6075364498064706e-19
26,0.3229257032498476,0.13699345330559806,0.018767206248593078,3.4123184879189225e-06
27,0.90718746227293334,0.31408716036095125,0.098650744303605903,1.5301882568001128e-27
28,0.51824569942332477,0.18235179158159465,0.033252175893017336,5.4714755773624728e-10
29,1.0562101883633588,0.43476133334184147,0.18901741696917579,8.2371824775553694e-54
30,0.63390477399958378,0.24722148242043987,0.06111846137015986,2.3805892227364632e-17
31,0.62639957603127072,0.22951525017576255,0.052677250063242871,4.1857075842188727e-15
32,0.60444935052234228,0.26178106920571315,0.068529328194486372,2.468695485339735e-19
33,0.47810917114397372,0.16102609773531781,0.025929404151864125,4.525419079368986e-08
