,Slope,R Value,R Squared,P-Value
0,-0.32674624852289458,-0.079629578177185051,0.0063408697206764255,0.0068494163034317655
1,-0.18750926978645691,-0.039861478612097823,0.0015889374771427321,0.17637146665587744
2,0.30536605751854101,0.06543393510875771,0.0042815998638171147,0.026359717884376261
3,-0.58075635884971399,-0.1392026288388506,0.019377371875646799,2.1091685242364152e-06
4,0.054763577061054287,0.014394468717307743,0.00020720072965355122,0.62550779391866995
5,0.27823984599397666,0.061783527545318913,0.0038172042759431809,0.036017552296348711
6,-0.50062271113573187,-0.11140830506997766,0.012411810438565211,0.00015124330798571464
7,-0.24643000206130161,-0.061349534904298925,0.0037637654329737919,0.037344932699350776
8,0.42959484391134733,0.098191715926970763,0.0096416130766829242,0.00084631112694830688
9,0.021315967373014097,0.0051745440126287172,2.6775905738631706e-05,0.86073363245614276
10,-0.49638948442940301,-0.11732630560413289,0.013765461986714385,6.5613208954317604e-05
11,-0.54057132387565987,-0.11716409762433495,0.013727425772124692,6.7168182124260583e-05
12,-0.27853170172825625,-0.065287248726199662,0.0042624248462366596,0.026699622841010136
13,-0.41354892381775399,-0.097726578968361524,0.0095504842368594016,0.00089598545711166901
14,-0.13798782659214578,-0.038206850546063049,0.0014597634286491984,0.19502756435244167
15,0.18206943162699277,0.044747638028403106,0.0020023511091209877,0.12904043515581926
16,-0.12289875369548169,-0.031308471872109868,0.00098022041096669488,0.28834854262451787
17,-0.088649699666794965,-0.020838345324591639,0.00043423663586693024,0.47982392370387139
18,-0.091774414081147851,-0.021849692940961302,0.00047740908161429419,0.45876224798635123
19,-0.3128183083914306,-0.067339310479266154,0.0045345827358230046,0.022272662649951095
20,-0.33747123795866046,-0.078833283057750003,0.0062146865176633337,0.0074295152684905035
21,-0.49008411657965539,-0.11347394995594774,0.012876337318604932,0.00011351465695328494
22,-0.38626246927532992,-0.096715519313624543,0.009353891676104082,0.0010134083910250205
23,-0.24564155060860327,-0.05906667419961683,0.0034888720010036803,0.045031175845988654
24,0.067701944373095277,0.01411052470910007,0.0001991069075661236,0.63234348877598179
25,-0.13009433986208335,-0.03297243093853866,0.0010871812019967015,0.26347708883472543
26,0.12028417855026066,0.027598989841678623,0.00076170424028107985,0.34932358870901692
27,-0.7045986926648713,-0.15109266025666085,0.02282899198343474,2.573199806450976e-07
28,-0.36508684117744689,-0.076890166706434171,0.0059120977361432382,0.0090338265313367749
29,-0.24655099281939072,-0.059062769380608914,0.0034884107269069937,0.045045386330655982
30,-0.17577530082950421,-0.042177818265985892,0.0017789683536785332,0.15253194147350721
31,-0.60103889237399166,-0.16002264465012633,0.025607246800820604,4.7432005535297687e-08
32,-0.47760583577317772,-0.11877769761256322,0.014108141450141507,5.3136119228198841e-05
33,-0.24789135965136894,-0.067271250318295922,0.0045254211193868294,0.022408575660145268
