,Slope,R Value,R Squared,P-Value
0,0.011159726303336916,0.11671501424081586,0.013622394549233849,7.165691611245008e-05
1,0.0027995575586032182,0.023937503349673504,0.00057300406661563023,0.41696374398320613
2,0.011547084205275745,0.095120851686870789,0.00904797642563567,0.0012278289137895577
3,-0.0079902753718376525,-0.076978076670072462,0.005925624287823554,0.0089550554627483413
4,-0.0027326904267664033,-0.030837054343490735,0.00095092392058340085,0.29567334117895772
5,0.013144162562748375,0.12762324188675273,0.016287691869684595,1.3943340250882867e-05
6,0.0014457752934260255,0.013380279255814838,0.00017903187296358888,0.65006706532843483
7,-0.0020891324246706247,-0.023944674981134877,0.00057334745995218657,0.4168241433355685
8,0.020923033014823785,0.2250594604373623,0.050651760732356645,1.0766898998295175e-14
9,-0.0040283478990750703,-0.036285058165793041,0.0013166054460949843,0.21846353654540604
10,0.0076025884010515318,0.090978415545046959,0.0082770720950872418,0.0019950407978404296
11,0.029558586536372066,0.25286668041535409,0.063941558064280826,2.90038509684231e-18
12,-0.013533641962634676,-0.12875054358352023,0.01657670247305194,1.1681445325237695e-05
13,0.017807706838145278,0.16818825275963939,0.028287288366340348,9.2870998574257429e-09
14,0.014763100429771699,0.14153003231495903,0.020030750047073349,1.415789304096072e-06
15,0.012340244490106593,0.11155730366920197,0.012445032001942543,0.00014816897416593323
16,-0.0049913475287831962,-0.045403797752595974,0.0020615048503586394,0.12351713776278278
17,0.01879198234996941,0.1973969637977456,0.038965561316568489,1.3874140391698144e-11
18,0.012489958855588552,0.12408664792084613,0.015397496192232027,2.406435983551249e-05
19,-0.001925321732374474,-0.015740211125658078,0.00024775424628029036,0.59355356233900758
20,0.0022517334592294523,0.022078588237278249,0.00048746405855128145,0.45406827070979616
21,0.0080848495114083044,0.084755877815794439,0.0071835588243258763,0.0039923178710275405
22,0.0085273113091806681,0.087260918318032898,0.0076144678657064091,0.003034964941491
23,0.012196250562691979,0.12699905594787664,0.0161287602116519,1.5369307582909586e-05
24,-0.0046901818612963171,-0.048860484323558447,0.0023873469283327009,0.097404383234807906
25,-0.00090654766187334796,-0.0093647735892249534,8.7698984377445211e-05,0.75085448680776667
26,-0.00050652020819187649,-0.0048820670868486224,2.3834579040490594e-05,0.86853160113948713
27,0.0091574980731482947,0.10281224754708587,0.010570358245683266,0.00047399008909355082
28,0.011804799918291788,0.10445401938506164,0.010910642165694834,0.00038354266699704197
29,0.010699422235549011,0.12059394498056675,0.01454289956597596,4.0670847727531336e-05
30,-0.0042868070107563057,-0.051653256335849412,0.0026680588900969675,0.079698815740426657
31,0.0021508097156281982,0.019751450471101436,0.00039011979571237313,0.50303374282891689
32,-0.0011846800824898088,-0.014989822597152055,0.00022469478149409039,0.61127965970517506
33,-0.0042937174096399754,-0.040628525903957255,0.0016506771171285258,0.16818789569708215
