,Slope,R Value,R Squared,P-Value
0,-0.40195916606956344,-0.052984136969817741,0.002807318770436407,0.072232217793731429
1,0.041077345233541118,0.0060108412159677735,3.6130212123576938e-05,0.83851364066755818
2,-0.044411979469166474,-0.0057592815472116464,3.3169323940052578e-05,0.84518478669667196
3,0.47799232780558554,0.069332020115916326,0.0048069290133538264,0.018598379920003277
4,-0.21818466210180701,-0.033522720190400798,0.0011237727689639052,0.25558712740451056
5,-0.17933752332402558,-0.024685554619073506,0.00060937660685126131,0.4025512679787242
6,-0.049853216061494045,-0.0078204813877201032,6.1159929135676548e-05,0.79089249774712478
7,0.51717060021300953,0.075753712584414296,0.0057386249703220487,0.010109201738686702
8,0.024954390897728721,0.0040918993930819068,1.6743640643104076e-05,0.88966076238051772
9,0.24511528295522544,0.033024872895403748,0.0010906422297575732,0.26271802840420755
10,-0.031310702292440894,-0.0049981449963013734,2.4981453404052455e-05,0.86543517954175875
11,0.0099828495369939148,0.0012631135815743778,1.5954559199576524e-06,0.96584105756438599
12,0.25318312226733691,0.035937907255113109,0.0012915331778771114,0.22290396146558464
13,0.076385240845646463,0.010425776270572153,0.00010869681084402539,0.72372260078703254
14,0.020965119395835067,0.0028655275850504717,8.2112483406851877e-06,0.9226042208642149
15,-0.17105350887445223,-0.023071981152332086,0.00053231631429356699,0.43401301396219527
16,0.037928837935586997,0.0052728231304558556,2.7802663765070288e-05,0.85811633354878958
17,0.1452050463544558,0.024639267387283715,0.0006070934973820629,0.40343431915530625
18,0.0023879467001126165,0.00033092586931643007,1.0951193098283495e-07,0.99104808008259937
19,-0.10524865113704673,-0.014547642794227243,0.00021163391086843181,0.62183352564225769
20,-0.42745529518438546,-0.06363754687860744,0.0040497373727269598,0.030790130842080536
21,-0.15686583930676187,-0.024474531703341927,0.00059900270209788911,0.40658647411775162
22,-0.12352677068236793,-0.018208762791414909,0.00033155904239401607,0.5369668650210262
23,0.34931116130359696,0.054543452437305913,0.0029749882037806525,0.064222209346968859
24,0.084727302448971781,0.012705583498965592,0.00016143185204918673,0.66662032170414931
25,0.20376707039922773,0.032279883500417966,0.001041990878800556,0.27364307457861903
26,-0.19477625341591079,-0.0031045638189767144,9.6383165060992816e-06,0.9161708902741752
27,-0.27876360089651792,-0.044357296076002327,0.0019675697151741315,0.13241595526556993
28,-0.027935103367714157,-0.0038787251807641792,1.5044509027894114e-05,0.89537514025506915
29,-0.076290419909760279,-0.01143675942695562,0.00013079946619005823,0.69818790650459972
30,0.65256153022902919,0.10109367743048239,0.010219931616418425,0.0005896851743881922
31,-0.16401098548315554,-0.022551579231396876,0.0005085737258299709,0.44445480866940357
32,0.21420895127649381,0.032212049217612497,0.0010376161147978898,0.27465302907846184
33,0.51195823891834358,0.073638247688337294,0.0054225915226089128,0.012417701617906188
