,Slope,R Value,R Squared,P-Value
0,-3.5383566491408809,-0.46416463418838477,0.21544880763123705,1.2903348880063469e-62
1,-3.1109964653384052,-0.46033275975279014,0.21190624970162,1.7350696692360742e-61
2,-2.4047038296307188,-0.3199341686258213,0.10235787225429546,7.8985218123835904e-29
3,-3.4819842055619681,-0.47261996303201115,0.22336962945637959,3.7063489540736332e-65
4,-3.7779651185120389,-0.51332246295544715,0.2634999509746464,1.9248974479525174e-78
5,-3.9235343498089494,-0.48753341777979081,0.23768883345204406,8.097545509153782e-70
6,-3.4324929387479135,-0.45996253647042634,0.21156553495630828,2.226387567807093e-61
7,-3.7437821249016063,-0.51654797472538283,0.26682181019289475,1.4218055813143267e-79
8,-4.011842116211227,-0.57211124065823005,0.32731127168749924,4.0400011467252284e-101
9,-3.5074880306385978,-0.45586216755293391,0.20781031580605919,3.451579049093769e-60
10,-2.2105293184231423,-0.33322668107297382,0.1110400209789094,2.8383106371340564e-31
11,-3.2869660495012729,-0.42185311347745968,0.17796004935062648,6.4275095794754506e-51
12,-3.9828988004536519,-0.51831127955843048,0.26864658251749746,3.381274524853657e-80
13,-2.7625061553342025,-0.37859619519255866,0.14333507901428197,1.4368497675154859e-40
14,-3.0058182435332319,-0.42045873660316041,0.17678554918592582,1.4655541640930208e-50
15,-3.8172173475120963,-0.50273091099286538,0.25273836886771633,8.2384706626225163e-75
16,-3.6026789501248708,-0.48614552329142657,0.23633746981629497,2.2483964059993493e-69
17,-2.165150346734368,-0.35953309559016999,0.12926404682465031,1.7700223531240132e-36
18,-1.8710647411125005,-0.26440084172642964,0.069907805105644497,7.0275679603498751e-20
19,-3.1744851248647219,-0.43129724285986459,0.18601731169852101,2.1817631520101178e-53
20,-3.8833374802373255,-0.49954381364073441,0.24954402174672879,9.6338334014254181e-74
21,-3.2331728080223598,-0.46607625915024165,0.2172270793434832,3.4855619298266159e-63
22,-4.0010878871654123,-0.53242467387037906,0.28347603334597948,2.523223193908867e-85
23,-3.1664162089698049,-0.44841164322836863,0.20107300178276574,4.5699948912332305e-58
24,-4.0217767280038528,-0.54387597655997288,0.29580107787906418,1.1479781955977237e-89
25,-2.9167630243510301,-0.41921398313779296,0.17574036365825377,3.0488037091975173e-50
26,-3.6832443762604465,-0.065226419809871872,0.0042544858412136453,0.026841682001168286
27,-3.8430974816496053,-0.52733260632172374,0.27807967769006209,1.9044416429351518e-83
28,-3.0118469334503,-0.40909635978673253,0.16735983159075571,1.0490504825000663e-47
29,-3.6171077291336582,-0.50190755664024878,0.25191119541258455,1.5589239831272792e-74
30,-3.7422217188815328,-0.54471167493100625,0.2967108088061422,5.4507734397445078e-90
31,-3.9217967509959384,-0.52489276347860081,0.27551241315220237,1.4731126182362628e-82
32,-4.0985155185067379,-0.54532872440984725,0.29738341766647114,3.1407216850652116e-90
33,-3.2323111121628969,-0.44121584525872598,0.19467142210737204,4.5691821774992895e-56
