,Slope,R Value,R Squared,P-Value
0,1.5666688645387243,0.031321117540676312,0.00098101240399686143,0.28815375406476657
1,-11.420458677206648,-0.20597774677564312,0.042426832166770963,1.6727461591482871e-12
2,-10.083843220958046,-0.18540463267292581,0.03437487781658255,2.2818330257870935e-10
3,-6.9148473364518406,-0.13673821927617805,0.018697340610820151,3.1944383736728771e-06
4,-4.9892728247584284,-0.099439583203932161,0.009888230707771747,0.00072536681921458242
5,-16.075120729703421,-0.29212742332050845,0.085338431455879549,4.233716283149664e-24
6,-4.7968441414376777,-0.08679992759387066,0.0075342274303011889,0.0031936645701279849
7,-7.4471645975941803,-0.15467740795906315,0.023925100532934451,1.3202791261470716e-07
8,-8.9089037240177955,-0.17719441792816445,0.031397861744901008,1.3987037112737933e-09
9,-9.6345955991061487,-0.18170639735367305,0.033017214839250922,5.2178087618373816e-10
10,-1.1738908201923837,-0.025714519967243981,0.00066123653714578938,0.38322123410836562
11,-3.1486115937201911,-0.053763537300183899,0.0028905179430282653,0.068131917853189936
12,-0.35389275223789635,-0.0066772768681501561,4.4586026373933158e-05,0.82089749903706499
13,-7.5239710597257954,-0.14479838556621247,0.020966572462581528,8.0021150064995525e-07
14,-10.967236646246102,-0.23636548998997653,0.055868644858201692,4.3191851789456958e-16
15,-11.456914350276403,-0.22043251899432031,0.048590495430181388,3.823256102945436e-14
16,-3.359759505192196,-0.067467759647468914,0.0045518985918486347,0.022018105154816295
17,-8.630112919990351,-0.20125926220518958,0.040505290623377252,5.4164432688227995e-12
18,-12.528775686073619,-0.24463465955135169,0.05984611665380575,3.686705773115611e-17
19,-6.5680526766698408,-0.11496230161829796,0.013216330793376514,9.2034263943103451e-05
20,-7.2733668567594245,-0.13562959431860211,0.018395386855028586,3.8413619466121448e-06
21,-6.8419499020046706,-0.13771772786385214,0.018966172567982036,2.7108792564276342e-06
22,-9.8600074727694107,-0.19096490075657083,0.036467593320966947,6.3713914917415396e-11
23,-7.1933411395552787,-0.14886037696223728,0.022159411829339382,3.8687268159602549e-07
24,-10.708310919335014,-0.19200104269908669,0.036864400397536509,5.0017582350117654e-11
25,-5.3328285524144698,-0.10917096807902217,0.011918300271310878,0.00020525127229715161
26,-1.9795160462813319,-0.0049006012320056214,2.4015892435135014e-05,0.86803705949367671
27,-1.7967531416416633,-0.033850402886787763,0.0011458497755978494,0.25096753826822593
28,-7.5719701733324998,-0.13207890320845778,0.017444836672749157,6.8673873298487395e-06
29,-9.0073946100555595,-0.18875623878532297,0.035628917680381865,1.062509862137518e-10
30,-8.9747888510271494,-0.19569008373817176,0.038294608873452679,2.0898080871935766e-11
31,-4.5888687493693432,-0.095234459325570564,0.0090696022430337541,0.001211267617842669
32,-0.7759520186216089,-0.015978766899703272,0.0002553209916350529,0.58796789898469637
33,-5.1949371751850046,-0.10723836797577528,0.011500067566107785,0.00026598232280515652
