,Slope,R Value,R Squared,P-Value
0,-2.740566770862499,-0.098153036284868517,0.0096340185319387164,0.00085034257938449505
1,-4.2877356462369089,-0.12143608474669346,0.014746722678606116,3.5883058541916738e-05
2,0.17228033810208862,0.0053367200392977687,2.8480580777842378e-05,0.85641551020876783
3,-5.6022786425052153,-0.18383104212360682,0.033793852048251305,3.2510978870549157e-10
4,-1.7448617044730834,-0.059580168360939025,0.0035497964619178395,0.043195066446358017
5,-3.3158041070271702,-0.10114895642305385,0.010231111385472847,0.00058558725130728243
6,-3.1998391319922828,-0.10058797154230423,0.010117940018995405,0.00062843109770681631
7,-6.5853799027463822,-0.21315377987854772,0.045434533876512376,2.6515698994031436e-13
8,-5.3119175326000736,-0.16099476521878281,0.025919314427851,3.9228769680477996e-08
9,-2.3069009706157799,-0.072001377654589457,0.0051841983841588142,0.014512235207001858
10,-4.5507240282477603,-0.15276203685710937,0.023336239904732842,1.8894935314558709e-07
11,-4.7794548539570751,-0.14024540200496433,0.019668772783534051,1.7656016637959824e-06
12,-5.4911648611899828,-0.17340418055765333,0.030069009834871239,3.14056934371451e-09
13,-5.1449303221161253,-0.16434761126623626,0.027010137328917907,2.0200372711565951e-08
14,-1.3178927046088547,-0.046112514498939411,0.0021263639934148973,0.11776035898133877
15,-4.7542312839912748,-0.14911012276756733,0.022233828711759,3.6972874946756264e-07
16,-2.5858414418371987,-0.091802137319412863,0.008427632416412336,0.0018142067026426984
17,-1.9828446205243782,-0.061935627113222945,0.0038360219059081972,0.035561957805636445
18,-4.4176353980955412,-0.14074548479207075,0.019809291489355018,1.6205539056892453e-06
19,-2.7173925293077326,-0.078373706544724517,0.006142437877558595,0.0077839952608678977
20,-4.2371499896799287,-0.13381116311490471,0.017905427374163636,5.1820316387609146e-06
21,-4.1865265079349863,-0.12866715719965363,0.016555237341840379,1.1835990749412398e-05
22,-3.8862048391501762,-0.12853984247979128,0.016522491104729555,1.2075716425619495e-05
23,-3.2172360551448391,-0.099868990383121276,0.0099738152401439694,0.00068760213989941556
24,-3.6046825970375069,-0.10564055799805126,0.011159927494139632,0.00032850106467835309
25,-1.2848122406646192,-0.040523724430912872,0.0016421722417525647,0.16928891662580142
26,-2.7101349744014884,-0.089370804603011958,0.0079871407153897442,0.0023963619239786224
27,-1.3755134779868143,-0.039642163064797536,0.001571501092455998,0.17876495445707433
28,-4.3855558979951574,-0.12049107615220424,0.014518099432316281,4.1295548940730027e-05
29,-4.585572420177054,-0.15771886071729746,0.024875239025962274,7.4049953284432135e-08
30,-4.80318676361291,-0.15500671450522349,0.024027081541703865,1.240815844245527e-07
31,-5.0979775033648664,-0.18319502906567206,0.033560418674372428,3.7479189803631747e-10
32,-4.19821670774403,-0.1388247931579365,0.019272323195343853,2.2488119196403634e-06
33,-5.1535150837483101,-0.16757311649411097,0.028080749371548884,1.0530720353590142e-08
