,Slope,R Value,R Squared,P-Value
0,-0.14313135244652883,-0.033398840127182819,0.0011154825218411173,0.25734883674913639
1,0.020695117228221913,0.004790371195985816,2.2947656195330578e-05,0.87097905027261158
2,-0.2569686088946409,-0.056856858564805796,0.0032327023658583302,0.053699643324974879
3,-0.039184465461425962,-0.0088522319283183288,7.8362010112738439e-05,0.76407462687576033
4,-0.038755368910869906,-0.009040948769869531,8.1738754659405383e-05,0.75919877373922073
5,-0.26231968790392612,-0.056112596664692392,0.003148623504454448,0.056915744226956576
6,0.044635171713644013,0.010274517289231394,0.00010556570552671485,0.72757037075247832
7,-0.53611414540924796,-0.1143699888328216,0.013080494345619736,0.00010007751619239099
8,-0.11811752643850393,-0.025638752640115593,0.00065734563694103436,0.38462492429529627
9,-0.19943733490138077,-0.043415486889428132,0.0018849045018461059,0.14084134685735664
10,-0.13274079944245251,-0.030951203163724381,0.00095797697728214218,0.29388840371211084
11,0.27479192606717517,0.060465601702981771,0.0036560889893036321,0.040177413732992176
12,0.22098059623247629,0.048273625935799321,0.0023303429609894768,0.10149738845643053
13,-0.048396481232160268,-0.011048631027560863,0.00012207224758318061,0.70795254444291933
14,0.065651746969504793,0.014959852262706311,0.00022379717972199914,0.61199247788254074
15,-0.072841933394378944,-0.016011613624784673,0.00025637177086939016,0.5872007144082434
16,-0.31669705435865675,-0.074795213531651403,0.005594323967245329,0.01110315368251086
17,0.21323864716382818,0.047349614896648635,0.0022419860308609302,0.10821778537075229
18,0.18791797465332385,0.043690417619274481,0.00190885259174661,0.13834035690513122
19,-0.047068983183222529,-0.010574326014546826,0.00011181637066192176,0.71995052318166286
20,-0.080135637161286605,-0.018286502022776627,0.00033439615622901371,0.53522980447268442
21,-0.010450066798286651,-0.0022935428223772466,5.2603386780781864e-06,0.93801815632350705
22,0.14196086595137075,0.032658108536569155,0.0010665520531863311,0.26805835131444855
23,-0.089022366009387496,-0.018901764933100716,0.00035727671758619593,0.5215824837487617
24,-0.14624561025583485,-0.031975663499855131,0.0010224430562559676,0.27819231957190865
25,-0.043604144936250387,-0.0099969121167374636,9.9938251869772317e-05,0.73464998619623101
26,-0.27877072097428601,-0.065859716336940627,0.0043375022359822841,0.025394157876504942
27,0.08149456015602452,0.017494856105338023,0.0003060699901464831,0.55305007424366126
28,-0.067278136270292305,-0.014350968766416684,0.0002059503045346672,0.62655295184915505
29,-0.12348026810829531,-0.028625695529789663,0.00081943044456421986,0.33168151287513437
30,-0.051828692387847125,-0.011219938779301945,0.00012588702621128361,0.70363671068770239
31,-0.14126080811931846,-0.032483815748859224,0.0010551982856058346,0.2706220993358931
32,-0.097460058743594133,-0.020580649572805143,0.00042356313683860453,0.48527351597614088
33,0.0036595149767704293,0.00078829561563933015,6.2140997763619054e-07,0.97867779829943413
