,Slope,R Value,R Squared,P-Value
0,-0.038754594345252573,-0.061534724342851191,0.0037865222999506828,0.03677352300220138
1,-0.0068960970582159237,-0.011981620191565711,0.00014355922241493516,0.68456423047451587
2,-0.043520377216942609,-0.066609934981347471,0.0044368834382193375,0.023767120208446645
3,-0.024874765204450752,-0.041048488224694035,0.001684978385532845,0.16382969054719046
4,-0.0049003816501648183,-0.0087998476914783498,7.7437319393216841e-05,0.76542973931945235
5,-0.043184190684654886,-0.067241144946990489,0.0045213715737821847,0.022468924044350008
6,-0.033687556928401509,-0.054896271435592385,0.0030136006175302365,0.062515309217858028
7,-0.080711160523367256,-0.13243229152897742,0.017538311839616065,6.4858538790736107e-06
8,-0.043627892038293641,-0.071417087779299032,0.0051004004268761028,0.015331970894839371
9,-0.018816440113037892,-0.031858906137989147,0.0010149899003092026,0.27995186114016951
10,-0.046810756126424734,-0.076852260303540559,0.0059062699137631559,0.009067982513660422
11,0.014419033795134709,0.02343537196348814,0.000549216659067046,0.42680635038070314
12,-0.0042405506348851514,-0.0068760129685099267,4.7279554343116697e-05,0.81566122463006874
13,-0.018751638214730967,-0.031669105853352267,0.0010029322655508309,0.2828282521733449
14,-0.026997818354551908,-0.048682335279676026,0.0023699697682827889,0.098632701527598815
15,-0.0253434567791085,-0.043654171062082005,0.0019056866511175179,0.13866811519902192
16,-0.029692912044402622,-0.050320629468039349,0.0025321657500597099,0.087791160524458275
17,-0.0047074421702009523,-0.0078662841882977397,6.1878426931063032e-05,0.78969644478366519
18,-0.0058112521228040935,-0.010096403677556738,0.00010193736722018123,0.73211007990448662
19,-0.024954899005486583,-0.04184390318611967,0.001750912233849356,0.15580895342402787
20,-0.0080457923574905037,-0.013580886042979648,0.00018444046571239941,0.64517791022872284
21,-0.031863993737169728,-0.052686540103008495,0.0027758715080259222,0.073850135756026544
22,-0.0061535812472180585,-0.010716473829757701,0.00011484281134388168,0.71634737036954055
23,-0.035509239842643148,-0.058403322759600224,0.0034109481093620377,0.047500028317433551
24,-0.041655841490760757,-0.064772551237189169,0.004195483393774296,0.027922363027150145
25,-0.026483094753099165,-0.04878987571509423,0.0023804519722943418,0.09788975308301065
26,-0.032830243421173508,-0.053966808236634509,0.0029124163912496821,0.067094554804483383
27,-0.033229753610349043,-0.053078411501752402,0.0028173177675493619,0.071725771490444859
28,-0.029590300422248524,-0.0483839178011648,0.0023410035017898722,0.10071789974755073
29,-0.0017930201861289662,-0.0028950804671006186,8.3814909109875349e-06,0.92180856315071991
30,-0.034704467277509837,-0.055861274680583321,0.0031204820089395791,0.05803726703079732
31,-0.044057045945643351,-0.075062638108690322,0.0056343996398362083,0.010817467954088458
32,-0.060641757451653296,-0.096309090978549616,0.0092754410051145465,0.0010644981562114332
33,-0.028906864648133902,-0.051967746668772498,0.0027006466938297152,0.077880188808388956
