,Slope,R Value,R Squared,P-Value
0,-0.96916485209656478,-0.15207364187760802,0.023126392553918976,2.1469942883889963e-07
1,-0.92449606073426538,-0.12774458570329986,0.016318679176507721,1.3681169123030767e-05
2,-0.84406854066305781,-0.11480263212943191,0.013179644343845671,9.4140276773667153e-05
3,-1.9291462276179541,-0.25706291872171111,0.066081344181725052,7.6557474045243427e-19
4,-0.9669488492750502,-0.14106871026394027,0.019900381015531529,1.5329655537558317e-06
5,-0.22162180105825141,-0.0301423964811088,0.00090856406562436016,0.30669170781742444
6,-1.5350617281844201,-0.18447511034708794,0.034031066337570269,2.8136127712004064e-10
7,-1.4187604280213122,-0.24004581795144148,0.057621994715976579,1.4611601829771781e-16
8,0.17847570930906712,0.025027255843638886,0.00062636353506295673,0.39606829346530348
9,-1.5966450273978929,-0.20409736141306184,0.041655732935773987,2.6808454096310024e-12
10,-0.42547107656251132,-0.076058897279661059,0.0057849558553980324,0.0098097739169574934
11,0.29935781500685898,0.037904614577776406,0.0014367598062897796,0.19858597484594323
12,-2.4099678035504168,-0.31105287291016187,0.096753889745665317,2.908834911141544e-27
13,-0.15489040944694618,-0.023793268713673706,0.00056611963608108398,0.41977720942978325
14,0.038472847728314621,0.0053622019017005688,2.8753209234601197e-05,0.85573741309190676
15,-0.47369096079387968,-0.067069151748124389,0.0044982711162129367,0.022816409502138629
16,-1.0280201876154562,-0.1364928479183303,0.018630297532856444,3.3279356394524547e-06
17,-0.3172467314864818,-0.05280228025582228,0.0027880808002143996,0.073217420064564762
18,-0.40290501464510864,-0.063079280891817635,0.0039789956778288295,0.032291001441488387
19,-1.4107685000179855,-0.18208591835318072,0.033155281662521192,4.7969669116530118e-10
20,-1.0171583218399556,-0.14212582029337986,0.020199748794066108,1.2771367686435572e-06
21,-0.96018726855785763,-0.13825561965382249,0.019114616365862428,2.4760331973352054e-06
22,-0.59699762981906668,-0.086120257000348754,0.0074166986658061188,0.0034414492989525416
23,-0.76852803371013978,-0.11311911420135545,0.012795933997699297,0.00011929157066924875
24,-1.4246279919481124,-0.19411690435154383,0.037681372555026418,3.0384416957385516e-11
25,-1.2852579815122547,-0.17532100959151592,0.030737456404188419,2.0908213030998891e-09
26,-0.67770580600561292,-0.012568013231575472,0.00015795495658905612,0.67001585235536298
27,-1.0693738368577537,-0.14976855297879621,0.022430619461362489,3.2796777469972229e-07
28,-0.85546357046761567,-0.11966359300721593,0.014319375491396618,4.6661961933880951e-05
29,-0.54071680494790775,-0.085854742373250414,0.0073710367879772001,0.003542903519060277
30,-1.5583667671185892,-0.26934824386821088,0.072548476474889198,1.345676727397792e-20
31,-1.1008441135608971,-0.14525972679689611,0.021100388229108896,7.3753902638750395e-07
32,-1.5396168224266376,-0.24405674139194325,0.059563693018853864,4.3917988370941265e-17
33,-1.140722943107511,-0.1567756969824628,0.024578619164336995,8.8699612136130121e-08
