,Slope,R Value,R Squared,P-Value
0,0.21415162312364586,0.40962026079161074,0.1677887580509872,7.7906302140437369e-48
1,0.14431343085330695,0.23503800608587969,0.055242864304826014,6.3567965698454327e-16
2,0.18746366295070879,0.29715224129153617,0.088299454504583333,6.4525606531832558e-25
3,0.21634413985747175,0.34943432368028199,0.12210434656589608,2.0189635049099369e-34
4,0.091340641851699378,0.17574098001495303,0.030884892056616119,1.9113565411965629e-09
5,0.12789831550842815,0.2125521070519997,0.045178398212244737,3.1023079353474158e-13
6,0.20496252281865573,0.30292119172311516,0.091761248394952297,7.104417990557291e-26
7,0.19836033366517036,0.40227372655558535,0.16182415107691786,4.8167162325792559e-46
8,0.13939928795417436,0.22463875866564814,0.050462571894843308,1.2095871813722228e-14
9,0.19248716449892056,0.31670950929387409,0.10030491327716652,2.9671739789979295e-28
10,0.12150995882913875,0.23437644581211903,0.054932318351521167,7.7001084339122281e-16
11,0.14881006268828442,0.23916993650141902,0.057202258526092807,1.8942660357177295e-16
12,0.22812974444616424,0.36578922563344041,0.13380175758951199,8.6259121275631502e-38
13,0.13477717544937337,0.25422317006362127,0.064629420197196905,1.8906784395148859e-18
14,0.096011298481807783,0.17191935899407595,0.029556265996933964,4.2906971790978677e-09
15,0.17679131332042558,0.31975233236568934,0.10224155405329827,8.5142363685901277e-29
16,0.1227184766779077,0.20670191591432974,0.042725682042654638,1.393206155960332e-12
17,0.16126104345841616,0.27054004079691418,0.073191913674395995,8.9899859775343456e-21
18,0.14242739602386179,0.27188920142326911,0.073923737850582996,5.6804965310215206e-21
19,0.16994168001412591,0.26976039767387888,0.072770672153169277,1.1707325070586613e-20
20,0.13298494283408457,0.23277738113171717,0.05418530916654072,1.2209259630944799e-15
21,0.18628548832672978,0.30854709411996423,0.095201309289874067,7.8712232876750096e-27
22,0.12621391596749401,0.23538419579484066,0.055405719629983884,5.7486782481929584e-16
23,0.14929771984866577,0.25534166574978839,0.06519936626787666,1.3260265182585651e-18
24,0.15116486435519771,0.23942646280590235,0.057325031091746144,1.7557701548337371e-16
25,0.16739676814542212,0.28270516823847841,0.079922212148746383,1.3032877879313892e-22
26,0.13013880397493222,0.22367970211623944,0.050032609138809615,1.5757463956125863e-14
27,0.21314958316452562,0.33978302042113917,0.11545250096651227,1.5926469345475272e-32
28,0.1814072662527712,0.30638342073489905,0.093870800501218168,1.8449630837481681e-26
29,0.17627033217560359,0.31994738912333009,0.1023663318068356,7.8555166825704815e-29
30,0.19120343446883195,0.36368202889137158,0.13226461813854443,2.4045666770952947e-37
31,0.17400381440980722,0.29455645947372067,0.086763507817693639,1.7132457082636902e-24
32,0.18523528872304595,0.3546163629197891,0.12575276485045958,1.8149272525475789e-35
33,0.12736962777341262,0.23012439368464643,0.05295723656872614,2.6034519224031434e-15
