,Slope,R Value,R Squared,P-Value
0,0.57330699482215353,0.091036208965887988,0.0082875913428808248,0.0019818334736557259
1,-0.10805484306937123,-0.014821640793561163,0.0002196810358133564,0.61528445780552976
2,0.59475587560197141,0.079877133922756471,0.0063803565237139726,0.0066775424973281022
3,-0.71825072288619718,-0.10196972527906815,0.01039782487348863,0.00052777529484958775
4,-0.24247366601309775,-0.039915663042018504,0.0015932601560839619,0.17578381994172354
5,0.6387277153827291,0.093837787102910339,0.0088055302883711262,0.0014299307703194162
6,-0.13154832521178403,-0.01871576127279129,0.00035027972002011428,0.52568935011362272
7,-0.20692828808769695,-0.037462477483796053,0.0014034372192239263,0.20387658031914238
8,1.1745034845097819,0.18959134660557408,0.035944878707714928,8.7633357617719836e-11
9,-0.32746233334328456,-0.042874399171502993,0.0018382141043173765,0.14586472776482182
10,0.43984618429026701,0.082491266684090916,0.0068048090791458082,0.0050852591419278011
11,1.7828823192467822,0.2230741028004776,0.049762055340238046,1.8609578957460031e-14
12,-1.1389175604029378,-0.15986186776857805,0.025555816766458336,4.8939850286126689e-08
13,0.9013313265237477,0.13739964397127197,0.018878662163432293,2.859648142452696e-06
14,0.82268977779199848,0.11166139841228589,0.012468267895387243,0.00014605612713368686
15,0.7334874391717362,0.10388156556213642,0.010791379663640447,0.0004130722763030623
16,-0.32984036446751952,-0.045574167230186875,0.002077004718725039,0.1221136122040032
17,0.86477538097354034,0.14732174179052973,0.021703695604195515,5.1065838032159749e-07
18,0.53255806483157564,0.081091342739034969,0.0065758058672196395,0.0058893399630730947
19,-0.36692624510268768,-0.048012772005935934,0.0023052262756939855,0.10336007129623241
20,-0.1383397821053084,-0.021357422446988197,0.00045613949357911534,0.46894872793038533
21,0.40679281837577508,0.063577325541489899,0.0040420763230085838,0.030949101000969342
22,0.26973923049339793,0.042580382107212447,0.001813088940396218,0.14865117572305936
23,0.32273505657365376,0.052402093199550963,0.0027459793716944252,0.075424101384409498
24,-0.49243510867051121,-0.075218807439434987,0.0056578689926107999,0.010653669650925904
25,-0.26292407156535585,-0.038181589818748612,0.0014578338010871677,0.19532317379324457
26,0.31546129880833629,0.0052574821305553642,2.7641118353108972e-05,0.85852478223039097
27,0.35017960895144945,0.055609147992408493,0.0030923773404415897,0.05918074831492813
28,0.51993919265526112,0.07456760719304624,0.0055603280424964411,0.011351554185088932
29,0.52414166452369837,0.088329455121652814,0.0078020926420880789,0.002694367418558094
30,-0.39842600224823777,-0.072937503462039033,0.0053198794112749555,0.013279212129207595
31,0.080268994363730362,0.010966124603417003,0.00012025588881766772,0.71003452379786669
32,-0.36659007749081313,-0.066450917942203619,0.0044157244953614786,0.024104237788207319
33,-0.31927576150161102,-0.046152872775048231,0.0021300876653897881,0.11743897285050924
