,Slope,R Value,R Squared,P-Value
0,-1.4040683825423659,-0.22585697359946552,0.051011372523509665,1.1563244536582071e-14
1,-1.5566965408105951,-0.2265757281332402,0.051336560579107973,9.4836782989462757e-15
2,-1.2788185577210203,-0.18038004240112876,0.032536959696633012,8.4239060230763302e-10
3,-2.918922920587093,-0.40769199993569027,0.16621276681156288,6.3433922832400436e-47
4,-1.343105719919673,-0.20573126526439961,0.042325353507290754,2.2683245628112998e-12
5,-0.57098274889394507,-0.077214145077365667,0.0059620242000284727,0.0090746190982688487
6,-2.0343530014557918,-0.25647524468201244,0.065779551134698147,1.3496023581683458e-18
7,-2.027156816319156,-0.36281179785662598,0.13163240066395723,8.0007738612671419e-37
8,-0.097603458553460712,-0.014505678113318555,0.00021041469752720895,0.6245079157291209
9,-2.1030550106608477,-0.2831013304429173,0.08014636329854985,1.7996729185554082e-22
10,-0.67447543767472973,-0.13162041080398046,0.017323932540208576,8.1764671306032276e-06
11,0.40298610681569802,0.051375227397751494,0.0026394139901706757,0.082806114560320776
12,-3.0424662951346875,-0.41179011435656571,0.16957109828179345,6.3068282263002707e-48
13,-0.38794055978979247,-0.063275707407916798,0.0040038151479722967,0.032584188794900937
14,-0.19353634588414104,-0.028831383199276736,0.00083124865718353679,0.33054276164273833
15,-0.63298634505441775,-0.09653964680690591,0.0093199034056021379,0.0010944960838338929
16,-1.7258986862975658,-0.23080237172922408,0.053269734795834932,2.9152665577892003e-15
17,-0.40264744554393056,-0.077292240425813091,0.0059740904300416954,0.0090046628643688474
18,-0.68219484295540889,-0.11170816123273992,0.012478713285999818,0.00015616241549357154
19,-2.2580495669189262,-0.30142449938142973,0.090856728827345537,2.1467764129351234e-25
20,-1.5002299216999486,-0.2209879017044809,0.048835652699749314,4.35147218228975e-14
21,-1.342857086656468,-0.20776506329398736,0.043166321525554573,1.3624100766284067e-12
22,-0.94758696744325754,-0.14699296309539767,0.02160693119956494,6.1356028076244131e-07
23,-1.4910545607805168,-0.23002280368867919,0.052910490216800644,3.6302488945512505e-15
24,-1.8424709347796822,-0.27064549566835072,0.073248984325567243,1.3242244098449735e-20
25,-1.8315979980929809,-0.26971456858630843,0.072745948507698471,1.8098282018443269e-20
26,-1.1039717929983541,-0.053522481122741689,0.0028646559855342404,0.070725926069458087
27,-1.5748324169465089,-0.23319263113542449,0.054378803215862144,1.4805681459297064e-15
28,-1.0723844144990495,-0.15943555536863854,0.025419696315706206,6.1532361252881525e-08
29,-0.7857962683218519,-0.13439738879737334,0.018062658115552334,5.2267602227671582e-06
30,-1.9765266208303822,-0.37285412778604171,0.13902020060708992,6.0008060313914146e-39
31,-1.7038454947695989,-0.24057935578443221,0.057878426429652415,1.7387718893099099e-16
32,-2.2334584626308032,-0.36080840057051805,0.13018270192225542,2.0800229143745015e-36
33,-1.5845189593371776,-0.22967831682759871,0.052752129220758809,3.9987058094667093e-15
