,Slope,R Value,R Squared,P-Value
0,-0.00028987159493371766,-0.0023926952843142395,5.724990723579599e-06,0.93565378032753532
1,-0.0085091589328959265,-0.073009354043769736,0.0053303657778885167,0.013634556422140722
2,0.045432195508170334,0.34554672262051994,0.11940253751378255,2.4157893083866565e-33
3,-0.0011663691973481845,-0.011430704460136394,0.00013066100445498205,0.6997161763539379
4,-0.01110754829959958,-0.11748139738658472,0.013801878731904636,6.9555787162200406e-05
5,0.006282892891731489,0.051122768878530421,0.0026135374978076384,0.084330106478004513
6,0.010301344128483363,0.10626653163891672,0.011292575746564889,0.00032340143243689962
7,-0.0027757541849425423,-0.02606558866974041,0.00067941491270009956,0.37905118067433385
8,-0.0070759375073834313,-0.075092950430811711,0.0056389512044043447,0.011169697739961465
9,-0.011516054747138122,-0.099788545850752974,0.0099577538830078281,0.00073692386533741718
10,0.028767085727668517,0.28657908618751066,0.082127572640068661,5.2085543562341833e-23
11,0.01564308145343777,0.12752577043539748,0.016262822125141699,1.5561702728697141e-05
12,-0.011884001165651421,-0.11247953974620914,0.012651646861519041,0.00014047234827105812
13,0.026448308733574028,0.21213827141646183,0.045002646199564428,4.4716294951313638e-13
14,-0.0059725356697042029,-0.054109229272181036,0.0029278086924294532,0.067688616404544502
15,-0.021255317437577029,-0.16540853652619761,0.027359983955738448,1.9105236335501128e-08
16,-0.022368815147951072,-0.18640170391400951,0.034745595222046066,2.2214470658618786e-10
17,0.034925625248788152,0.34720817122807085,0.12055351416754137,1.1416228903162675e-33
18,0.034140051352263917,0.28431980022513653,0.080837748800061546,1.1678770746051019e-22
19,0.0081151120229210009,0.066176069199660917,0.0043792721347183103,0.025394936688005344
20,-0.0091743267259774258,-0.080456329560340781,0.0064732209663221655,0.006545194655130827
21,-2.24695413944776e-05,-0.00022304117833745575,4.9747367234160739e-08,0.99399535195861288
22,-0.016229929447874967,-0.14622383632321304,0.021381410309077795,7.0304361423723985e-07
23,0.0030968058194085235,0.030952549225609131,0.00095806030356375643,0.29618896323405058
24,-0.0075641639707191843,-0.075384030165160723,0.0056827520039418617,0.010858870889039876
25,-0.010601546694718002,-0.11257057622231684,0.012672134631024444,0.00013872173919385482
26,-0.0043832377965876352,-0.038032421500147046,0.0014464650851648473,0.19923232634168123
27,0.0077132369939455717,0.085535931610092708,0.007316395596406457,0.0038349867057065256
28,0.018973631362971737,0.15260070779730495,0.023286976020238447,2.2264263578501043e-07
29,-0.008754339313492638,-0.08077623013576643,0.006524799354946301,0.0063336887494738463
30,-0.0063482862307477211,-0.061972559729972697,0.0038405981594850334,0.036342946194044864
31,-0.012369947371461545,-0.11239966076541483,0.012633683740180333,0.00014202549723443759
32,-0.0059620557503725271,-0.062287682287876213,0.0038797553647954082,0.035401726133290776
33,-0.0064179300976263442,-0.055463652469648253,0.0030762167452739186,0.061085254314028677
