,Slope,R Value,R Squared,P-Value
0,0.0095035388596747677,0.092537747160780601,0.008563234649592558,0.0017534622518342287
1,0.0018367903425983564,0.01442608170056602,0.0002081118332314058,0.62641043310000288
2,0.013291399987947813,0.099149120985399172,0.0098305481921773224,0.00079732066077984676
3,-0.016859603483323285,-0.15569258031885938,0.024240179566344479,1.253002767321669e-07
4,-0.0052068443811659221,-0.057193645320936806,0.0032711130650971165,0.053434837900304365
5,0.013957657163828185,0.12363177720704746,0.015284816335373021,2.8189854235850202e-05
6,-0.00031809915094769062,-0.0028409161313876505,8.0708044655785746e-06,0.92363379661830769
7,-0.0061257506116197376,-0.066669844433780212,0.0044448681568244547,0.024318627986283044
8,0.022593551763882055,0.23320616825970855,0.054385116914375496,1.4748660240996748e-15
9,-0.0062827119120684918,-0.053686648959075767,0.0028822562764550313,0.069865070376068608
10,0.008669894115509039,0.099553699268170703,0.0099109390379773718,0.00075859527354372612
11,0.037131191978704993,0.29401287717263958,0.086443571943333644,3.4680120479611315e-24
12,-0.017540856813360716,-0.16195948430377,0.026230874555943119,3.7734221996718082e-08
13,0.019975584609003089,0.17671732854447886,0.031229014207897282,1.8541143131448775e-09
14,0.01588394040621029,0.14556358835629216,0.021188758255160072,7.8976214165057841e-07
15,0.013031268077543257,0.11441736369876511,0.013091333115775492,0.00010734545547020754
16,-0.012152449043654872,-0.10173464945297968,0.010349938899320659,0.00057822153823115807
17,0.023353958638756632,0.23157721365632292,0.053628005884826233,2.3423514607946587e-15
18,0.014262857974156122,0.13158153905806086,0.017313701420887995,8.2273213720450706e-06
19,-0.0064779344031582605,-0.049118154047409532,0.0024125930570250533,0.097250996573596468
20,0.0006248875164049871,0.0058224287985061494,3.3900677113673762e-05,0.84425004371963541
21,0.0078760369139105422,0.079889274506467975,0.0063822961811697936,0.0069357486993957135
22,0.0089261769816448254,0.088205078774384924,0.0077801359215954498,0.0028637185596990427
23,0.010242076300999641,0.10286078291761445,0.010580340662424605,0.00050154806172207753
24,-0.007023287812890992,-0.071958314170865068,0.0051779989783129208,0.015051164499628315
25,-0.0041471012568572675,-0.04253994973882428,0.0018096473237816958,0.15099696549870842
26,-0.00074551580578556282,-0.0066053804550457347,4.3631050955900194e-05,0.82362969583576806
27,0.0061904611388023303,0.068020405931019212,0.0046267756230206339,0.021574112807388187
28,0.015301186711060981,0.12666123230136137,0.016043067768099429,1.778270059363647e-05
29,0.011492335632570731,0.12571836102502459,0.015805106298818424,2.0547716315217877e-05
30,-0.0063295092941411547,-0.073000202358618815,0.0053290295443992964,0.013646365209715386
31,-0.0029975182134055036,-0.026531996157380323,0.00070394682009524421,0.3705778924922235
32,-0.0057573784341456297,-0.069798518842860882,0.0048718332326572059,0.018373958277327733
33,-0.0069142457285567682,-0.061286013994968372,0.0037559755113914591,0.038467505038413875
