,Slope,R Value,R Squared,P-Value
0,0.0026372092289437105,0.030549413182051042,0.00093326664576767401,0.30252732658840603
1,-0.001713858260622558,-0.016282181663176104,0.00026510943971266816,0.58271424955555373
2,0.0089720358297475135,0.081382265969054832,0.0066230732142579804,0.0059497716600400369
3,-0.014772724012427354,-0.16375612166359968,0.02681606738230366,2.6517937637969092e-08
4,-0.0086552691963940366,-0.11435130511196487,0.013076220980809683,0.00010834173485246928
5,0.0040950502592800109,0.044160341132042376,0.0019501357288983538,0.13602167920189198
6,-0.00084450578402509328,-0.008877106032660672,7.8803011515100489e-05,0.76453243582249097
7,-0.0043155778585353662,-0.056197545824182224,0.0031581641566610611,0.057735784517383454
8,0.016571154105380813,0.2063093042765953,0.042563529031092784,1.9634207466816492e-12
9,-0.0049317306701062626,-0.04979798228225088,0.0024798390393833726,0.092702692349256849
10,-0.0017611166737707248,-0.024346633335334107,0.00059275855476520196,0.41129446323874452
11,0.02628806425855424,0.24814434242644365,0.061575614678252122,1.7974297447004336e-17
12,-0.01455264172153029,-0.15927427501854921,0.02536829468268445,6.3468956767207262e-08
13,0.012744735591799717,0.13508927179598837,0.01824911135437042,4.6688623898471288e-06
14,0.0099581655631138834,0.10867494614782315,0.011810243920232262,0.00023528090081845191
15,0.011212164712090134,0.11388713380474992,0.012970279246261013,0.00011559187468816582
16,-0.012485587894613983,-0.12650542110529539,0.016003621569028115,1.8213794231653945e-05
17,0.010068846227913915,0.11866661743754578,0.014081766094068844,5.8640681466592128e-05
18,0.0076666613036077682,0.084692915878528799,0.0071728900000075559,0.0041988236297167761
19,-0.010343988806455,-0.095073439604604529,0.0090389589182503852,0.0013034380867240499
20,-0.0058298587948261132,-0.06408066488724716,0.0041063316123916708,0.030432647662242907
21,0.0037262663777032383,0.044916427062710582,0.0020174854200797994,0.1294383477094174
22,0.0061387966335602947,0.070904259642823014,0.0050274140354968607,0.016600281270929627
23,0.0081871207562110599,0.099595920898718548,0.009919347459663802,0.00075465603963109954
24,-0.0078491006618290424,-0.09402064953892432,0.0088398825397212298,0.0014755039344854829
25,-0.010731563521629834,-0.1310711964953237,0.017179658550715755,8.9236228650419949e-06
26,-0.0080545283732177363,-0.088215412303774055,0.0077819589679248508,0.002860439649923518
27,0.0049216147354993311,0.065001852283306641,0.0042252408002608167,0.028121078175066209
28,0.010310982056356865,0.10100551737898528,0.010202114540996498,0.00063353429090538544
29,-0.00020611069993511569,-0.0027006427430669748,7.2934712256803138e-06,0.92739378065504829
30,-0.0017412760747363271,-0.024315112380397495,0.00059122469007135954,0.41190050441518367
31,-0.00017707210110180823,-0.0018754551346754846,3.5173319621806398e-06,0.94954271436478532
32,-0.0034936391029590868,-0.050441226481452273,0.002544317328953162,0.088557730703446136
33,-0.0063238713955229018,-0.06760973752934403,0.0045710766087867904,0.022378649397161721
