,Slope,R Value,R Squared,P-Value
0,0.039033229973007545,0.29826494550844335,0.088961977719154678,7.0991228999479453e-25
1,0.058099870831856172,0.33123992848108413,0.10971989022015373,1.2759794196396548e-30
2,0.028510559335622861,0.18206755439443933,0.033148594363172128,5.8243664461124719e-10
3,0.035445788409252672,0.2202247130367653,0.048498924232125623,5.3411217190000322e-14
4,0.0065042750200807603,0.04438170252692307,0.0019697355191882894,0.13406807378268717
5,0.045990728029160648,0.2783536600706803,0.077480760074743846,9.5076939303248181e-22
6,0.056148088092248687,0.32947644077306371,0.10855472502448615,2.7015407661321299e-30
7,0.048385864708428858,0.35291784867622022,0.12455100791425147,8.3895991175633426e-35
8,0.051301233533552579,0.2866105010133273,0.082145579291110493,5.150132826466913e-23
9,0.037961767641872798,0.21850939554175294,0.047746355940022238,8.4422372240776539e-14
10,0.036236989354794892,0.26684478743833728,0.071206140583011404,4.7049513783891368e-20
11,0.049544811319277383,0.28953789414033498,0.083832192143219825,1.7889201421967327e-23
12,0.038243144395351668,0.21067069933318763,0.044382143557534344,6.5166044731297227e-13
13,0.045137774482189565,0.30123999080003921,0.090745532057207715,2.3030153713845347e-25
14,0.029570356379776997,0.17751505837162945,0.031511595948683011,1.5635893044479211e-09
15,0.037945186699169506,0.23783208274815668,0.056564099584326046,3.889477229740775e-16
16,0.032695447192171413,0.22353213351959342,0.049966614715821339,2.1855942771490958e-14
17,0.057504312735136315,0.33015306284951529,0.10900104490891599,2.0270868663829025e-30
18,0.051292740513447635,0.34347548271268796,0.117975407224714,6.111417832190617e-33
19,0.042539283073808963,0.248490526204659,0.061747541613468321,1.6171320924711368e-17
20,0.042741152968850588,0.28080631506680098,0.078852186581395506,4.0400679966039166e-22
21,0.029356289075346306,0.17228799923733895,0.029683154681205307,4.7092170974460707e-09
22,0.048239771403483268,0.32748348481285222,0.10724543282516961,6.2690338551023571e-30
23,0.033072087107582825,0.19362381177260038,0.037490180485351382,4.2324487483899955e-11
24,0.043020789671288515,0.23635057046532629,0.05586159215928517,5.9789716140106275e-16
25,0.035504298268539659,0.20215888307222749,0.040868214005010547,5.4834973850486219e-12
26,0.020269710774838284,0.14095334317899,0.019867844953334126,1.7539714394215424e-06
27,0.056309693779983079,0.31315723257665284,0.098067452315067846,2.2182698810005037e-27
28,0.028719529160649813,0.16539262970439542,0.027354721960535261,1.9165930338179402e-08
29,0.065323529130615718,0.44243725487140573,0.19575072449814523,7.0173395742523463e-56
30,0.038897025276730293,0.25986974129189455,0.067532282439116201,4.5727098511326783e-19
31,0.037798091065216352,0.22484602336540735,0.050555734223237309,1.5264696393324479e-14
32,0.048587463961870615,0.35160598019433842,0.1236267653084215,1.5357286464538094e-34
33,0.021414936500708519,0.12220022353044743,0.014932894630891319,3.4918925977710423e-05
