,Slope,R Value,R Squared,P-Value
0,-0.24537420996103457,-0.18633137164107569,0.034719380057644668,2.2568857248990997e-10
1,-0.48959982119238327,-0.27675789450301586,0.076594932169742461,1.6515728771429423e-21
2,-0.053705609891883305,-0.036529464796288311,0.0013344017983032671,0.21758451013682781
3,-0.52976999060744856,-0.38628163910605307,0.14921350471045902,6.566888284235328e-42
4,-0.22903205139861491,-0.16666877292796684,0.027778479869314171,1.4845598445127962e-08
5,-0.33297969658894966,-0.2068399831445295,0.042782778627229248,1.7190766029077158e-12
6,-0.32321946014346392,-0.22216081228026574,0.049355426513027476,3.1711713833652691e-14
7,-0.56155109098397515,-0.39911760083987741,0.1592948593001797,7.1628312762500782e-45
8,-0.48358141348744843,-0.29262388168316961,0.085628736131325642,5.7889856185140027e-24
9,-0.28226089655213538,-0.18419933371104877,0.033929394539594308,3.6358974192212384e-10
10,-0.38695335026378103,-0.27275947838500703,0.074397733048861117,6.4847198924741105e-21
11,-0.57983633036303184,-0.34469211823239221,0.11881265637153345,3.5460249154921638e-33
12,-0.62365403425706389,-0.39283188333918828,0.15431688856781364,2.099305863219361e-43
13,-0.42313381285303492,-0.26212574573423209,0.068709906576727292,2.2077849952934144e-19
14,-0.19844220570375998,-0.14793643263288908,0.021885188100145329,5.1870050431583342e-07
15,-0.32381633203679094,-0.21398443188954508,0.045789337091091356,2.7733869338487055e-13
16,-0.19947795901221882,-0.16142550361527677,0.026058193217445735,4.1873785343082585e-08
17,-0.22477717550833584,-0.14191682167150949,0.020140384273343026,1.4876375522699594e-06
18,-0.41827142840718279,-0.27076823279954804,0.073315435893390235,1.2706734739525039e-20
19,-0.52045087225109898,-0.30605212302005669,0.093667902005083917,3.6251954892555592e-26
20,-0.57340242999062974,-0.37632284354150847,0.14161888257116667,1.0631477001542411e-39
21,-0.29663013009968769,-0.18663634734818696,0.034833126151473097,2.107098837267239e-10
22,-0.30769231070534975,-0.22051409354213364,0.048626465450708867,4.942267372152515e-14
23,-0.29814863053663393,-0.18905108111529986,0.035740311270863689,1.2183418642948107e-10
24,-0.45429807044390125,-0.23985451618980225,0.057530188936644105,2.1523856283632948e-16
25,-0.20237630221236896,-0.12940551455347168,0.016745787196848771,1.1608898057218198e-05
26,-0.15455365926919742,-0.10896761850098402,0.011873941881775995,0.00022625903863392294
27,-0.16179979951544443,-0.096376845921301385,0.0092884964297382678,0.0011160657444312023
28,-0.46251663741456334,-0.2402483622072413,0.057719275543261811,1.9169075600765791e-16
29,-0.28837880378892922,-0.20699134631693142,0.042845417450095839,1.6550226967036264e-12
30,-0.33788606065871213,-0.21837284860277076,0.04768670100688864,8.754142996872619e-14
31,-0.39483496462693651,-0.29703395172020108,0.088229168474518754,1.1267603554071437e-24
32,-0.41575685006623364,-0.30198483069993715,0.091194837972869702,1.7337882990305054e-25
33,-0.45615964883740068,-0.31603166752820383,0.099876014880657157,7.0091666710475867e-28
