,Slope,R Value,R Squared,P-Value
0,-0.58622143265253279,-0.089057244071249722,0.0079311927215661437,0.0026045381111003034
1,-0.78325580124609495,-0.13406061261588356,0.017972247854946,5.520860145673418e-06
2,1.5187186141690676,0.22852411410715928,0.052223270728461953,5.5218975111760959e-15
3,-0.77878336703106577,-0.13452439704247909,0.018096813399642558,5.1197860532658479e-06
4,-1.0314112818056378,-0.1925700985249118,0.037083242845894239,5.4126184806900418e-11
5,-0.42724421612269431,-0.066043193220518062,0.0043617033707626833,0.025691510622551227
6,-0.4576530029494163,-0.086343819046605472,0.0074552550875529502,0.0035134004522183672
7,-0.48597492427656369,-0.08484817965972119,0.007199213591568325,0.0041295503163229835
8,-0.58935412354261041,-0.1170927484845974,0.013710711747677186,7.353468698272127e-05
9,-0.89701128397334862,-0.1362907176140182,0.018575159707744052,3.832769905352776e-06
10,0.75000296585114401,0.14389033368503873,0.020704428127991791,1.058075707722936e-06
11,0.30040877863702908,0.042713509001373301,0.001824443851210398,0.14933536426808425
12,-1.428101595454339,-0.24107035898086462,0.05811491797916294,1.5041439182768024e-16
13,0.58968172964374566,0.093214690541188847,0.0086889785326896007,0.0016210957190424171
14,-0.40580778905363341,-0.063985078531268197,0.0040940902746525584,0.030681588027335439
15,-1.0470393860803824,-0.16145494161070525,0.026067698170516244,4.1634549649611835e-08
16,-1.2395527210993296,-0.20240164473906455,0.040966425793078499,5.1668952293007739e-12
17,0.92322174639626065,0.18704904791535445,0.034987346326040565,1.9197544312925708e-10
18,1.0018478781278819,0.1579682072592285,0.024953954504694571,8.1479132125287926e-08
19,-0.41250799729753435,-0.065687732144223798,0.0043148781542512926,0.026499635035007622
20,-1.2574071405346547,-0.21120848634043771,0.044609024702218864,5.6784046714920922e-13
21,-0.039766581366125639,-0.0074501142826932246,5.5504202825189582e-05,0.8015181909498269
22,-0.93779219117413981,-0.16156367834825031,0.026102822161416885,4.0762292213219599e-08
23,-0.39695292679243144,-0.075562438079678287,0.0057096820485452154,0.010672177053230737
24,-0.68972763241665314,-0.12491653814933837,0.015604141503215109,2.3216237763369651e-05
25,-0.95460529372226677,-0.17831306137544936,0.031795547857084772,1.3174821571192169e-09
26,-0.1644895997130309,-0.0085374237731890637,7.2887604683013793e-05,0.77329150131295765
27,0.20760104716755168,0.039250590092275092,0.0015406088225918037,0.18520733874756659
28,0.29566333283868335,0.047628203577441422,0.0022684457760142039,0.10784228261721918
29,-1.064811392797538,-0.18845104706588059,0.03551379714022674,1.3969547573125276e-10
30,-0.65440618628441882,-0.12393458881362973,0.015359782304403475,2.6933783018673078e-05
31,-1.0226773350700891,-0.16866142238055984,0.028446675399433612,9.9236675183821237e-09
32,-0.95702069737096684,-0.17111999700175573,0.02928205337388089,5.9974507091654768e-09
33,-1.1529401699899597,-0.19536723678495407,0.038168357208988313,2.8088797298921289e-11
