,Slope,R Value,R Squared,P-Value
0,-0.15166203482347573,-0.12867615573170746,0.016557553053890631,1.3013108149465421e-05
1,-0.093489155935707433,-0.083736677572344098,0.0070118311708547154,0.0046491700153840909
2,-0.18090349465453234,-0.16204461062106951,0.026258455831334033,3.711204325922176e-08
3,-0.13930394359994225,-0.1126616001477624,0.012692636147854297,0.00013699190569510004
4,-0.094899208808605279,-0.089358653860088913,0.0079849690196871839,0.0025181202679443867
5,-0.23548275344590427,-0.18114692021129208,0.032814206702036219,7.1264141900956625e-10
6,-0.16212129465593014,-0.13664030288688922,0.018670572373020826,3.6177647248831638e-06
7,-0.36232344933293026,-0.33257252228020379,0.11060448257581665,7.2152942938270218e-31
8,-0.23338763944911378,-0.2131729900009339,0.045442723665938267,3.4231649456193391e-13
9,-0.14550844483744632,-0.14551336093228256,0.021174138209808738,7.9676451217816698e-07
10,-0.1379152284330947,-0.1197382534942918,0.014337249349863284,5.018490876301212e-05
11,-0.022914779619063179,-0.020888735033490632,0.00043633925129937887,0.48087392891041802
12,-0.022478484630741254,-0.020361431574365357,0.00041458789575756248,0.49201979056352696
13,-0.229624541357318,-0.21521954761716658,0.046319453676537829,2.0098073056364382e-13
14,-0.16055620274431126,-0.179886329713771,0.032359091617891529,9.3780854621101033e-10
15,-0.16356798607549822,-0.16457909640404877,0.027086278973173179,2.2532179746262414e-08
16,-0.26711262477772613,-0.23754571991516429,0.056427969050013682,4.2275099996314416e-16
17,0.020796702438562142,0.018921446622220485,0.00035802114227753901,0.52314935042115063
18,-0.06954923804929479,-0.059827495246210373,0.0035793291874353247,0.043332642264770918
19,-0.16891677286109927,-0.16038732168756006,0.025724092958108874,5.121646324048784e-08
20,-0.0815334332857926,-0.076810572938582608,0.0058998641151533186,0.009443910192769819
21,-0.14098470897218701,-0.1321733646782155,0.017469798330360546,7.4847755088916263e-06
22,-0.22273425404461195,-0.20768183161821469,0.043131743184296474,1.3912761650809228e-12
23,-0.11333731570893213,-0.10533475714357986,0.011095411062496948,0.00036512137105720025
24,-0.23732299012829683,-0.18543091122549668,0.03438462283791803,2.7623371614190453e-10
25,-0.085281980838627855,-0.086169249569453182,0.0074251395713627079,0.0035807377625518338
26,-0.064101801579648704,-0.053185833406525003,0.002828732875146631,0.072518403089266922
27,-0.19380367297690884,-0.16067451756467444,0.025816300594640875,4.8447272678053664e-08
28,-0.15937925134678571,-0.13912555760842601,0.019355920779855467,2.3901037888783977e-06
29,-0.0040312276460920523,-0.0038263962797500111,1.4641308489684724e-05,0.89727103451785339
30,-0.23417090434083837,-0.19792743253917033,0.039175268551547821,1.5277514041296259e-11
31,-0.19506357429800425,-0.16997683857919513,0.028892125653377756,7.5867163939724913e-09
32,-0.31039009069467477,-0.29471732279994611,0.086858300358367641,2.6714980471998586e-24
33,-0.11068442286804783,-0.11779118154060711,0.01387476244873226,6.6530898662737502e-05
