,Slope,R Value,R Squared,P-Value
0,0.50378255601627653,0.28810218986476177,0.083002871804871245,3.0094725048183867e-23
1,0.82644145041544426,0.34351330149815229,0.11800138830616047,6.0090984933698783e-33
2,0.35784169542352628,0.16844912066665024,0.028375106253367696,1.0361162831192005e-08
3,0.40273036725379302,0.18035481270229534,0.03252785846488003,8.4702856380026472e-10
4,0.086949414299253708,0.043292468771295188,0.0018742378523135691,0.14389328341537452
5,0.58621350452832877,0.25455541351608563,0.064798458550345356,2.4716670670548961e-18
6,0.64148280796032253,0.27436096247383346,0.075273937729568252,3.7597873570309511e-21
7,0.58769037962633974,0.31074343411078453,0.096561481842963495,5.7802164762548195e-27
8,0.78278583425595671,0.31750439592395424,0.10080904143103508,3.8652427081522136e-28
9,0.46231666800557381,0.18730756327545325,0.035084123260187922,1.8107888856532254e-10
10,0.50409720389628798,0.26943611802397738,0.072595821695830662,1.9866275387608857e-20
11,0.6336290749963992,0.26060811836053943,0.067916591355420927,3.6059127362646362e-19
12,0.48599568811107186,0.20141814362406602,0.040569268580964886,6.5715266603724503e-12
13,0.66006508217864157,0.32173396713737151,0.10351274560995125,6.8663468041075866e-29
14,0.30528040592190792,0.13106540936767791,0.017178141532716993,8.9318321782299206e-06
15,0.51094196634723643,0.22212141651282055,0.04933792367366191,3.2051466362694081e-14
16,0.4126571863461162,0.20552877191148478,0.042242076083443131,2.3857399961840574e-12
17,0.74449344884233892,0.31781940192982372,0.10100917224303084,3.4017263313381603e-28
18,0.6789794579810231,0.32924929401418496,0.10840509760883921,2.9745198788361987e-30
19,0.52866241584408902,0.22098014540438643,0.04883222466294377,4.3605607166095483e-14
20,0.55081565569342306,0.26311684708328775,0.069230475219050236,1.5998035269597144e-19
21,0.37551633696707715,0.16031045784468892,0.025699442894373783,5.1983210024202395e-08
22,0.56460971426546602,0.26674181220717269,0.071151194379566587,4.8679955997755447e-20
23,0.44610325565609443,0.19399434563099266,0.037633806136797038,3.8804936537091994e-11
24,0.48419240173334355,0.19078329668662219,0.036398266294615705,8.1876529540789448e-11
25,0.51232762519644204,0.21247007438069354,0.045143532507337443,4.1050747161657042e-13
26,0.20852368840367436,0.10934929025106031,0.011957267278410634,0.00021498040982918253
27,0.74872411576492115,0.31158523224883417,0.097085356955559921,4.1431330646445512e-27
28,0.31342510392054973,0.13050723192122093,0.017032137583739348,9.7584156312004318e-06
29,0.89436381589230807,0.44095164704155443,0.19443835502865961,1.781903791559409e-55
30,0.50906358846087252,0.24037474946044382,0.057780020178171139,1.8468619089559612e-16
31,0.53323605378712058,0.23379113633662094,0.054658295429568481,1.2480601104082004e-15
32,0.6113550440207034,0.31532469885825554,0.099429665710049547,9.3161677475181467e-28
33,0.25921456980200974,0.10530239699259229,0.01108859481238551,0.00036665683747798164
