,Slope,R Value,R Squared,P-Value
0,-0.0050035159977665699,-0.048301740321670811,0.0023330581181021199,0.10294664556347968
1,-0.0073133550364399783,-0.074299890981741362,0.0055204737998986514,0.012056961084552842
2,0.033948497104505378,0.30020802130402069,0.090124856055275343,3.4082776161105494e-25
3,-0.002551764336111925,-0.028736039381335215,0.00082575995932564835,0.33214512189469381
4,-0.0088668210722919576,-0.1087966813612741,0.011836717875226607,0.00023148811817227127
5,0.0017705748034238004,0.017422395647849,0.00030353987011018781,0.55659586062653532
6,0.0032812371557641076,0.038333607432309617,0.0014694654587744231,0.19569464217351384
7,-0.0045097341067298026,-0.047797170959226656,0.0022845695517055399,0.10659716648799918
8,0.0019570524798551195,0.024744446270534234,0.00061228762123535557,0.40369139965381096
9,-0.010054244345553113,-0.10229847911904309,0.010464978830069296,0.00053856474889919131
10,0.015372277970967881,0.1786698416029486,0.031922912298422743,1.2200603064476387e-09
11,0.016696469017793376,0.15948403134887279,0.025435156255288239,6.096154129847603e-08
12,-0.013518349152211772,-0.14897829967480544,0.022194533773996137,4.3036722295802607e-07
13,0.019105482718688553,0.17966022865272752,0.032277797759550336,9.8494510662613721e-10
14,-0.002748189530187527,-0.030037594490945986,0.00090225708280250862,0.31070336645615526
15,-0.012741429445834649,-0.12032124805515,0.014477202733548938,4.6083454700741542e-05
16,-0.016759236067132657,-0.1722677995265447,0.029676194753717793,4.7290188075417323e-09
17,0.025206704961845697,0.29604773317467903,0.087644260317865944,1.6287786519304343e-24
18,0.022812352029537523,0.2265632861464453,0.051330922629476056,9.5163367226033847e-15
19,0.0010725878655927412,0.010364638603822677,0.00010742573338785128,0.72654165182049391
20,-0.015197598893787509,-0.15293373385351697,0.023388726950378361,2.0938947259579473e-07
21,0.0021609684868741479,0.026004507095674052,0.00067623438928896213,0.3801696081164202
22,-0.0080906190162728341,-0.08609943383562832,0.007413112506815739,0.0036079946681645382
23,0.0043369368384559275,0.050668070339005111,0.0025672533518783696,0.087132067778089517
24,-0.0054462433240041637,-0.064570603836983972,0.0041693628798727296,0.02918370434638555
25,-0.0099143712555161516,-0.12728862447215503,0.016202393920013304,1.6143121923922318e-05
26,0.00175386191563154,0.018348910311098345,0.00033668250960473112,0.53580111118690765
27,0.010278427709443368,0.13255261177455205,0.017570194888255113,7.0430722673311203e-06
28,0.012309685671581987,0.11674286376716908,0.013628896240559799,7.7299738351105279e-05
29,-0.010260359104760289,-0.11716808949686601,0.013728361196345603,7.2746943252759968e-05
30,-0.0052455240099125531,-0.061635419035268708,0.0037989248796531641,0.037373430758344421
31,-0.0086370274971873818,-0.092585369330166728,0.0085720506140033771,0.0017438354429309977
32,-0.0051211412016414423,-0.061958086766936198,0.0038388045158191946,0.036386681370813141
33,-0.011735499066713808,-0.1245239778667989,0.015506221063771024,2.4639796204726047e-05
