,Slope,R Value,R Squared,P-Value
0,0.3285092495214964,0.68622849028739208,0.47090954088211334,1.2217510991082035e-159
1,0.21575069838647684,0.51867124987711943,0.26901986544909329,1.4186891074543603e-79
2,0.32540033281930797,0.66182542263973865,0.43801289005226868,1.0507787957790223e-144
3,0.30739361391012832,0.68120140300660281,0.4640353514581641,1.9182425064817947e-156
4,0.22260808084360872,0.54752690299761042,0.29978570950615469,3.1140834386084457e-90
5,0.29922409539722522,0.60838832938722953,0.37013635933458411,1.8182797530392214e-116
6,0.31136965446958909,0.66731357262650037,0.44530740421154358,6.1179246079711641e-148
7,0.34344731169858811,0.75066668005574633,0.56350046454591618,2.9417613010577657e-207
8,0.27072475417648295,0.61432513528821031,0.37739537184687788,2.4461845162650731e-119
9,0.25481014606400282,0.58438714611623965,0.34150833654588325,1.8643887735153339e-105
10,0.29361388230642693,0.64118078206114859,0.41111279528454614,3.975118907245142e-133
11,0.30406012387285392,0.66699292420204548,0.44487956093559561,9.4952987431607462e-148
12,0.27279489562603609,0.58418420457960551,0.34127118488030639,2.2895236367398747e-105
13,0.25808977942492795,0.59614178228680159,0.35538502458808435,9.8654772043642831e-111
14,0.19328215875249138,0.51488626091997591,0.26510786168415351,2.9865087759759444e-78
15,0.24202736233541727,0.57089190743508134,0.32591756997486548,1.1703155951278896e-99
16,0.24719045972346076,0.58495493663544107,0.34217227789417287,1.0486086684203412e-105
17,0.27670708194639376,0.63734726127624464,0.40621153145632966,4.486824072739657e-131
18,0.23028444150642602,0.5421083815103579,0.29388149730377977,3.7529726548483887e-88
19,0.28452488910546248,0.66720129097174763,0.44515756267436662,7.1364202706956594e-148
20,0.29132497773161603,0.62524123513626662,0.39092660211472424,8.8368887941130084e-125
21,0.27137288100881624,0.61606029989414868,0.37953029310566838,3.4491456612247668e-120
22,0.24282751661221347,0.606381884756515,0.36769899016086344,1.6456278201737643e-115
23,0.27039923904207236,0.59068376963128566,0.34890731570582573,2.9587204066335891e-108
24,0.30783312302956523,0.64407780800714276,0.41483622276728588,1.0680910944904374e-134
25,0.19972366889538812,0.51487508601573861,0.26509635419971422,3.0133252886828909e-78
26,0.27724272948055251,0.61050274607578225,0.37271360296607109,1.7541625403892904e-117
27,0.32576559527918925,0.67182953965742331,0.45135493035630531,1.1813012089724376e-150
28,0.26976111453118795,0.60489538092156281,0.36589842186024257,8.331082908009118e-115
29,0.24884268834305504,0.5369162217743737,0.28827902920446846,3.4131186023618873e-86
30,0.28031453674543921,0.60016232159173011,0.3601948122583753,1.3766969803551831e-112
31,0.24069235084418147,0.56192436986739303,0.31575899745086672,5.9520130609384651e-96
32,0.3156459296230994,0.65936597871724045,0.43476349388974439,2.81231281962301e-143
33,0.2127745904909441,0.53738828164657182,0.28878616525105522,2.2723433197597242e-86
