,Slope,R Value,R Squared,P-Value
0,0.05676537847876615,0.30908270908102342,0.095532121052864558,1.1114093597399284e-26
1,0.046418914038240416,0.23901032810121378,0.057125936939049861,2.7572233547516006e-16
2,0.068048989803837792,0.36437852908567064,0.13277171245863692,3.7719849432829124e-37
3,0.050049518216469295,0.27491681760977715,0.075579256604687478,3.109055580645883e-21
4,0.026164049563468513,0.14292242374107064,0.020426819208022154,1.2512423961864117e-06
5,0.065554315311805209,0.29937081925964865,0.089622887424193221,4.6788300014624367e-25
6,0.028668117965512233,0.16509062349964992,0.027254913967503163,2.0354373833735315e-08
7,0.049861092815238338,0.26225576851783278,0.068778088120879086,2.116597981754765e-19
8,0.055639514305953597,0.26497002205806941,0.070209112589453795,8.7277796944625777e-20
9,0.050057900809549034,0.24726400554797048,0.061139488439626778,2.3500252641663183e-17
10,0.056000394063307514,0.29716355000101935,0.088306175449208324,1.0733852049479285e-24
11,0.041188130032546504,0.20787831443744526,0.043213393613353364,1.3240734148828347e-12
12,0.066018184124516946,0.3145003720469744,0.098910484017685318,1.2968825584682726e-27
13,0.075586146301137885,0.38172075678160267,0.14571073615791946,6.8968627144051554e-41
14,0.031442299339313459,0.1566951099810652,0.024553357491978119,1.0373877688773622e-07
15,0.085791837391528167,0.41196929096111073,0.16971869669500031,5.6971823634123832e-48
16,0.076173746883147334,0.42831645265403956,0.18345498361414012,4.100394397190081e-52
17,0.084079593666322117,0.40719497538186744,0.16580774797623962,8.3745133240058816e-47
18,0.072093092187051899,0.36394488488036364,0.13245587923058114,4.6466362888499372e-37
19,0.055156433141314298,0.28585851024211201,0.081715087877839654,6.7439102500970469e-23
20,0.011381805858620324,0.059660769505008752,0.0035594074179297825,0.043920499647712545
21,0.073358392151639473,0.35453834557542874,0.12569743848336212,3.9598464838130714e-35
22,0.025960576642830309,0.13747095778594073,0.018898264234583899,3.1522296065191758e-06
23,0.039627028002312381,0.19061661685800613,0.036334694622391903,8.5082285320912201e-11
24,0.0492020300414234,0.22489322262208969,0.050576961581348792,1.5068504169935293e-14
25,0.044051085676736129,0.21806195819395513,0.047551017611382237,9.5070977595803354e-14
26,0.056787026639767584,0.31284668073137423,0.097873045644638404,2.5103999041702472e-27
27,0.026958489628862787,0.12588344909971969,0.015846642757241718,2.0035759382659836e-05
28,0.036724237492352575,0.17364114746903347,0.030151248094362631,3.5512587128041123e-09
29,0.050184554576524466,0.23935677757418486,0.057291666970697805,2.491055971142429e-16
30,0.077586481140721877,0.36237620018301137,0.13131651045907794,9.8537892949747672e-37
31,0.054903085641465003,0.28019004894019306,0.078506463525107775,5.013404709803448e-22
32,0.068208655917806421,0.35716595351189889,0.12756751834806393,1.1612419926698218e-35
33,0.054367572142778438,0.25077394475951648,0.062887571370249015,8.0200013311732373e-18
