,Slope,R Value,R Squared,P-Value
0,0.10511754462114022,0.12101043881118467,0.01464352630127547,4.1644282330346218e-05
1,-0.24532175048487709,-0.23108140575784894,0.05339861608702362,2.6946191972646711e-15
2,-0.16842307309712443,-0.16271860091658588,0.026477343084251145,3.2524648927134837e-08
3,-0.18999924182622849,-0.24717476371274744,0.061095363816452523,2.4146204443293492e-17
4,0.0014884997663735498,0.002097308078388615,4.3987011756741447e-06,0.94358339578029171
5,-0.29017878174922962,-0.32116552842948476,0.10314729665139018,8.6752871716563295e-29
6,-0.20929414830352516,-0.25769525735947002,0.066406845665563485,9.1636226451899163e-19
7,-0.085344223456807644,-0.10829515159845694,0.011727839859732771,0.00024749140204529849
8,0.036695196628867999,0.049482445354857289,0.0024485123982964378,0.094792083156685844
9,-0.14456690441815781,-0.16549882936119525,0.027389862519926023,1.8764230955527428e-08
10,-0.017852051157183083,-0.023624005434473655,0.00055809363276804083,0.4253206080869204
11,-0.07660576566525748,-0.073557324647212444,0.0054106800092554074,0.012943715344009293
12,0.10026282478953354,0.12547470554574022,0.015743901731790213,2.1326100918215234e-05
13,-0.17744115505273927,-0.1745837633426767,0.030479490422891744,2.9135916749430893e-09
14,-0.1936059812937832,-0.26238035585722824,0.068843451139765727,2.0327135395374371e-19
15,-0.16302082962105674,-0.1745814020278259,0.030478665934001375,2.9150405148482498e-09
16,-0.039024734672088494,-0.046802025812794912,0.0021904296201815214,0.11409673475542628
17,-0.22632169730331736,-0.29332008320528968,0.086036671211558058,4.479427704073988e-24
18,-0.18609735224137292,-0.19873788972510864,0.039496748812389446,1.2577144990381458e-11
19,-0.24644832791517607,-0.22803054573022288,0.051997929786023273,6.3357165305907962e-15
20,-0.12501454169512488,-0.13726819468345533,0.018842557271654993,3.2602633475871489e-06
21,-0.17852602138554621,-0.23070654910076507,0.053225511797983724,2.995062996753854e-15
22,-0.32638959575986176,-0.39797971150280281,0.15838785076785417,1.3274074351926514e-44
23,-0.12716335134986292,-0.16754115480861492,0.028070038554604271,1.2452942893653125e-08
24,-0.18133515893367258,-0.20874404581333664,0.043574076662520382,1.0639451103092317e-12
25,-0.09274432689042042,-0.12720753838579099,0.016181757822172488,1.634662481822768e-05
26,-0.00944111620521354,-0.010483783261750869,0.0001099097114793677,0.72352621199662903
27,-0.13724340041404784,-0.1941444756937819,0.037692077442413471,3.7461814061839744e-11
28,-0.24002100012482483,-0.21207454644942614,0.044975613251729801,4.5456152478348962e-13
29,-0.14578765402943564,-0.20243898453993031,0.040981542461558142,5.1198131070797907e-12
30,-0.14847316030593549,-0.20056060912634593,0.040224557933130914,8.0964149366835568e-12
31,-0.15061040327502895,-0.20173750924344935,0.040698022635750813,6.0787125901374019e-12
32,0.012406751429907081,0.017979572956952163,0.0003232650437143655,0.54404351170607457
33,-0.0620826147893805,-0.08058509986953942,0.0064939583209836426,0.0064593054431601373
