,Slope,R Value,R Squared,P-Value
0,0.13873375498674112,0.34775556073161273,0.1209339300197584,8.9092047035263058e-34
1,0.13713406914295867,0.30828436740566184,0.095039251186709098,1.5195609389220111e-26
2,0.10735689898450761,0.22397134124912832,0.05016316170093349,1.9389676297280224e-14
3,0.16472914100043207,0.35933683620364454,0.12912296185284486,4.1780259062376072e-36
4,0.055589135147809332,0.14722016408919186,0.021673776714448579,5.892963439647036e-07
5,0.056457756157587531,0.12580199152882537,0.015826141072618653,2.0286833519373163e-05
6,0.12105847997635936,0.23344017420499308,0.054494314932857515,1.379644156011659e-15
7,0.1307536318084736,0.35112998419871505,0.12329226580338988,1.9110823634757701e-34
8,0.077115659107571247,0.17230730201345948,0.029689806327157536,4.6903699527318638e-09
9,0.1092784495684274,0.24872023335607621,0.061861754480701005,1.5074595453908105e-17
10,0.095932320739785346,0.24917623828678426,0.062088797726752291,1.3110111521650435e-17
11,0.094296969843752104,0.2044149698141462,0.0417854798841183,3.1461262721887151e-12
12,0.12441555729021916,0.26460174570323924,0.070014083829201684,9.8484312348308508e-20
13,0.07837346133493249,0.20405342118285347,0.041637798696426989,3.4405784866169708e-12
14,0.042921896786264575,0.11416423308718975,0.01303347211638619,0.00011121059248661772
15,0.060617143477841813,0.15379630641544831,0.023653303867034466,1.7850634244598899e-07
16,0.09323674479446574,0.21748437465584752,0.047299453219445051,1.1078420447300235e-13
17,0.094187717779832925,0.2176974370487455,0.047392174097592513,1.0471156508835443e-13
18,0.094471536505710454,0.2473681842079303,0.061191018558328536,2.2767701748896833e-17
19,0.12955312269647482,0.28895777253351324,0.083496594307529579,2.2081405068126436e-23
20,0.13921345439067484,0.32635611913480417,0.1065083164967305,1.0064741686506793e-29
21,0.12374120271699372,0.28138582929176953,0.07917798492621686,3.296241492476699e-22
22,0.08854475877381629,0.23998368343981602,0.057592168317341826,2.0721789192324245e-16
23,0.12880135618681082,0.2929740108283051,0.085833771020823832,5.0889319733678789e-24
24,0.099039127650002043,0.20936078345566758,0.043831937649170934,9.0989962152557604e-13
25,0.12259993844169949,0.30066469981772931,0.090399261716485269,2.866053923850854e-25
26,0.063203021682590413,0.1456983958925698,0.021228022565668001,7.7125961079694911e-07
27,0.11816500256903013,0.24957395603253146,0.062287159529727951,1.1604269608030083e-17
28,0.10161174576052194,0.23534583728846684,0.055387663129009508,7.9899423621060243e-16
29,0.13789921012249876,0.34139977518477954,0.11655380649621801,1.5383319551770392e-32
30,0.09339418122953555,0.23763483269337882,0.056470313709210143,4.1193317889884064e-16
31,0.098197409921977258,0.22651349912998733,0.051308365288110773,9.6481301504166377e-15
32,0.14060716592766265,0.35051785599775609,0.12286276737326367,2.5302541953556136e-34
33,0.059349535650584852,0.15102907141440272,0.022809780412296757,2.9690831235137441e-07
