,Slope,R Value,R Squared,P-Value
0,5.9807895625418954,0.11374120549091524,0.012937061826526607,0.00011796403438569934
1,-13.726094138480795,-0.23960536764311324,0.057410732203391455,2.3158232237129664e-16
2,-11.698697157683284,-0.21371476470536949,0.045674000653071443,2.9746243845942341e-13
3,-5.9991257763082633,-0.11804000785464197,0.013933443454323938,6.4191716967710634e-05
4,-6.9321618763795927,-0.1362068887824,0.018552316551781085,3.8861165864069982e-06
5,-20.816517809791922,-0.35174477022789957,0.12372438338267787,1.4407680409617808e-34
6,-3.3068379879566545,-0.057475862055817131,0.0033034747190593193,0.052266036331250668
7,-7.860293672982861,-0.16402029170215535,0.02690265609006013,2.5169368968393294e-08
8,-10.053245517927802,-0.19519357922897951,0.0381005333722199,2.9264645837204216e-11
9,-11.54307617258139,-0.20817076239917612,0.043335066317854234,1.2298993752372115e-12
10,2.0956739150362353,0.047130561446001015,0.0022212898222152772,0.11157628118207547
11,-0.096903521276200069,-0.0014980980839476032,2.2442978691274802e-06,0.95968541655852668
12,2.7612558194842909,0.050654432257262197,0.0025658715073055651,0.087217254179624448
13,-5.6166938194073142,-0.10188785675355073,0.010381135353832074,0.00056718525816125593
14,-12.939467712713679,-0.28506073133460591,0.081259620549020375,8.9690343641495559e-23
15,-13.854064789552078,-0.25771411094077001,0.06641656297799152,9.1088145042080285e-19
16,-0.79891417556230448,-0.015305400728222477,0.00023425529145147314,0.60553317701406573
17,-10.314979673226935,-0.25879722486372519,0.066976003597165545,6.4480845051049672e-19
18,-15.729472341580262,-0.29815541475013624,0.088896651344825758,7.3976795676145327e-25
19,-7.1543249309361654,-0.11654010308264713,0.01358159562651402,7.9564169261332786e-05
20,-8.1065670850950902,-0.14071963742272608,0.019802016356383491,1.8251602814291227e-06
21,-5.2477041526931325,-0.10344029027712298,0.010699893652615464,0.00046588798750713423
22,-11.651616034784888,-0.22302839433805485,0.049741664681010898,2.5065351100937973e-14
23,-5.0355864618281814,-0.10191195556071254,0.010386046686208648,0.00056546723893669232
24,-13.940852594900573,-0.2300811600369532,0.052937340203950072,3.5712290305307358e-15
25,-4.7728949138954588,-0.093978666781576153,0.0088319898100425245,0.0014827804227887386
26,-9.1112306289670215,-0.055361647989162398,0.0030649120680759289,0.061563277968427643
27,-0.068807182688956525,-0.0013116911928650243,1.7205337854396704e-06,0.96469821846605686
28,-10.979871937762377,-0.17424192947501552,0.030360249987176281,3.1307878490775462e-09
29,-8.9292792455465424,-0.19385645511658706,0.037580325190369329,4.0079947537422721e-11
30,-10.143440070219928,-0.22411205618242985,0.050226213726316596,1.8658974427689656e-14
31,-3.2134392592062442,-0.068662850758526822,0.0047145870742877271,0.020365940165580947
32,4.2321707436077949,0.081726293361129715,0.006679187026549435,0.005741275718145515
33,-3.8657234351472689,-0.082058111767291816,0.006733533706813356,0.0055464367920416936
