,Slope,R Value,R Squared,P-Value
0,0.73908351620563362,0.35222984423302217,0.12406586316841907,1.1523955727315169e-34
1,0.72682498303513121,0.3230688898915296,0.10437350761574528,3.9570191968337174e-29
2,0.61043677220772685,0.2801440824141434,0.078480706911662368,5.0946638408862826e-22
3,0.6321289526791799,0.28758645468359362,0.082705968917478639,3.6250993317220452e-23
4,0.22567787410801618,0.10435705899696802,0.010890395762496665,0.00041426479011933402
5,0.81159589000030352,0.32157832335465325,0.10341261805158992,7.3207397793524508e-29
6,0.27920641500543047,0.13271987984350975,0.017614566505675666,6.856272327842575e-06
7,0.4968836453228998,0.21383605982886331,0.045725860483133207,2.8823959207281256e-13
8,0.59627891440454051,0.2456209723840464,0.060329662074884487,3.864879298626443e-17
9,0.53987987263220838,0.2204043925721636,0.048578096265104405,5.0899025637706505e-14
10,0.71303113183724665,0.3204145677645146,0.10266549523572072,1.1806402032810229e-28
11,0.4523762046601042,0.1882779212650533,0.035448575635889608,1.4530765044647517e-10
12,0.70924880218613706,0.29597861822112476,0.087603342444086324,1.6712973114945873e-24
13,0.60803948358001847,0.26293344936257129,0.069133998793699844,1.6982330375365817e-19
14,0.35010676515088235,0.15054212382632354,0.022662931046140127,3.2441297403556492e-07
15,0.8254875914803399,0.33363253020141348,0.11131066520859707,4.5754500870476076e-31
16,0.61518132949247895,0.3108394332436063,0.09662115325920638,5.5651356512548276e-27
17,0.89479632178828694,0.38066287462904058,0.14490422412084467,1.1836707738281357e-40
18,0.75618130636488035,0.32966498131537014,0.10867899990566335,2.4939318820600781e-30
19,0.60042894605910324,0.2638678993131176,0.06962626828791757,1.2521691222681321e-19
20,0.29009374826699069,0.12686449372564659,0.016094599768264623,1.7234901876210792e-05
21,0.91887618634341284,0.39161462571857886,0.15336201507670261,4.0042004946604267e-43
22,0.26169922286408659,0.11391335650790529,0.01297625279089713,0.00011517039857694782
23,0.52196545630620295,0.21798989051592615,0.047519592367145473,9.6905173739664149e-14
24,0.50743057307736117,0.19789438331167689,0.039162186946308901,1.5398898264288959e-11
25,0.74134734672578417,0.3231855136240574,0.10444887621644579,3.7705069292683029e-29
26,0.56019149790296385,0.28061288651069788,0.078743592075865801,4.3235232318724678e-22
27,0.35581514503062556,0.14458490671966032,0.020904795251132875,9.3748328025266118e-07
28,0.4115984910668003,0.16592540505144512,0.027531240041486132,1.7231407949653333e-08
29,0.61005199150534106,0.26213426083669517,0.068714370704400535,2.2016963902049978e-19
30,0.79146446633582668,0.31447132959853841,0.098892217139472577,1.3120606389649185e-27
31,0.60206733751921349,0.26716227045704538,0.071375678755763464,4.2354535733380744e-20
32,0.68398217356412261,0.29561939428551565,0.087390826277735159,1.9106132105468336e-24
33,0.54496674756236418,0.2197222582761118,0.048277870781954384,6.1100487356665845e-14
