,Slope,R Value,R Squared,P-Value
0,0.32209158631873741,0.058716172642340435,0.0034475889297651274,0.047379443430315228
1,-0.18365015332464249,-0.02939375360586953,0.00086399275104256793,0.3211933323926715
2,0.60336595051913211,0.093126344497753963,0.00867251603951435,0.0016378333349665612
3,-0.89391539326418168,-0.15199573983436876,0.023102704927797115,2.4881716097617402e-07
4,-0.34952600382848242,-0.0702666597471657,0.0049374034720239563,0.017603754586927572
5,0.34458281515780159,0.058374755830150379,0.0034076121182296756,0.048684681669593471
6,-0.12881298735106458,-0.021866601904200957,0.0004781482788368049,0.46057289063059514
7,-0.064643997700350023,-0.013867047818458312,0.00019229501519940943,0.63984193562843383
8,1.1899414293687673,0.23279307098154667,0.054192613897019425,1.6589927425861094e-15
9,-0.16584543110077896,-0.025007169473482218,0.00062535852507546088,0.39871659100525791
10,0.07082039571629567,0.016160870531732936,0.000261173736343434,0.58552634907224088
11,1.8399451857700693,0.25852986398075289,0.066837690569906599,7.0231268754195858e-19
12,-0.96657615530164021,-0.16204111877618294,0.026257324174237026,3.7137368180165008e-08
13,0.83323137536562408,0.14846647686667278,0.022042294753202282,4.7177883755172679e-07
14,0.75380757547757415,0.11867259748110101,0.014083185392911422,5.8589960894155583e-05
15,0.88566701738565323,0.14689932986806586,0.021579413115686827,6.2383720109610342e-07
16,-0.57518965169729253,-0.092578544943778332,0.0085707869839071853,0.0017452120051904107
17,0.58744890958164897,0.11943256817058255,0.014264138339820848,5.2471231389988184e-05
18,0.5523605552861085,0.096875041550060104,0.0093847736753258706,0.0010512677624866208
19,-0.58662198290947243,-0.088850547699222501,0.007894419826451813,0.0026653565603532922
20,-0.40573323514210929,-0.074441769066680361,0.0055415769817769691,0.011893789508020247
21,0.40022896675030151,0.075107673033783628,0.0056411625485497481,0.011153788857206618
22,0.35542040313720086,0.066458419822706519,0.0044167215653311111,0.024774550024603614
23,0.31484361579042258,0.062405222118533644,0.0038944117476635209,0.035056012560822351
24,-0.42355159803594533,-0.07750222672691523,0.0060065951476301737,0.0088189406415083316
25,-0.58914124595925121,-0.10468840771273284,0.010959662709427382,0.00039695738167963226
26,-0.020817828122858886,-0.001131131993328667,1.2794595863316836e-06,0.96955509674203411
27,0.3626017339996363,0.070210657777651661,0.0049295364655705179,0.017694377875148128
28,0.64725926839594394,0.10769776690575628,0.011598808996486612,0.00026790489429950724
29,0.067384563539897607,0.01368378042404244,0.00018724584669340709,0.64427123721071455
30,-0.04185379607790779,-0.0094199188752578759,8.8734871616439609e-05,0.75059809919247478
31,0.18625824954147965,0.030350868439957077,0.00092117521505958254,0.30568184995359687
32,-0.20743871851633056,-0.044263485030498477,0.0019592561070451626,0.13510867796341508
33,-0.23976320199255907,-0.040935706603284452,0.0016757320751101864,0.16702752738946
