,Slope,R Value,R Squared,P-Value
001,0.15201056769358001,0.46339310026412289,0.21473316537239545,8.2904750635420491e-62
002,0.21411267306086645,0.54300490012494707,0.29485432155970376,1.7087473938487038e-88
009,0.16608193614417502,0.50837797595363687,0.25844816643471658,5.1511299163429564e-76
010,0.18024335699159183,0.5133686849432233,0.26354740668033444,1.0024380135286178e-77
011,0.17435716824567046,0.44922869428499335,0.20180641976900002,9.3381314434446828e-58
012,0.16404028990099934,0.44556726569277699,0.19853018825693772,9.7026189327307287e-57
013,0.14029806375115605,0.42693394704409088,0.1822725951386466,9.3778177011359875e-52
014,0.17178173591198129,0.4665712210614939,0.2176887043228134,9.6159107549594614e-63
015,0.1992006161482229,0.49807398711671402,0.24807769664234061,1.4310261636485568e-72
016,0.1932005595092208,0.48860226625123909,0.23873217458584672,1.6558233170898487e-69
017,0.16467839882444876,0.46687602925787491,0.21797322669560007,7.811597256211891e-63
018,0.15454968999172974,0.41663947084579195,0.17358844866666151,3.9388253153146687e-49
019,0.24792201487361099,0.64216646249471954,0.41237776555298206,1.166355646669649e-133
020,0.21316925641226173,0.54641448120862735,0.29856878527449338,8.3883982317875164e-90
021,0.2078757722605038,0.46917121482140611,0.22012162881699401,1.622628630955747e-63
022,0.22531012158830352,0.55660103340070255,0.30980471038273,8.3511037136578235e-94
023,0.19481494926872345,0.57099723273269187,0.3260378397883919,1.0570380257977547e-99
024,0.23530668116438494,0.58450755563807355,0.34164908259799565,1.6503548261131938e-105
025,0.17194534472445736,0.43973131938172388,0.19336363324519165,3.817929177894476e-55
026,0.19049224720751226,0.49889652532569106,0.24889774298204789,7.6744969991075015e-73
027,0.14769083846963982,0.41390783093218092,0.17131969250698287,1.889140486532794e-48
028,0.20285139495975413,0.52353290259451046,0.27408670009903319,2.6761082439450378e-81
029,0.13536950674853018,0.33906749104719741,0.1149667634850413,4.3042297510974533e-32
030,0.18212584397379031,0.46877029009189286,0.21974558487283738,2.1370632344353538e-63
031,0.19748088849072881,0.51323329316546973,0.26340841321347297,1.1164687627849355e-77
032,0.20867840505816901,0.48450383066397923,0.23474396192806987,3.2734537829702989e-68
033,0.1632467253150813,0.49244233183758579,0.24249945018563895,9.7417713121396971e-71
034,0.13746613380485562,0.36196335494870147,0.13101747032571964,1.2001061518705774e-36
035,0.1962410716307324,0.48793967820266609,0.23808512956452135,2.689863694316836e-69
101,0.20229806631076402,0.55344227351767339,0.30629835011641121,1.5049462868421739e-92
102,0.21525773855211836,0.56520737134595656,0.31945937262380603,2.6974505220219282e-97
103,0.20639193652743987,0.53224797015376557,0.28328790173280372,1.842205338604091e-84
104,0.17924245825435389,0.52031964244228524,0.27073253031126754,3.7183440295204258e-80
105,0.25563421399466252,0.57323270665387394,0.32859573597772629,1.2075907896006809e-100
