,Slope,R Value,R Squared,P-Value
0,-0.0041080863591521442,-0.039345530017189337,0.0015480707323335472,0.18414571773896915
1,-5.4590120808628161e-05,-0.00055129949376514801,3.0393113182570849e-07,0.98515879441895726
2,-0.008515443991556286,-0.074154610621999822,0.005498906276500409,0.012226095940672164
3,0.0050360775682375316,0.056498303814146333,0.0031920583338755819,0.056407890185513759
4,0.0010839179402406128,0.013258403821256008,0.00017578527188749591,0.65460048757833744
5,-0.0067300107535520088,-0.067593926757715792,0.0045689389345274466,0.022410138122636678
6,-0.0016809310877938354,-0.019320045722545438,0.00037326416672124629,0.51443252308431942
7,0.0086246303268200254,0.09031815092213917,0.0081573683859943093,0.0022601695415940324
8,-0.0024449587133493949,-0.030745650963918542,0.00094529505319510519,0.29943078009034885
9,0.0049374195618987048,0.050961554174876016,0.002597080003918823,0.085315099482932297
10,-0.0011074731169650298,-0.012953990962884675,0.00016780588186649783,0.66203332139782245
11,0.00040414577143045891,0.0038309447839597623,1.467613793774851e-05,0.89714959613114464
12,0.0029781013241556324,0.032850879880095996,0.001079180308896496,0.2675411923527572
13,-0.00042450729081475316,-0.0039978254394668908,1.598260824444864e-05,0.89269581412210486
14,0.001152317566121352,0.012579544570528435,0.00015824494160191142,0.67122191162601719
15,-0.0030184554002666061,-0.029072189708008053,0.00084519221441840939,0.32651802059995017
16,0.0026834445845626493,0.0271968036158588,0.00073966612691959033,0.35870511400816796
17,0.00039676886494843924,0.0046400812611625802,2.1530354110192119e-05,0.87558775068208328
18,0.0026502199745331483,0.026479004994511446,0.00070113770549936206,0.37153463283832955
19,0.0011290813009011567,0.010823627326176278,0.00011715090849594983,0.71494873561863592
20,-0.0055518188447828921,-0.058336375953231302,0.0034031327593567434,0.04883327567290896
21,0.0014902186625471087,0.01775902304742152,0.00031538289959884877,0.54899531421403425
22,0.0005052057744842119,0.0054090016951252422,2.9257299337867744e-05,0.85518245198792364
23,0.0078793992834512282,0.091880872232768238,0.0084420946822542815,0.0018913232093159223
24,-0.0065119536160199044,-0.076197761459255678,0.0058060988514016297,0.01003028492390237
25,0.0010313437803542024,0.013623443756989295,0.00018559821979985058,0.64573225956193736
26,5.9592857866460169e-05,0.00062163493123256158,3.8642998772851155e-07,0.98326559757132737
27,-0.0073514224500742069,-0.096743144635144787,0.0093592360338965435,0.0010680759244231831
28,-0.0015805799872643314,-0.014915946602520627,0.00022248546304924662,0.61474148198966283
29,0.0035350844925144324,0.040929521662788217,0.0016752257435446499,0.16709171119464389
30,0.0046912912986609946,0.055191663141181957,0.003046119680289703,0.062366747257818822
31,0.00010157622774115314,0.0010776386563397017,1.1613050736376376e-06,0.97099424355466613
32,-0.0012411336376909566,-0.014720321712786127,0.00021668787132792268,0.61938996628026
33,0.0080214485187533099,0.084943943941840114,0.0072154736123944754,0.0040873416892935792
