,Slope,R Value,R Squared,P-Value
0,-2.5329595600689889,-0.40394982036574606,0.16317545737351852,5.0771583218046833e-46
1,-1.8573140766281819,-0.34968539453588271,0.12227987515171596,3.7024472965751372e-34
2,-0.99550321809929365,-0.16645844053141209,0.027708412424149658,1.5486033173448324e-08
3,-2.5898527874261541,-0.44111357999157913,0.19458119045298727,1.6101551027793277e-55
4,-2.3605390029725131,-0.40390181305782441,0.16313667459139775,5.2135566924965089e-46
5,-2.1920182653911344,-0.32930176286749263,0.10843965102763835,2.909131550829414e-30
6,-2.5530192785938084,-0.42103616423845275,0.17727145159662935,3.0628779994346021e-50
7,-2.6833520635505517,-0.46768435031782662,0.21872865153220758,4.497401999373096e-63
8,-2.1867071068555068,-0.3980917602197227,0.15847704955483718,1.249304845392428e-44
9,-2.3245605486257896,-0.37259131813874558,0.13882429035236793,6.8357176182487632e-39
10,-1.2600567304940866,-0.24889525444882937,0.061948847687147521,1.4288478315846715e-17
11,-1.8360971249409159,-0.28237382839569031,0.079734978962838751,2.3274276842149624e-22
12,-2.8016847447853288,-0.45259857092171679,0.20484546640038032,1.0557382394792208e-58
13,-1.2066455002906447,-0.20920199051648727,0.043765472836060429,9.4733305975499418e-13
14,-1.5819825164161281,-0.28107912059649792,0.079005472035300617,3.6712578729851516e-22
15,-2.1861955770479913,-0.35860743711282711,0.12859929395263026,5.895489623332198e-36
16,-2.4933606869945506,-0.40940663847123482,0.16761379562431636,2.4242281320265879e-47
17,-0.91938394751163599,-0.20903461509283533,0.04369547030700982,9.884235287326452e-13
18,-0.58989470396509935,-0.10398771481172914,0.010813444831765511,0.00043438510915796931
19,-2.1498785065007762,-0.36574196048025986,0.13376718165594398,1.9538941054213243e-37
20,-3.0171365900150926,-0.47998937399238573,0.23038979914560234,8.3621574410985527e-67
21,-1.5837902651941149,-0.2907099208063576,0.084512258055238709,1.1673770107710992e-23
22,-2.4337698613275243,-0.4065813188002475,0.1653083687973485,1.1793020152597995e-46
23,-2.0745053071836823,-0.37228998738832347,0.13859983470959805,7.9357266087254836e-39
24,-2.5791286687678503,-0.43839991375732901,0.1921944843824335,8.7369073271758642e-55
25,-1.8764472656902289,-0.34584594802780971,0.11960941976725446,2.1114231303149378e-33
26,-1.8872108870941353,-0.10803701898281938,0.011671997470694076,0.00025612658172940219
27,-2.1079367799927855,-0.36633924348504532,0.13420444131719531,1.4632600349701385e-37
28,-1.5977988083789507,-0.27215828723774027,0.074070133312180333,7.9496983507211474e-21
29,-2.3726637696227373,-0.42361706363950191,0.17945141660655381,6.7186952837139006e-51
30,-2.2047557985435811,-0.42372514064028871,0.17954299481063246,6.3033303630549074e-51
31,-2.3224193559575959,-0.39713554144738983,0.15771663828071147,2.0945557498095151e-44
32,-2.7875506809977799,-0.44939822275837954,0.20195876261839013,8.3731253428536079e-58
33,-2.2261914173618909,-0.38629573858074262,0.14922439764564144,6.518944311983235e-42
