,Slope,R Value,R Squared,P-Value
0,0.40823114353210693,0.062554675271294866,0.0039130873982971496,0.034620594219136144
1,-0.31695419081671755,-0.041938351837154962,0.001758825354816999,0.15686547682850194
2,0.59082017298007106,0.074993985585047759,0.0056240978739303515,0.011277160068314212
3,-1.3835921497320767,-0.19598674005417763,0.038410802277063796,2.4258482450160001e-11
4,-0.45599911618910793,-0.076216052679284843,0.005808886686011522,0.010012324338981885
5,0.59098410483692909,0.082234047174109481,0.0067624385146336638,0.0054455659048585209
6,-0.38994090268927301,-0.056240291476994719,0.003162970385417325,0.057545488240521456
7,-0.49296032286142705,-0.08838112151215459,0.0078112226397462348,0.0028083242711421331
8,1.2256138860646177,0.19878682779300205,0.039516202904004656,1.2429966046807891e-11
9,-0.57365379965466268,-0.073201108168456347,0.0053584022370900463,0.013389193103147394
10,0.49541687108678789,0.093900956599150348,0.0088173896502355166,0.0014963364154102132
11,2.2210603492463181,0.26178688317551635,0.068532372202751449,2.4640518527435103e-19
12,-1.5186978805856708,-0.21478914287240769,0.046134375895863562,2.2489899415553318e-13
13,0.92702183191063769,0.1378612965194988,0.019005737078037172,2.9538324275380235e-06
14,0.80301267561699252,0.1061589866314028,0.011269730442606358,0.00032797857554400572
15,0.72736134671968866,0.10428446676374192,0.010875250008197994,0.00041814934061232826
16,-0.80161180190993164,-0.10660273158906239,0.011364142382249681,0.00030947482513005452
17,1.0296504964548847,0.17612822770783604,0.031021152595503341,2.1017277533358168e-09
18,0.54718152867559033,0.080143493376698544,0.0064229795306209236,0.0067581432791493298
19,-0.73055242455497271,-0.091282492185447137,0.0083324933795862182,0.0020254896905246072
20,-0.34575149827939089,-0.053774147790828307,0.0028916589706298448,0.069409768603272706
21,0.33910801240370542,0.053550467964596199,0.0028676526192272437,0.070578558706150887
22,0.19627006289261739,0.031397909673096004,0.00098582873183989555,0.28929062291997704
23,-0.0488718733666339,-0.0079971730161323765,6.3954776249955812e-05,0.78728160510998668
24,-0.70297295187538211,-0.11002303900065634,0.012105069110939946,0.00019634717647052624
25,-0.53145655033912997,-0.079314939877665316,0.0062908596877976636,0.0073525015450736468
26,0.13237520614133655,0.0058186354184706661,3.3856518133081303e-05,0.84435022078584421
27,0.066341659729981795,0.010687043991194271,0.00011421290926972158,0.7183917753181317
28,0.63374256607861423,0.089107616339328941,0.0079401672896770425,0.0025899098658454986
29,0.51429509945553131,0.087193050853764609,0.0076026281171871811,0.0032019493910830999
30,-0.62810053748740025,-0.11675805385298257,0.013632443139535979,7.7132568943350066e-05
31,-0.28920607766460105,-0.039383524282284518,0.0015510619848932944,0.18372212777703004
32,-0.74598094078845778,-0.133658735306077,0.017864657523619955,5.8925319903873085e-06
33,-0.54639863153648727,-0.077342767800085588,0.0059819037309779563,0.0089596580992902918
