,Slope,R Value,R Squared,P-Value
0,-0.0073456780809949768,-0.063773768417395044,0.0040670935381555339,0.030433119364331403
1,-0.0013591400941806086,-0.012397511393387024,0.00015369828874916107,0.67423356200849205
2,-0.0033783941864604411,-0.026871887060118407,0.00072209831417175915,0.36217077979415346
3,0.0070966903693321214,0.069852011572494502,0.0048793035207239056,0.017731449807594807
4,-0.0022511771572319879,-0.023709827249422791,0.00056215590819747149,0.42140990826890867
5,-0.0040911033551087666,-0.037217485432471172,0.0013851412219162038,0.20685189626166534
6,-0.00064606299223846704,-0.0065926098671306313,4.3462504860188159e-05,0.82313073297996331
7,0.007475082944037305,0.069319026688419175,0.0048051274610297701,0.018620508787023059
8,-0.0011531312379801748,-0.012599843242585985,0.00015875604973773972,0.66922961690465199
9,0.0044364454892360169,0.041121606450942143,0.0016909865171061665,0.16307966448836339
10,0.0001844350031166977,0.0018785775849589766,3.529053742710301e-06,0.94921557518201394
11,0.00010081602337027165,0.00087216551364187485,7.606726831861954e-07,0.97640987318277794
12,0.0052239603165824431,0.050257362860348272,0.0025258025216767137,0.088191227869568137
13,-0.0012485281745668218,-0.010558052461117689,0.00011147247177171329,0.72036342247420748
14,0.00025292829396151098,0.0024417924040584871,5.9623501445177263e-06,0.93402064102582794
15,-0.0018848970782250321,-0.016228148816557954,0.00026335281401235135,0.58215483230422471
16,0.0010643309444683103,0.0097411400471181762,9.4889809417569501e-05,0.74119281436540752
17,0.00029834813984208082,0.0031215749014229005,9.7442298651933912e-06,0.91571326433803568
18,0.0013364674833331732,0.012084286279696427,0.00014602997488965931,0.68200844546252659
19,-0.0030116295645330948,-0.026007995318066572,0.00067641582046457278,0.37781385252684307
20,-0.0089571899284914946,-0.084692914793861984,0.0071728898162803662,0.0040195702085627002
21,-0.0031030630518892612,-0.032474727945068033,0.0010546079551061827,0.27075623465787801
22,-0.0034204670220354502,-0.032684886312808629,0.0010683017932812248,0.26766594729083859
23,0.004565541330092255,0.045718724119517939,0.0020902017351165916,0.12093252408603075
24,-0.00019137720212876862,-0.0019572760691462395,3.8309296108525553e-06,0.9470911383287699
25,0.00171232080742505,0.019295945876323082,0.00037233352726198974,0.51293398048229788
26,-0.00044451729256138415,-0.0040975899187630201,1.6790243142348334e-05,0.88950829842737644
27,-0.0039918412738712923,-0.044907087840258091,0.0020166465382926561,0.1276809361687444
28,-0.0010922115536550101,-0.0093565203655428791,8.7544473350818652e-05,0.75106679876108129
29,-0.00017527337280455645,-0.0017573458187029357,3.0882643265126914e-06,0.95248888274272314
30,0.009364700408824915,0.095489796653104975,0.0091183012648513376,0.0011747948204542118
31,-0.0016929157786318221,-0.015646997915941031,0.00024482854378146294,0.59574267505781209
32,-0.00013670464814815092,-0.0014349578607885101,2.0591040622387371e-06,0.96119723772196608
33,0.0080880567943689002,0.076151404763172212,0.0057990364474044872,0.0097205836605204904
