,Slope,R Value,R Squared,P-Value
0,-0.0038918099516337661,-0.034028198611000003,0.0011579183007096627,0.24848551922876466
1,-0.013561658010723957,-0.12417585741062771,0.015419643563664546,2.3739584940341509e-05
2,0.027348550419573184,0.22037514321741525,0.048565203748096281,3.8831217511579193e-14
3,-0.0063040461771569955,-0.061863669013788355,0.0038271135438475573,0.035776883286621056
4,-0.014963152966129467,-0.15725725737287419,0.024729844996438394,8.0900648378524689e-08
5,-0.0013499777875472789,-0.011975264257268052,0.00014340695403140173,0.68472257506026257
6,0.0029128189342044258,0.030059291545863627,0.00090356100823922852,0.30802784670970201
7,-0.0063451058938819504,-0.059305759280533193,0.0035171730838405488,0.044168256807016325
8,-0.010561227726636261,-0.11552861610772996,0.013346861139767243,8.4917490660345985e-05
9,-0.012911526789729882,-0.11824609028523393,0.013982137867743695,5.7419938468027811e-05
10,0.016915631800264147,0.17069807339793056,0.029137832261765285,5.5349398346789138e-09
11,0.0069263459253795833,0.060058803819283045,0.0036070599162031278,0.041540896310602281
12,-0.015886122751855625,-0.15237745455702656,0.023218888657278693,2.0294277936885335e-07
13,0.013354912031214342,0.11253098031444601,0.012663221530530237,0.00012948051672489761
14,-0.0079335227577041721,-0.076332403927489065,0.0058266358893493478,0.0095481603039184338
15,-0.021168333654272363,-0.17800077816332505,0.031684277026749252,1.1748905737692632e-09
16,-0.01943171063290057,-0.17964613681796102,0.032272734473617566,8.2108994565801666e-10
17,0.022728357583447392,0.23819422054206857,0.056736486699643603,2.5264139732139587e-16
18,0.019706193926935449,0.17670822107906237,0.03122579539692678,1.5531646554444892e-09
19,0.00029550405688131491,0.0025430416114310453,6.4670606374698074e-06,0.93129142827610023
20,-0.013833577533401052,-0.12487423776869269,0.015593575258311997,2.1337198337756286e-05
21,-0.0047239637520865444,-0.049579901127899097,0.0024581665958522503,0.092567819723363087
22,-0.018241910053486063,-0.17219690568320212,0.029651774326869607,4.0484208057801382e-09
23,-0.0034663016005211994,-0.034727466519134595,0.0012059969308376142,0.23889032681219705
24,-0.01083997203120747,-0.11207694445937796,0.012561241479350492,0.00013790069634766545
25,-0.010892450669586752,-0.11855590847269888,0.014055503433786955,5.4885222604004139e-05
26,-0.00775750167343518,-0.071399706770296084,0.0050979181268842643,0.015356967070891497
27,0.001644312457361477,0.018086915519572713,0.00032713651301216027,0.53969519012263323
28,0.0076782226158083758,0.06597196577335443,0.0043523002680006485,0.025144754764111394
29,-0.015046871367179984,-0.14821059567507275,0.021966380670359893,4.3514319336233127e-07
30,-0.01023855773386414,-0.10389514544269879,0.010794201246559535,0.00041234786496848998
31,-0.016411521347760159,-0.15286636931698491,0.023368126868156827,1.8531670485254422e-07
32,-0.010027875660801383,-0.10650205215974944,0.011342687114237989,0.00029326391209014011
33,-0.010140826141899135,-0.095303823890114769,0.00908281884807801,0.0012012574871561107
