,Slope,R Value,R Squared,P-Value
0,0.3493490919477098,0.09820174928093911,0.0096435835618364253,0.00084526827891126988
1,0.46922776565851498,0.10181321192951585,0.010365930123404509,0.00053837218398928818
2,0.19015358574175595,0.043573541504387546,0.0018986535192345841,0.13939934742195734
3,0.47100829517754023,0.10414769486931885,0.010846742346592744,0.00039908983009256412
4,-0.18961287168788693,-0.047392943524629985,0.0022460910959287671,0.10789498363940243
5,0.49171675310886515,0.11226251305038908,0.012602871836388778,0.00013439887772508479
6,0.17950645749214458,0.037475389966464198,0.0014044048531385656,0.2037206315566617
7,0.41739134582086523,0.11005373576406123,0.01211182475562581,0.00018207797724653765
8,0.59321671746370119,0.12675997894155833,0.016068092261264311,1.59514208843018e-05
9,0.15413997224752848,0.032607643997017419,0.001063258447036226,0.26879893589844328
10,0.28664036042298835,0.07852384370561559,0.0061659940303039453,0.007666561514892224
11,0.086348611167114731,0.018788770640776511,0.00035301790219170542,0.52407537355369871
12,0.338869562771421,0.073201992688419273,0.0053585317335553889,0.012948031800116409
13,0.31392932002017343,0.08004399502700961,0.0064070411398839391,0.0065638885338250826
14,0.25860601147211099,0.058516634680856147,0.0034241965343727765,0.047070429569079239
15,0.49586591501553223,0.1144486826282413,0.013098500955339902,9.8971968122098816e-05
16,0.29392098421071539,0.068992462910236196,0.0047599599384203174,0.019184279737654283
17,0.45733785748939737,0.10195420258122881,0.010394659423974243,0.00052881753688296062
18,0.50074097522277639,0.12791822961016713,0.016363073466599438,1.3314155677567032e-05
19,0.28185193924902002,0.059943323809266355,0.0035932020693025587,0.041935013108590609
20,0.19365075963527578,0.045825073588349079,0.0020999373693776084,0.12006931979633453
21,0.19699282919133526,0.043309300424867483,0.0018756955032914267,0.14181654491909351
22,0.32973164544254918,0.081232366936129466,0.0065986974380459794,0.0058034471924852263
23,0.25126626494673976,0.055476587734008487,0.0030776517866091409,0.059789406237209734
24,0.20509583806074236,0.045677231454132876,0.0020864094733144259,0.12127061881814588
25,0.38610036789110619,0.081145420802207796,0.0065845793171673776,0.0058562686011939952
26,-0.03633403451786027,-0.0089753926338605496,8.0557672931958212e-05,0.76089146693462495
27,0.47523007863751204,0.10181506999187537,0.01036630847745048,0.00053824522906726778
28,0.24029878013686187,0.052944122903247903,0.0028030801499942192,0.072448057095500354
29,0.75680222108021611,0.19722627361480191,0.038898203003980711,1.4456682586033702e-11
30,0.34011399956061966,0.087005245489169783,0.0075699127426306989,0.0031220719974941928
31,0.28317456684534353,0.064699500748341118,0.004186025397084593,0.028099753769099824
32,0.28184670486695118,0.071743888363278538,0.0051471855174825736,0.014868602268952697
33,0.12289058493695103,0.026604069521885588,0.00070777651512532165,0.36697641556808291
