,Slope,R Value,R Squared,P-Value
0,-0.10541511906320823,-0.01373081131999559,0.00018853517950531904,0.64153391746889232
1,0.098366964684003994,0.014499984850633297,0.00021024956066859513,0.62297571947308417
2,0.17015137175738734,0.022345703572431829,0.00049933046814699261,0.44862487019091957
3,0.53212415432634097,0.072444431752965111,0.0052481956920100194,0.013916626404336397
4,-0.15953697094770486,-0.021723250114523768,0.00047189959553815695,0.46136682556587494
5,0.052768950809809791,0.0067243991161838566,4.5217543473734234e-05,0.8196551973610311
6,0.22878642276100694,0.030315191466284124,0.00091901083363746575,0.30392584955038499
7,0.73422711038890187,0.10050992689433158,0.01010224540430388,0.00063461721176386358
8,0.27640816504471238,0.039373022613682473,0.0015502349097375515,0.18173507616244203
9,0.2201133023570907,0.028954053758990073,0.00083833722907848717,0.32616283465743212
10,0.24626549633140415,0.03747075544472557,0.0014040575135984309,0.20377659438689252
11,0.040621899291211995,0.0052014342436673862,2.7054918191195712e-05,0.86001735804820301
12,0.33613860533161322,0.043873957352223561,0.0019249241337447318,0.13668984959346631
13,0.19522485790130742,0.026851126087704964,0.0007209829721778301,0.36254189442901485
14,0.26075177843054331,0.036597919704717236,0.0013394077267129302,0.21451640370994512
15,-0.0046258973461989449,-0.00062377907655678032,3.891003363500296e-07,0.98312697144066696
16,0.083340631901674664,0.011133296317008531,0.00012395028688231573,0.70581835222409017
17,0.25957513086730694,0.043032953709164157,0.0018518351049350652,0.14437874572215292
18,0.12132713705818414,0.017287833623336996,0.00029886919138818113,0.55775769667439357
19,0.079811495104425909,0.01088138406936566,0.00011840451926504477,0.71217513146427958
20,-0.28701133223556552,-0.038672696080852657,0.0014955774221619964,0.18963469814176731
21,0.10610547914692918,0.0152518208820005,0.0002326180402166265,0.60506397314781957
22,0.037748334773247412,0.0050849234396962931,2.5856446387572781e-05,0.86312167637342774
23,0.50442210996743819,0.071399975847547023,0.0050979565510302985,0.015356579829569107
24,0.3241928055346302,0.043366967709395535,0.0018806938883077549,0.14128629783259883
25,0.34131166721411466,0.050788932638615197,0.002579515678569792,0.084875105032799089
26,-0.065611931808779791,-0.0011637002125776191,1.3541981847531957e-06,0.96852808511872235
27,0.065374791495277973,0.0091743437197754959,8.4168582688584081e-05,0.75575801068017479
28,0.16899359434361078,0.022886102414918202,0.00052377368374612477,0.43772629374836025
29,-0.11836766742645057,-0.016718743089084564,0.00027951637047881288,0.57079806216639795
30,0.74055525656803922,0.1083181530546817,0.011732822281177452,0.00023024235513886842
31,0.12278340920310356,0.016306387321437802,0.00026589826747674749,0.58033664136572594
32,0.60180280179912293,0.079139413262024894,0.0062630467314575616,0.0072014858380220021
33,0.62047065804234058,0.08485079814928867,0.0071996579465713299,0.0039515500080289966
