,Slope,R Value,R Squared,P-Value
0,0.049468742034158159,0.065918572856826535,0.004345258247480748,0.025263121309046413
1,-0.17605565372580084,-0.1964892280677559,0.038608016746662595,1.7258982715570552e-11
2,-0.13769233206076459,-0.1533322533766385,0.023510779925557668,1.6990201129564668e-07
3,-0.16072241826653,-0.22978136477845509,0.05279947559944944,2.8692810621625901e-15
4,-0.010765275453159959,-0.016595962509596971,0.00027542597161994822,0.57363040595576353
5,-0.21674996481954154,-0.28119569854763865,0.079071020881694473,2.2296308284759981e-22
6,-0.15826198353976897,-0.22054275922709343,0.048639108647499707,3.7107648537426745e-14
7,-0.090090360974003234,-0.12675706047742824,0.016067352380878402,1.5958654878813516e-05
8,-0.009675702346216293,-0.014762053903200931,0.00021791823544100986,0.61670611869291059
9,-0.12302975033641284,-0.16350035727331558,0.026732366828501837,2.3919810607501196e-08
10,-0.038126879558536129,-0.055908634504903507,0.0031257754122028872,0.057824532798984883
11,-0.093150955398909593,-0.1074638803008635,0.011548485569318317,0.00025811422627756281
12,0.036626977533873742,0.050937803080055244,0.0025946597826224855,0.083964673240030763
13,-0.14192586737047241,-0.16793307495076348,0.028201517662418747,9.7846464145025005e-09
14,-0.16669362661676926,-0.24710870929199805,0.061062714207957204,1.7339235237377122e-17
15,-0.12708114940404794,-0.15611177429964809,0.024370886074984267,1.0065345646150521e-07
16,-0.055384155859982631,-0.076197330690146559,0.005806033204303551,0.0096765733071893477
17,-0.1631640146206578,-0.24014642821448148,0.057670306984173109,1.4181378451322526e-16
18,-0.15262290144768842,-0.18910762620623434,0.035761694289356848,9.7988778329479836e-11
19,-0.1747520801029265,-0.19374379854717683,0.037536659475489037,3.3189556013966931e-11
20,-0.10858428940973219,-0.14208749387568392,0.020188855915872515,1.2856487560206757e-06
21,-0.15578077639042448,-0.22829418993181,0.052118237156621339,4.3655903137095844e-15
22,-0.22655579622573255,-0.31126223800740715,0.096884180809379786,2.6755180708063693e-27
23,-0.1286922326668935,-0.18840770778385851,0.035497464352367822,1.1511642076258161e-10
24,-0.11990672854539081,-0.16437371476009352,0.027018718104032585,2.0095184378855343e-08
25,-0.090514662911989105,-0.14032384128623587,0.019690780433324714,1.7420543377703607e-06
26,-0.028435856934857954,-0.036587960554095716,0.0013386788575080642,0.21464125405262277
27,-0.12122599208218995,-0.18308303958978628,0.033519399385435251,3.8427512125240094e-10
28,-0.14306990302205275,-0.15786245375737429,0.024920554306299136,7.2035787537400827e-08
29,-0.14195396315091324,-0.21116425332223332,0.044590341881136322,4.4481440258207383e-13
30,-0.12414693969516695,-0.18871216659877646,0.035612281822404362,1.0733408974725853e-10
31,-0.13184969636904018,-0.19043432210203767,0.036265231034462636,7.2082773185055958e-11
32,-0.030781135775581604,-0.050595312198144914,0.0025598856164277513,0.086071121773113241
33,-0.070356807744342262,-0.099994258930479404,0.0099988518190557603,0.00067693411525392383
