,Slope,R Value,R Squared,P-Value
0,-0.83305219773478356,-0.11058934575449317,0.012230003394406837,0.00016923992495952917
1,-1.3746275110085056,-0.20191659136334023,0.040770309867790122,4.6064821463696505e-12
2,0.86075504703391781,0.11308062716674661,0.012787228240424751,0.00011993453909804915
3,-1.3096359544032592,-0.18938986999025609,0.035868522854926102,9.1809749553399825e-11
4,-1.7603259113256899,-0.26988390251140992,0.072837320834788222,1.1228275716140225e-20
5,-0.89687876667347421,-0.12038084044144896,0.014491546745389595,4.1975075627998835e-05
6,-0.64686522935607726,-0.10262114453307976,0.010531099305279245,0.00048572178858027556
7,-0.91380007385310702,-0.1349095948750739,0.018200598789356565,4.3267830741272083e-06
8,-1.6110398172052198,-0.26446792435474281,0.069943283012505963,6.8734039606004218e-20
9,-1.418763338464696,-0.18886652452785038,0.035670564087229108,1.0358718610625243e-10
10,0.59484780715963459,0.094075495480682711,0.0088501988499359533,0.0013903186655030422
11,-0.55737294767404566,-0.070686571674685172,0.0049965914151204041,0.016413926471871104
12,-1.7656303787753731,-0.2498738441464971,0.062436937988547922,7.3887209033718318e-18
13,-0.086223206011423734,-0.011726508372070042,0.00013751099860022877,0.69093060685662988
14,-0.97840589525990829,-0.13327781326531116,0.017762975508783151,5.6534680310249374e-06
15,-1.828971990314971,-0.24094273934689295,0.058053403643984793,1.1188685278841519e-16
16,-1.63484675482036,-0.2295749329051622,0.052704649818409728,3.0419357610846284e-15
17,0.53520969972174592,0.090966774734171724,0.0082749541055375433,0.0019977107727491682
18,0.51299073879367485,0.070502904367321831,0.0049706595242277277,0.016696273117001795
19,-0.66966080420194662,-0.092239228695011652,0.0085080753102506606,0.001724481066221304
20,-1.4373653633922547,-0.20429274739820422,0.041735526639506478,2.5531656883562822e-12
21,-0.72021756205383036,-0.11269221079234115,0.012699534373265452,0.00012660869570628534
22,-1.8393999488795172,-0.26784835433400045,0.071742740919432252,2.229273128031301e-20
23,-1.0720384377857526,-0.16747325021409595,0.028047289537273191,1.0747309969359448e-08
24,-1.2589385650486715,-0.19085432590624155,0.036425373717125863,6.5375778787064205e-11
25,-1.2581262044175696,-0.19250358771276016,0.037057631282284342,4.4455976914104808e-11
26,-1.3170867818754326,-0.02096108183049428,0.00043936695150467747,0.47724013395589937
27,-0.64628026198703181,-0.10055147041303139,0.010110598202222727,0.00063131730806019286
28,-0.24816807082177006,-0.034560160929181225,0.0011944047234509045,0.24116194426215518
29,-1.633460382376813,-0.24056549874491134,0.057871759186387942,1.2519632281847278e-16
30,-1.3015383594019947,-0.20065634215160508,0.040262967645662007,6.2809527128665357e-12
31,-1.7688525743783665,-0.2451111664302302,0.060079483908788013,3.190235176169841e-17
32,-1.6065286550147304,-0.24443443342261589,0.059748192242635244,3.9173580866168097e-17
33,-1.3092299945787162,-0.18796981657124887,0.035332651941828948,1.2728324102025261e-10
