,Slope,R Value,R Squared,P-Value
0,1.1292603156230137,0.022846766112202072,0.00052197472178566501,0.43851444467294465
1,-13.592303448879532,-0.2433573276077837,0.059222788900402161,5.4245090894420407e-17
2,-10.023855691230894,-0.18198638715764337,0.033119045110691664,4.9040193451612862e-10
3,-11.104424904013218,-0.23395066618222488,0.054732914207106818,8.7085743682447532e-16
4,-4.5474031971245221,-0.10226736814111403,0.010458614586510146,0.00050815671559760597
5,-15.880164100744208,-0.31172366160904807,0.097171641206952319,2.2247319498889005e-27
6,-8.9127726472494206,-0.19093556145353985,0.036456388627578488,6.415079850989335e-11
7,-7.5429682300160605,-0.16763695516811108,0.028102148738035286,1.0394493454662397e-08
8,-3.7142128604538369,-0.085039881270526377,0.0072317814065052232,0.0038714628203873809
9,-10.672880628443993,-0.20617027825043915,0.042506183633863506,1.5934742100423489e-12
10,-3.3538794843176216,-0.07707709343390709,0.0059408783322192436,0.0088670663213303649
11,-5.9519242357308144,-0.1004271483355063,0.010085612122801785,0.00064124034398829505
12,0.56388440635570836,0.011570374553828189,0.00013387356731587487,0.69483779470602547
13,-9.9989520819543056,-0.1909601075528965,0.036465762676613798,6.3785090066177308e-11
14,-14.105301899079494,-0.29603793944914875,0.087638461593297856,9.824637724636751e-25
15,-9.7067433217372603,-0.18680978971155271,0.034897897532074541,1.6590443424261733e-10
16,-3.9628499810794588,-0.082813743588261615,0.0068581161271023417,0.0049146942086754977
17,-10.613449302668483,-0.25334010946282987,0.064181211062638618,2.4987444613568665e-18
18,-13.718315605106856,-0.26051552447226128,0.067868338491057362,2.5122070200908965e-19
19,-9.7638194135829117,-0.17325906180265135,0.03001870249673496,3.2382119650043523e-09
20,-9.5870634298118524,-0.1975249194327208,0.039016093796902844,1.34525652373677e-11
21,-10.612038583417803,-0.23185203236199076,0.053755364910385607,1.5916877571022992e-15
22,-14.180488008363231,-0.30053856903169074,0.090323431475616334,1.7779065553569266e-25
23,-9.5807196898102855,-0.21871209588711063,0.047834980887332672,6.0806014311847918e-14
24,-10.469219225716213,-0.21043232808497336,0.044281764703261867,5.3737043099578969e-13
25,-7.2240735199252368,-0.15743877517681545,0.02478696792917584,7.8136589558889185e-08
26,-0.10769008565772119,-0.00023959202380643618,5.7404337871663885e-08,0.99351869952688432
27,-8.3814654547354941,-0.17904396913422396,0.032056742883336944,9.3650194702266371e-10
28,-10.331869571137329,-0.18477389224724008,0.034141391256194691,2.6306984184403577e-10
29,-10.823359284096382,-0.24072802145472305,0.057949980313505602,1.1928132236305576e-16
30,-9.8080261926358077,-0.22650873064042953,0.051306205056338663,7.1975507787786298e-15
31,-8.2132189398337569,-0.17647688931439154,0.031144092462084001,1.6323672222193035e-09
32,-2.6901796619985769,-0.063347837979993799,0.0040129485767395447,0.031561360007739916
33,-5.6587450500451872,-0.12286388661288851,0.015095534633624725,2.8963939718434297e-05
