,Slope,R Value,R Squared,P-Value
0,1.1391909202086006,0.26771349937594641,0.071670517748114851,2.3324141060258539e-20
1,0.86628538669277289,0.20128728959056011,0.040516572950714008,5.3792250293974144e-12
2,1.1437872736236978,0.25638257095265976,0.065732022688295616,9.5169347391727059e-19
3,0.99006578148994384,0.22299551882854965,0.04972700141761404,1.9015007616662084e-14
4,0.51022835017015211,0.11877241417681549,0.014106886369388999,5.317716576744889e-05
5,1.236865282168168,0.25799054286790601,0.066559120209276845,5.6843038398172413e-19
6,0.54379428433001853,0.12659064014704718,0.016025190172839196,1.6376366903488982e-05
7,0.72447931202969473,0.15577664881099934,0.024266364314785422,1.0726458368505298e-07
8,0.96534423724571483,0.20977489682130723,0.044005507336390096,6.3643851944014421e-13
9,1.0795120265800784,0.23218810418698338,0.053911315725945451,1.4457327378978792e-15
10,1.1275066573037453,0.26046347432732692,0.067841221458662088,2.5550810989412818e-19
11,0.91545065435123807,0.20190287506773766,0.040764770960618479,4.6221039428092726e-12
12,1.0414625866507001,0.22683100984506532,0.051452307027332118,6.5784876622190118e-15
13,1.1110744154138259,0.25274550080735741,0.063880288178361902,3.0130296427503238e-18
14,0.73027612209456039,0.16584396125087852,0.027504219483382896,1.4955566041174992e-08
15,1.3535599589803995,0.29059291670275145,0.084444243237812244,7.4640543900717947e-24
16,1.4771233811810194,0.35238734594092802,0.12417684157929128,5.1440012170372694e-35
17,1.317516058231381,0.29303479407004779,0.085869390535675313,3.0227163478122798e-24
18,1.1127936607728655,0.25658065522874185,0.065833632637610495,8.9332473129903126e-19
19,1.0507151754237212,0.23522722043869992,0.055331845235316729,6.0169779255936287e-16
20,0.24048109289267636,0.052390063640990719,0.0027447187683070579,0.075491264169537775
21,1.3013803344766612,0.28644167518088037,0.082048833280428973,3.4009313022570407e-23
22,0.61661980954140783,0.14013071015278203,0.019636615927923009,1.8005825568572806e-06
23,0.94092879003721475,0.19987796195988039,0.039951199677235393,7.5989660890464962e-12
24,0.91231333394853353,0.20165406624540702,0.040664362433307004,4.9146498354851764e-12
25,1.0288492215444252,0.22782768426659139,0.051905453718277657,4.9768582118987848e-15
26,0.92923103521735673,0.21919524156661768,0.048046553925447877,5.3398117583086825e-14
27,0.55407882454278223,0.1163032476796397,0.013526445420831618,7.6020387627145341e-05
28,0.88631935508570081,0.18962195722692046,0.035956486662568052,8.7015287231935861e-11
29,1.1877366586292724,0.27050195035420854,0.073171305145430701,9.1069193716234471e-21
30,1.320995022080178,0.28458683639243848,0.080989667447856545,6.642493707525438e-23
31,0.64515934921459428,0.14951328519986937,0.022354222451257476,3.43587990658994e-07
32,0.94699318797147136,0.20233566156420316,0.040939719940623759,4.1533341171853739e-12
33,0.86886027706575342,0.18681802945840781,0.03490097613072253,1.6559343227571257e-10
