,Slope,R Value,R Squared,P-Value
0,0.46184144706811753,0.73852825499214503,0.54542398342174281,4.2321805798401811e-199
1,0.33075483256767185,0.57686271382071197,0.33277059059659664,3.6974333358592714e-103
2,0.47916671779617126,0.74297372411808016,0.55200995472988912,9.539530209227556e-203
3,0.39505289682138484,0.6499600382973284,0.42244805138346458,2.9713371295670782e-139
4,0.3534480039958825,0.63334398300840955,0.40112460081295659,3.4495958755911825e-130
5,0.51089794043082903,0.77570461306620997,0.60171764673219852,3.9031322921569858e-232
6,0.427207033648005,0.70403535047366739,0.49566577471657969,3.8603200815166558e-173
7,0.45391076305009442,0.7506756670721314,0.5635139571341895,3.0109986675579096e-209
8,0.43420792329032137,0.71158110919888806,0.50634767496871991,1.7222174036404175e-178
9,0.39426200434130798,0.65955738872126934,0.43501594901681961,9.3878062426372042e-145
10,0.43250362559160532,0.70348582119264347,0.49489230061908795,9.3250433942140086e-173
11,0.43966051529133976,0.71623626845161359,0.51299439224549193,7.0487390755969726e-182
12,0.41949269463229771,0.67817505187942573,0.45992140099166179,5.0404600254788216e-156
13,0.4271845476843491,0.7188821883319253,0.51679160070089769,7.794893728896765e-184
14,0.34887987957863664,0.62697496513745166,0.39309760690910872,7.3621584347660849e-127
15,0.41514766748990273,0.69841954623247349,0.48778986255957418,2.8819264093329726e-169
16,0.41296683078374163,0.70693941118138637,0.49976333108148524,3.5291013835319512e-175
17,0.43285738258615286,0.72450637002895613,0.5249094802125347,4.5448911093964673e-188
18,0.37187769426238354,0.64074984830068549,0.41056036809735147,3.6887999409746101e-134
19,0.42436050375540224,0.70908128139723103,0.50279626362793917,1.0658578256266591e-176
20,0.38422492226766347,0.61916708517131835,0.38336787935954658,6.9842076568959222e-123
21,0.44811174023698308,0.74307041845245081,0.55215364677910039,7.931598960302871e-203
22,0.38178769286489089,0.65680939330833521,0.4313985791380634,3.6993697406249195e-143
23,0.37587840033312125,0.61851250012205305,0.38255771280723266,1.4874920214151646e-122
24,0.46888316987620132,0.73706530912613089,0.54326526991719892,6.4639118877760959e-198
25,0.32658356374118702,0.58112821797614533,0.33771000572813026,5.1191756368347656e-105
26,0.41760060938889526,0.68540690027228479,0.46978261894086176,1.2478171230669671e-160
27,0.48227470594619964,0.75322342086969474,0.56734552174664532,1.8857225498051992e-211
28,0.43506544753367526,0.71350558211244652,0.50909021570562119,6.9776186482882407e-180
29,0.39223535475352794,0.62217700090833938,0.38710422045929577,2.110088237015972e-124
30,0.45245032974962673,0.72475256293159307,0.52526627747591281,2.9496092937150552e-188
31,0.37912917242714589,0.65097317032467095,0.42376606848255305,7.9753302570142189e-140
32,0.43769690492121821,0.70333487069921119,0.49467994034147611,1.1877091533313365e-172
33,0.35412087195917458,0.63545921853826082,0.40380841842525711,2.5984349231972152e-131
