,Slope,R Value,R Squared,P-Value
0,0.30887220877542304,0.095182614902862089,0.0090597301797465443,0.0012866958807404725
1,-0.044146141875377819,-0.013988527453173423,0.00019567890030818653,0.63691298924689721
2,0.28173595498747456,0.096838881576355076,0.0093777689849593223,0.0010558512908254863
3,0.40954709392260547,0.16131322918112961,0.026021957908843648,4.279849251773156e-08
4,0.76395665538693813,0.24846055687496416,0.061732648322617295,1.6320085796055276e-17
5,-0.14497075982061663,-0.052583947794061364,0.0027650715656085709,0.075815613632099391
6,0.1917178739563101,0.076621090678180931,0.005870791536714025,0.0096218702635306914
7,0.62454636294815313,0.23445494791325158,0.054969122601005511,1.0320611741535373e-15
8,0.52857759676114213,0.20730041728198606,0.042973463005285546,1.5314073364934661e-12
9,-0.041587395478063297,-0.017552690565982021,0.00030809694610511423,0.55364792577485678
10,0.74136402487427833,0.24851651778128236,0.061760459610134433,1.6043383850856531e-17
11,0.14754472303651758,0.06532462465404533,0.0042673065861919069,0.027347693189055774
12,0.0053990684927795593,0.0022451436774826058,5.0406701325401194e-06,0.93961402881467349
13,0.21404104634160162,0.075130529737861843,0.0056445964986917424,0.011129130287378081
14,0.1199926912225595,0.04734718161042939,0.002241755606450983,0.10993856263064258
15,0.2239113527976464,0.088092627570190318,0.0077603110322202557,0.0028996224137786304
16,0.15213473582560391,0.057920289321372484,0.0033547599150714953,0.050468769497277167
17,0.37064180693999255,0.15781026598936665,0.024904080051634653,8.3966366266398112e-08
18,0.15567944410864204,0.054576565212766145,0.0029786014704233157,0.06534683994018893
19,0.4322655705956383,0.14301920873765125,0.020454494067943862,1.2304979485261837e-06
20,0.1316830219744253,0.053060662063946926,0.0028154338586643766,0.073194277370483382
21,-0.21146524263569785,-0.078472842758597519,0.0061579870506155709,0.0080041478730706501
22,0.029154059033691712,0.01085626044553978,0.00011785839086139159,0.71412696226491112
23,-0.34334444941309067,-0.1307220447385638,0.017088252980631078,9.4320208907003385e-06
24,-0.047973023508364424,-0.019425537936298965,0.00037735152411459027,0.51213823469050002
25,-0.028955761975403085,-0.010927400764168226,0.00011940808746074431,0.71233664182713419
26,0.88546677253524797,0.044525276993408906,0.0019825002913397886,0.13281260335596889
27,-0.030746199033068231,-0.0091158956956909672,8.3099554334717098e-05,0.75839287669067612
28,0.54088026295714986,0.18635535106330567,0.034728316869927903,2.2447415763350999e-10
29,0.38254137541583666,0.17214885421322701,0.029635228006926886,4.8472720140504073e-09
30,0.18699813487273431,0.07519819275240118,0.0056547681932272815,0.011056416427185297
31,-0.26428141777841985,-0.091479678804631787,0.0083685316341985984,0.0019803430558830446
32,0.6293348807002086,0.23978513765539289,0.057496912240415719,2.1967201478978243e-16
33,0.084888400521623428,0.034660296804198618,0.0012013361745551409,0.24206226553392735
