,Slope,R Value,R Squared,P-Value
0,2.1885993678953319,0.076067354299606968,0.0057862423901419349,0.010159167414971353
1,5.1450741169699148,0.15959751488054338,0.025471366756045267,5.9645203684339846e-08
2,-2.3562375228861536,-0.071973894364832119,0.0051802414700400125,0.015029254088341701
3,3.3579792984496328,0.12698974528123308,0.016126395406592459,1.690538070404283e-05
4,-1.2091648908889372,-0.041790273769981748,0.0017464269817700246,0.15833610332978781
5,4.0974170341982354,0.14047414209761713,0.019732984598061529,1.9029233138708985e-06
6,3.0379753396716924,0.091985456356638212,0.0084613241811389937,0.0018687283214455141
7,-1.5121315644117272,-0.062263462335426172,0.0038767387419950334,0.035473322849420806
8,0.82147990219988043,0.028632508456751436,0.00081982054052594255,0.33389074210126357
9,1.236836322111833,0.043372242705114528,0.0018811514372713604,0.14315548743136808
10,-0.85671683951979494,-0.028859564953509338,0.00083287448930582442,0.33007009370984175
11,2.4517063401980694,0.076751625342092733,0.0058908119926529712,0.0094989564924340651
12,1.7194654778039979,0.063381897354673422,0.0040172649122783574,0.032293108593415873
13,2.2899318122051193,0.081434658134333621,0.0066316035454557888,0.0059175860831248775
14,4.8485305002442685,0.17150052335172025,0.029412429509913945,5.5441086239485552e-09
15,1.7271498311827103,0.05679182323180125,0.0032253111859921603,0.055136534623860228
16,-0.44108461462778048,-0.014514712233598241,0.00021067687122416643,0.62429213930084093
17,4.0267047403744964,0.13272578919774822,0.017616135118165097,6.8497602769801369e-06
18,2.3313388491292333,0.065890080348731159,0.004341502688362248,0.02603695809622943
19,0.73721162146005281,0.023028274100644439,0.00053030140805441139,0.43709068175188981
20,-3.8406978815248864,-0.12436438932137674,0.015466501331278965,2.5241906892852476e-05
21,3.0619999797366457,0.099958584364720882,0.0099917185881990226,0.00072159286263604372
22,3.0067796245742184,0.099536906542824544,0.0099075957641149882,0.00076016731062692182
23,-0.60256902685172864,-0.019815941227386141,0.00039267152672722177,0.50369417203819755
24,2.5029641489910008,0.075401967676424542,0.0056854567294765714,0.010839970088801906
25,1.6677071554342284,0.058490665880594747,0.0034211579951553706,0.048238216628663462
26,1.1051660203260099,0.0088905397948380559,7.90416978435991e-05,0.76418664150831428
27,1.9394174763089427,0.061543273302611029,0.0037875744887998753,0.037659362537276884
28,-3.8700987845823249,-0.10577469508960535,0.011188286121298983,0.00034483355151367296
29,-1.2139036155498688,-0.043267888135182835,0.0018721101436786954,0.14412120535579881
30,2.4900228158919639,0.089038626259427656,0.0079278769661660399,0.0026099638414992625
31,5.7808074876493381,0.20190068720058635,0.040763887492069009,5.8410661242748745e-12
32,1.6662734354321116,0.05812423448448141,0.0033784266344069778,0.049661491879421017
33,5.3825738939763275,0.19202129981046415,0.036872179580900159,6.148946901284447e-11
