,Slope,R Value,R Squared,P-Value
0,0.019986903980338942,0.039824766916544518,0.0015860120599570989,0.17885548977212262
1,-6.2557642269663971e-05,-0.0001242237971512345,1.5431551778671057e-08,0.99665566225745994
2,-0.0095646230594138276,-0.019219200062394418,0.00036937765103834162,0.51663073467993503
3,0.014128273029053812,0.028693092592766072,0.00082329356253704722,0.33286852560880398
4,-0.035905875872516139,-0.084696037953502876,0.0071734188450211997,0.0041974203592932613
5,-0.021220583187871043,-0.045032674594380026,0.0020279417811233202,0.12844846200759183
6,-0.0097425728582836105,-0.019265178368982758,0.00037114709758872118,0.51562790703693917
7,-0.0090780724262786196,-0.019950495391376919,0.0003980222663613517,0.50080099090635477
8,-0.0031080788504287866,-0.0067912297213847048,4.6120801128618975e-05,0.81875228931361255
9,-0.005800272323473024,-0.011739562344962352,0.00013781732405125795,0.69201203708689785
10,-0.01713022584867115,-0.037465156697063226,0.0014036379663355015,0.2060216324947455
11,0.00044614922247200242,0.00091807317789269422,8.4285835996599051e-07,0.97528762204794461
12,-0.0039119156610906555,-0.0084325317356870287,7.1107591473368895e-05,0.77600214856122407
13,0.023942125920487091,0.051212295540149805,0.0026226992144916476,0.083787096110298664
14,-0.00020347308109259845,-0.00040668326508770268,1.6539127810239464e-07,0.9890516344300504
15,-0.012878022903562124,-0.025852318594928602,0.00066834237673369116,0.38296503634275592
16,-0.025379696111007745,-0.051172751303357002,0.0026186504759552259,0.084026596057047445
17,-0.015244046128772016,-0.029735645478366216,0.00088420861201508123,0.31559452042484493
18,0.028157368800655138,0.054514465626305658,0.0029718269625216612,0.065654117676966758
19,0.018510602629118498,0.039390996058291688,0.0015516505704643514,0.18363891141290636
20,-0.015337748995403216,-0.029358516016152605,0.00086192246267068897,0.32177404298634399
21,0.014228343245277183,0.029283657233558896,0.00085753258097256621,0.3230099755228274
22,-0.010901619855540064,-0.022162308676441565,0.000491167925869877,0.45452946603566469
23,-0.0086842980332820108,-0.01829194048349269,0.0003345950866516388,0.53706838289382774
24,0.016543776442293066,0.032810919908399148,0.0010765564652353836,0.26812392119514478
25,-0.030535326118799333,-0.064149359196323544,0.0041151402852989396,0.030254815515908653
26,-0.01331283901856373,-0.028852368659783939,0.00083245917728008245,0.33019074928426728
27,0.011247247498932713,0.02289326243518898,0.00052410146492643482,0.43978395490877864
28,-0.023212351006169897,-0.046530012172398501,0.0021650420327635526,0.11621725606266675
29,-0.001623120784487073,-0.0032197143862335697,1.0366560728919413e-05,0.91348897454394251
30,0.0057958682950378145,0.011560866385372391,0.00013365363158043331,0.69646560286459669
31,-0.0063464618389677818,-0.013098438129923231,0.00017156908144342679,0.65850215824104386
32,-0.021678204129146682,-0.040878686043439708,0.0016710669726381123,0.16761995586435335
33,0.019692973382902483,0.042535917228379579,0.0018093042544595588,0.15103573804630951
