,Slope,R Value,R Squared,P-Value
0,-0.0085603435172099014,-0.017092861600734595,0.00029216591770186724,0.56408552492875663
1,-0.001470941481259587,-0.0029094784454970156,8.4650648248117302e-06,0.92179661991410589
2,-0.026408402301210141,-0.053354687127658548,0.002846722638490333,0.071614754588250396
3,-0.0069494044698276128,-0.0139834386042469,0.00019553655519874248,0.63703557121470833
4,0.010084856974414956,0.023845894856166762,0.00056862670149136047,0.42098435047506577
5,0.021313317381821774,0.044291444400689578,0.0019617320470993764,0.13486200588204628
6,0.016903692896415315,0.033594061515315361,0.0011285609690947927,0.25686180469337844
7,-0.018032214412244483,-0.039921150181124646,0.0015936982317839084,0.17780530174048645
8,0.033688374894040765,0.073794101867647718,0.0054455694704527687,0.012654899553722541
9,0.036350957035397993,0.072015499869699046,0.0051862322214826229,0.014970881757249166
10,-0.02365080790649227,-0.051042087671537388,0.0026052947138689091,0.084821899256165664
11,-0.0071533579106606918,-0.014656449231423251,0.00021481150407328718,0.62091102859153424
12,0.08680676387860016,0.18635439911337962,0.034727962068908783,2.2452224648331598e-10
13,-0.0033333072575357546,-0.0070593748726125883,4.9834773592073996e-05,0.81172749262046351
14,0.0638126866833294,0.12690977670017711,0.016106091422088818,1.7115068777195996e-05
15,0.091489073219543776,0.17779219292117213,0.031610063863719291,1.4734342492640825e-09
16,-0.01019174783300429,-0.020544683497521372,0.00042208402001332702,0.48813068622939049
17,0.038432565232724543,0.075349208625075756,0.0056775032404251906,0.010895645966112446
18,-0.039719780070887091,-0.075878490291766312,0.0057575452889576748,0.010348433899402496
19,0.024412288774039552,0.051635623974701367,0.0026662376632567548,0.08125763525322488
20,0.055578862036336711,0.10086658402062096,0.010174067771988987,0.0006446161897764183
21,0.052651301779551088,0.10792693579062414,0.011648223469153505,0.00025989428450843552
22,0.058430093645511223,0.11654667430900127,0.013583127292488418,7.9489810081889424e-05
23,0.046332566596114393,0.097627286773802308,0.0095310871228142351,0.00095998790476020137
24,-0.008976357745312193,-0.017775014064949964,0.00031595112500916906,0.54863553724813441
25,-0.029568914241954212,-0.059703384060365614,0.0035644940682595188,0.043769609129779237
26,0.0079441862762892074,0.017138096319712016,0.00029371434546372651,0.56305456417893285
27,-0.048961808421045534,-0.09683902888625856,0.0093777975156336194,0.0010558325808696621
28,0.021612675470320544,0.043224044877712607,0.0018683180555905134,0.14452842441916869
29,0.027287859314151411,0.053206983422960569,0.0028309830849712007,0.072404707106834609
30,0.003621793463648697,0.0071534169073519229,5.1171373450388352e-05,0.80926735360317792
31,0.056911230325941267,0.11712697167228549,0.013718727493120367,7.3175865782261818e-05
32,0.017021754057289198,0.03214994277321799,0.0010336188203211917,0.27788925164825784
33,0.022153400618312308,0.047526940018700857,0.0022588100275411889,0.10859398449959171
