,Slope,R Value,R Squared,P-Value
0,-0.063102864749903592,-0.019292842687603649,0.00037221377896862158,0.51502501022019098
1,0.017967112165943103,0.0056592586452174813,3.2027208413468805e-05,0.84856135741976857
2,-0.0071609324265207224,-0.0024238525028062786,5.8750609553602607e-06,0.93481772828913567
3,0.0028773756291929084,0.0011290660518932238,1.274790149537752e-06,0.96961067555774405
4,0.30638481530346123,0.099335185605248441,0.0098674790992291563,0.0007792888329285156
5,0.045961502296611154,0.017016307098470258,0.00028955470726944925,0.56583237167227696
6,0.045549281091045342,0.017909498405400598,0.00032075013313304654,0.54561442366047697
7,-0.20040206633417607,-0.074332751196290098,0.0055253579004095671,0.012018993789757003
8,-0.048797957645130556,-0.019033995612365604,0.0003622929889715531,0.5206804059277893
9,-0.03105884977066092,-0.0132981195163401,0.00017683998267086545,0.65363324802938361
10,-0.10445747302005336,-0.035238761861026591,0.0012417703374981422,0.23428860434396639
11,0.023564323179438507,0.010353411991110614,0.00010719313985767304,0.72682600599586955
12,0.22085271294640213,0.091925546998318342,0.0084503061909400341,0.0018816409594880675
13,0.07125350378882829,0.025047844087048996,0.00062739449340911541,0.39794970368057658
14,-0.027651715562666383,-0.010897721020215172,0.00011876032343443961,0.713083371784341
15,0.12586339492107493,0.050504688677299063,0.0025507235783909002,0.088157006185616379
16,-0.0086239477369868776,-0.0032373063569434866,1.0480152448706709e-05,0.91301816245758971
17,-0.11703915436826502,-0.049619726024382062,0.0024621172107347385,0.093878466524559404
18,0.11256432710980149,0.039698671670408421,0.001575984532394888,0.18023636633429843
19,0.07484987378601253,0.024567509272125684,0.00060356251183598145,0.40706261759536766
20,-0.10574211382840168,-0.044490441273262613,0.0019793993646896294,0.13311638184734506
21,0.035141818843728009,0.012914378375425733,0.0001667811688236638,0.66300300991987027
22,-0.16972687048165414,-0.063586086315872661,0.0040431903729696086,0.03173964985437925
23,0.029852086309636212,0.011344209110454199,0.00012869108034171205,0.70187929859863307
24,0.0029436695807979903,0.0011764084370743516,1.3839368108197188e-06,0.96833708857515677
25,-0.0088070757327306671,-0.0034195789703219902,1.1693520334268404e-05,0.90814184377074492
26,-0.29515765487793982,-0.014798398886664833,0.00021899260960884294,0.61753284129101482
27,0.057521087252401598,0.017402923682711118,0.00030286175270626746,0.55703707114533652
28,-0.021191217468823898,-0.0072652004965573841,5.2783138255177657e-05,0.8063455444330182
29,0.011491517687636373,0.0052431610109193588,2.7490737386424913e-05,0.85957577654521466
30,-0.079098501099121338,-0.031847693800491537,0.001014275600409867,0.28243430485903004
31,0.15514798801648505,0.053150477600395062,0.0028249732691500973,0.07270879094605659
32,-0.18028478244602761,-0.067339057830838059,0.0045345487095449525,0.022923068579405539
33,0.013683805406271314,0.0055759518491568698,3.1091239024115914e-05,0.85076426024823348
