,Slope,R Value,R Squared,P-Value
0,0.022278364635847633,0.091034842970471958,0.0082873426346584868,0.0020835256338608012
1,-0.01547922460525664,-0.050837446492830708,0.0025844459659114254,0.086079686155943566
2,0.059621655413898952,0.20298434297844517,0.04120264349439106,4.478191092848823e-12
3,0.041476549734278147,0.1642235267470073,0.026969366737225022,2.4177348821748372e-08
4,0.033120582703289436,0.10408893146373792,0.01083450565326273,0.00042878246860611149
5,0.061131898661459391,0.23738126988735078,0.056349867293331274,4.4345340361850736e-16
6,0.078709129030919089,0.23023534241762192,0.053008312898159618,3.4197952948512715e-15
7,0.080301255304235097,0.33402019134781236,0.11156948822802919,3.8716292008190707e-31
8,0.073748862870553836,0.23400140538725259,0.054756657723209326,1.1752243201107456e-15
9,0.043423262309546545,0.15759655835303446,0.024836675204721395,8.7448955087778567e-08
10,0.065728823510953216,0.25522644648562487,0.065140538985679536,2.0016580459318095e-18
11,0.027205350000699562,0.10020533089563692,0.010041108339904087,0.00069987138064809434
12,0.048123884597087781,0.1735985986726499,0.030136473461107764,3.5830352302448013e-09
13,0.03839725634832699,0.14029876229199698,0.019683742700666272,1.9604128420967448e-06
14,0.00034683625543743704,0.0012395576329057149,1.536503125294819e-06,0.96663839882906422
15,0.02577241970962919,0.10253280828337251,0.010512976774474821,0.00052284011156628236
16,0.040956844583109185,0.1161174983925303,0.013483273432939277,8.4486650833706526e-05
17,0.061179437380481726,0.25025472814221195,0.062627428957532413,9.4124004767155654e-18
18,0.01668242524145629,0.057545460083567548,0.0033114799762294662,0.051981100949433305
19,0.026597201047752761,0.090601858341680955,0.0082086967349660235,0.0021886667222318743
20,0.079713403699566115,0.28081060186561019,0.078854594120126242,4.0339986958688183e-22
21,0.06488720297883456,0.23396674621992852,0.054740438336740437,1.1869353949485473e-15
22,0.025227659998199922,0.10166170111334871,0.010335101473259847,0.00058354624474699058
23,0.063275827138788598,0.21452582609914017,0.04602133006351853,2.4088617351939967e-13
24,0.096096076145399612,0.28976501797276821,0.083963765640758692,1.6471561895576173e-23
25,0.073599652466642115,0.20235271621543915,0.040946621759766051,5.2292317078051996e-12
26,0.072676725913203136,0.25566246986647762,0.065363298498227571,1.7447212423815046e-18
27,0.084610902650961509,0.28555804080473585,0.081543394668239177,7.5092861765088901e-23
28,0.025542416198809426,0.090435471139444432,0.0081785744402132869,0.0022303460291404672
29,0.042137089440783454,0.16291390128786754,0.026540939232833047,3.1301417208950978e-08
30,0.041756308961104778,0.17513410366415763,0.03067195426624791,2.5943435769877442e-09
31,0.016303499793518059,0.056121779666021825,0.0031496541528815009,0.058074365940808066
32,0.057413418749258274,0.24640533784226232,0.060715590517159433,3.0492130531572271e-17
33,0.003479956588627322,0.011218566290715345,0.00012585622961917465,0.70502573937912949
