,Slope,R Value,R Squared,P-Value
0,-0.00482363386418822,-0.019387461252470602,0.00037587365381604897,0.51296572702419541
1,-0.003848644525518685,-0.016252757836037773,0.00026415213727688726,0.58339574155609619
2,0.0060376169207118323,0.023995885759315955,0.00057580253337414231,0.41806790020925477
3,0.0028565912235593498,0.013740523809403824,0.00018880199455679339,0.64289847538757727
4,-0.011072526741034696,-0.038750291812775013,0.0015015851155752182,0.1908764573143627
5,-0.0025182554134537019,-0.011087986119543237,0.00012294343618718349,0.7083011729933546
6,-0.013455388244647771,-0.050653033053861804,0.0025657297575556164,0.087225997701199542
7,0.0027912197702388403,0.011171431771891723,0.00012480088783403185,0.70620742150098725
8,0.0076434888941431054,0.029546865437106728,0.00087301725715849211,0.31867801466753398
9,-0.005296717828247143,-0.023219592750292818,0.00053914948748945077,0.43329046151723971
10,0.0060558602082288627,0.023953691085167029,0.00057377931660361036,0.41888713750607798
11,0.015149704743525266,0.066800708724397112,0.0044623346860817445,0.024040082446575701
12,0.0094466378899359642,0.040711280389428353,0.0016574083509466537,0.16936836218553986
13,-0.0010993413993599227,-0.0042760745078926233,1.8284813197049141e-05,0.88527736285937442
14,0.019807287447801331,0.084326771062159175,0.0071110043177698059,0.0043663717951754333
15,0.0012011641862890105,0.0052420089114964281,2.7478657428207966e-05,0.85960631243592589
16,0.022396819756650699,0.07687368248451,0.0059095630587292598,0.0093852925091774779
17,-0.0076303988197794015,-0.036810925314897762,0.0013550442225389809,0.21405837359722341
18,0.0070525122213398808,0.0263467506445169,0.00069415126952435168,0.37392911462636969
19,0.011985771424178988,0.051618964155580691,0.0026645174604951242,0.081355996989097956
20,0.0012765353725003807,0.0050712710312650422,2.5717789872548005e-05,0.86413393910581815
21,-0.0031952949337503175,-0.01353612545763006,0.00018322669240470062,0.64784904696582668
22,-0.00088812674860575848,-0.0038777166068805391,1.5036686083277121e-05,0.89590099718119243
23,-0.018673230985514905,-0.073507457841453155,0.0054033463583130128,0.013005278977183836
24,-0.008907249868081361,-0.030674276983813215,0.00094091126847969313,0.30055457789882234
25,0.019443609669779899,0.068840067100131658,0.0047389548383506295,0.020043220430909968
26,0.0041897490841263903,0.017352412236061227,0.00030110621041020742,0.55818239025757876
27,0.0073882564667005256,0.029863632324640031,0.00089183653562128497,0.31351517827315856
28,0.0018864105815299388,0.0076142792259985834,5.7977248131473583e-05,0.79723883229278736
29,0.012442079311058814,0.050913509754290209,0.0025921854755002042,0.08561043234294298
30,0.00021614324248977527,0.0009247351001798825,8.5513500550469728e-07,0.97510835661692963
31,0.018589498395924477,0.076699273388562889,0.0058827785383335114,0.0095480830654721908
32,-0.018104940493521553,-0.076017070761275701,0.0057785950471247972,0.010209255081544744
33,0.022868207256927384,0.088076227939925936,0.0077574219281257902,0.0029048926995675073
