,Slope,R Value,R Squared,P-Value
0,-0.050252890410593845,-0.12669131793409152,0.016050690039877059,1.7700586655049392e-05
1,-0.0018985391417425052,-0.0035686578846785065,1.2735319097878072e-05,0.90415611237734639
2,-0.081392907791279653,-0.20321848156858902,0.041297751251042951,4.22752512622522e-12
3,-0.028469609718496811,-0.079550504832893984,0.0063282828191682889,0.0071789286046993013
4,0.096615119713150163,0.24146894645967346,0.058307252104344648,1.3368470929605573e-16
5,-0.0059562208825226131,-0.015562788464050011,0.0002422003847767681,0.59948153904500967
6,-0.024754845731715814,-0.080975700760435948,0.006557064113643667,0.0062049361386379781
7,0.026548240471625961,0.076574345777529917,0.0058636304312567143,0.0096662292476071415
8,0.029619128114724953,0.086373514864713993,0.0074603840700849695,0.0035020609815993586
9,-0.057665028515318573,-0.15261775088943008,0.023292177886548138,2.2194516635531136e-07
10,0.036459794503832327,0.092584370995444434,0.0085718657526220928,0.0017440367569838094
11,-0.050815100305707663,-0.13155551456120129,0.017306853411462444,8.2615366937496e-06
12,0.0043072011552720115,0.012984609389403214,0.00016860008099537811,0.66128419119851101
13,-0.039315787749997722,-0.088337437311441683,0.0078035028307528896,0.0028219781926244591
14,0.0034604163027299709,0.010050542120204006,0.00010101339690999482,0.73451133756179487
15,-0.028482923857858975,-0.078100430810285573,0.006099677292752204,0.008308455822044529
16,-0.030809310013552509,-0.082600283675830458,0.0068228068633276635,0.0052408746051393227
17,0.015594882950539568,0.05044069866135837,0.0025442640814459599,0.088561069698543285
18,0.020728277628679626,0.052062522304846856,0.0027105062287426764,0.078769884406314564
19,0.0072811237349696091,0.016971311944111712,0.00028802542910434886,0.56686029545302064
20,0.027498606339561429,0.070009829517224564,0.0049013762290308479,0.018022727631978236
21,0.065620898210462214,0.17700166304832105,0.031329588721871381,1.744996692672608e-09
22,-0.020463355590405047,-0.053015094670757455,0.0028106002629493757,0.073441596947808344
23,-0.029963842342383751,-0.091502894942857335,0.0083727797829235857,0.0019750887722431972
24,0.024432148735055989,0.05910076809780003,0.0034929007897499379,0.045944456874555117
25,0.040338670938594785,0.09980682859694448,0.0099614030345798552,0.00073526107769891422
26,-0.019682669293392855,-0.052053503162706155,0.0027095671915098596,0.078821796101996952
27,0.036275738015251489,0.074133514894983182,0.0054957780306846933,0.012250829275983777
28,-0.044802486291292069,-0.08804924707527334,0.0077526699105225309,0.0029135824385795438
29,-0.025504327652588695,-0.085251340333500986,0.0072677910286584116,0.0039544838302166315
30,0.0087948649707947895,0.024605336390175446,0.00060542257887369203,0.40634048364202524
31,-0.0092469678547886583,-0.027607186908071651,0.00076215676897720282,0.35149670903475028
32,-0.046451052593072147,-0.12356086972769946,0.015267288527865517,2.8491914625055152e-05
33,0.022975200887364104,0.073402720134526797,0.0053879593231476661,0.013135426900847675
