,Slope,R Value,R Squared,P-Value
0,0.001919484941619814,0.040579844204926691,0.0016467237556961223,0.17075064350844837
1,-0.0009419387854017995,-0.019096360882738667,0.00036467099896379151,0.51931490849424589
2,0.0016318141676078621,0.037291809962756904,0.001390679090298375,0.20812943470050818
3,0.0034482130066280864,0.083404522292136338,0.0069563143387794671,0.0048155413184439114
4,0.0049931218078929458,0.10867323526489789,0.011809872062939847,0.00023533461771534992
5,-0.0061742007799570038,-0.14342593446026436,0.020570998675800048,1.1468781358335945e-06
6,0.0030262566920727109,0.093927547774363504,0.0088223842309053391,0.0014916849913697704
7,0.0071900571648542029,0.17321929573087735,0.030004924413501145,3.8787965696236673e-09
8,0.0043525577214568109,0.11901075089606263,0.014163558828844671,5.578842924047231e-05
9,-0.004875525486942903,-0.11468527651536953,0.01315271264940677,0.00010339268815224206
10,0.0064740156807340634,0.14439256223779898,0.02084921202959665,9.6948577209785184e-07
11,-0.0026811484073512148,-0.069050245308659858,0.0047679363771861031,0.019666261376279689
12,6.9681671981689918e-06,0.00018498452666676368,3.4219275106126606e-08,0.99501988712347345
13,0.0044540452748657328,0.095648217189400198,0.009148581451510672,0.0012174969130140623
14,-0.0002940055408524832,-0.0068868809664320869,4.7429129445804556e-05,0.81624474409989012
15,0.0018398081531043071,0.044484703077156393,0.0019788888078627674,0.13316647221583691
16,-0.0018597795595645499,-0.042735248319126257,0.0018263014488973835,0.14912822484535129
17,0.0046432991565936209,0.1360992377853322,0.018523002525748396,3.9556661959148222e-06
18,-0.0028258130005826185,-0.06600614928957467,0.0043568117440376183,0.025774722643076106
19,0.002432851585113506,0.059222502376943556,0.0035073047877870853,0.045497935113449219
20,0.0018585144015991672,0.043364385037041632,0.0018804698896408001,0.14322803078653867
21,-0.0046265002344774908,-0.1162062698287482,0.013503897147511833,8.3429386469072649e-05
22,-0.00010985391403063576,-0.0024838887686662605,6.1697034151063913e-06,0.93320695836559164
23,-0.0066158089126600074,-0.17914801970536637,0.032094012964354338,1.100421920470458e-09
24,-0.0063012223549822723,-0.15698638707022602,0.024644725725362828,9.8178397691354411e-08
25,-0.0032725470832943504,-0.075792022303765569,0.0057444306448944972,0.010436127186201611
26,0.0078242826906046951,0.19495334422961583,0.038006806426311081,3.0970942373820514e-11
27,0.0020949456434531505,0.039030052024629482,0.001523344961045284,0.187690839477127
28,0.0017962083736049214,0.037889975202407,0.0014356502208390173,0.20092164164659335
29,0.003390484676425901,0.093201415304317289,0.0086865038147278285,0.0016236007032334016
30,-0.00017070473269631403,-0.0041542198745583153,1.7257542766175304e-05,0.88852495577391621
31,-0.009507757656242493,-0.22716807040723722,0.051605332212547483,8.0500028315708608e-15
32,0.009006276205232264,0.20000489071381441,0.04000195630944485,9.2641784888182199e-12
33,-0.0036005942698529368,-0.094035902462719256,0.0088427509519780501,0.0014728684327749637
