,Slope,R Value,R Squared,P-Value
0,0.0083739992448674805,0.071904925345427723,0.0051703182889315342,0.015126458407040496
1,-0.00096814965920819212,-0.0073128211443440347,5.3477353089165195e-05,0.8051016486963527
2,0.0018540650253008439,0.018660784893795346,0.0003482248928525006,0.52889034351782582
3,0.0088866205330892546,0.078444763949977278,0.0061535809911676545,0.0080267394859417675
4,0.036815703530169108,0.306755973061133,0.094099227008682562,2.7581543057306655e-26
5,0.0083815115626787711,0.073664259244971969,0.0054264230901104379,0.012812565384028567
6,-0.0014069819686336475,-0.017173579796046199,0.0002949318430111662,0.56224648333897154
7,-0.013166581083179129,-0.13321092603130957,0.01774515081411903,6.334836972171662e-06
8,0.0011357319318989871,0.012499755005814968,0.00015624387520539636,0.67318629770631522
9,0.00086618696871710275,0.0088844104717036888,7.8932749429718162e-05,0.76434440869702447
10,-0.004870460949541338,-0.04318748624497043,0.00186515896815951,0.14486865621578948
11,0.0057673034423260279,0.061723688623055113,0.0038098137372358631,0.037101259448339481
12,0.01655671846127986,0.18591687558415043,0.03456508462697247,2.47721865786194e-10
13,0.0081872901843444007,0.071342297768570609,0.0050897234508993951,0.015940291441984899
14,0.014022931177033862,0.13815207132771692,0.019085994812138584,2.8138759622529072e-06
15,0.006873479607006322,0.070892738608114625,0.0050257803873584661,0.016617958722942364
16,0.0058874761025742746,0.050841225273973452,0.0025848301873589168,0.086056324997800068
17,-0.009015811925249714,-0.10438494840274465,0.010896217453043663,0.0004127813444841396
18,0.015760236284616879,0.13452116584912782,0.018095944061408555,5.1224814173374964e-06
19,0.013540916143059266,0.13346882313052502,0.017813926747847372,6.0763802362544062e-06
20,-0.0034991381981599053,-0.035837997938214794,0.0012843620962194877,0.22642382869238301
21,0.0050687945084934259,0.052577122432368652,0.0027643538032682828,0.075853692961787123
22,-0.0041580623911331022,-0.035105145988597798,0.0012323712748807641,0.23606831124862768
23,0.006184589591838761,0.071250701948999212,0.0050766625282251199,0.016076360970453878
24,0.0043437313682031598,0.04041285031591136,0.0016331984706562568,0.17251902723392251
25,0.013755858887061097,0.1248670906903644,0.015591790337475689,2.3391149610045175e-05
26,-0.0050246549406796157,-0.047172693713360317,0.0022252630321745038,0.11125625057380439
27,0.0074162809602137296,0.055544833191778012,0.0030852284943024442,0.060707014836908171
28,-0.0016136160021644936,-0.013250797316025882,0.00017558362951039874,0.65478580322923952
29,0.0074243239341814553,0.089781863430832068,0.0080607830011125807,0.0024011984361106387
30,0.0083174759167423638,0.079907109451919534,0.0063851461409610479,0.0069231534048222326
31,0.027870642962126341,0.24855022723484504,0.061777215458493108,1.5878942150769624e-17
32,0.0027346793412393296,0.027604077459624534,0.00076198509239695127,0.35155097976344041
33,0.010206643659419977,0.11232083106827453,0.012615969091867865,0.0001435740681786436
