,Slope,R Value,R Squared,P-Value
0,0.097792962994514232,0.022268438072247064,0.00049588333417750253,0.45237140809970866
1,-0.11787171114690695,-0.029954009293135905,0.00089724267273327211,0.3120523026092899
2,-0.41001352221970006,-0.090455454416052225,0.0081821892336145022,0.0022253022025772113
3,0.24701939594341465,0.064118511580453563,0.0041111835272927581,0.030334561562318077
4,0.66963903944573833,0.15822084382812698,0.025033835421684549,7.7648109872362495e-08
5,-0.1553526327814958,-0.036842147907474157,0.0013573438624362023,0.21366976810924504
6,-0.11096535274256847,-0.024914854967381887,0.00062074999804567386,0.40046040123509452
7,-0.11424759249368367,-0.031232553732705299,0.00097547241266632365,0.2918391558618465
8,0.67761823548907119,0.16929000895366278,0.028659107131531223,8.7308883286945229e-09
9,0.28573176884234219,0.06875369849089441,0.004727071056176816,0.020199940847290779
10,0.41593115833027278,0.096587406464968426,0.0093291270876290251,0.0010882417875674763
11,0.12509315560011039,0.029420200792700121,0.00086554821468279287,0.32075793580147866
12,0.53230288114248037,0.13587786290846707,0.018462793628572172,4.1024517194070874e-06
13,0.065135391669251086,0.016409711371405396,0.00026927862729283158,0.57976480203190517
14,0.6263730055787593,0.14361421591262694,0.020625043012198627,1.1100441260936981e-06
15,0.66959980474147118,0.15064218349661626,0.022693067448628205,3.1856789882741887e-07
16,0.17364893786941371,0.038341921325555889,0.0014701029309351174,0.19559764487010003
17,0.63425326473131149,0.14867373925702987,0.022103880744667303,4.5456652216746467e-07
18,-0.30118131207076343,-0.061626222944375267,0.0037977913543898447,0.037401883446037419
19,0.31537799881128586,0.076559319700844064,0.0058613294330560504,0.0096805269933287006
20,0.29470005956582607,0.065467527363285608,0.0042859971390625494,0.027011184979437792
21,0.23570663718212032,0.05557410015222472,0.0030884806077295037,0.060571129599223526
22,0.68537899477994102,0.15618434838667772,0.02439355068097112,1.142321766197662e-07
23,-0.091391756399494178,-0.020543470693000356,0.00042203418811416455,0.48815637069485951
24,-0.1195538293265966,-0.027201795061708438,0.00073993765457918553,0.35861688509391665
25,-0.77433494854305673,-0.19063088501198411,0.036340134320452307,8.4803136512901618e-11
26,0.27264554864474549,0.015656885109150601,0.00024513805132114183,0.59727601007118714
27,-0.85448386080265348,-0.1988794436539395,0.039553033108100495,1.2156025326007274e-11
28,0.64453502271461849,0.13682102113002512,0.018719991823062779,3.511194853230245e-06
29,0.36106282559640623,0.085039203310745423,0.0072316660997262952,0.004045743921084346
30,0.2739243210358886,0.065341023778386298,0.0042694493884076435,0.027308893829862721
31,0.54144231643477247,0.12172664361217658,0.01481737576508585,3.746213887992678e-05
32,0.23916537210655966,0.054168063955043609,0.0029341791526376949,0.067390060320632758
33,0.26265839165991584,0.061932233426630859,0.0038356015372106927,0.036464917860676176
