,Slope,R Value,R Squared,P-Value
0,-0.29463442629056963,-0.0080006594229696231,6.401055120235262e-05,0.78719109708887847
1,7.8221436359520364,0.1843013791941206,0.03396699837285503,3.5543057222419498e-10
2,0.51932864542071577,0.012517359719241184,0.00015668429434088175,0.67275268487025142
3,4.5405032964400975,0.13615145446520635,0.018537218552991157,3.921783297325725e-06
4,-4.0971868637978002,-0.1111666346848873,0.012358020667163188,0.0001681457790793269
5,4.7432258140897465,0.12652309428360109,0.016008093387097012,1.8164401261678081e-05
6,6.8635811994916258,0.16241607497879171,0.02637898141151649,3.4511394255220441e-08
7,-2.7544989586776309,-0.090154348284614327,0.008127806514623543,0.0023024197273310825
8,1.2869172774613968,0.034289688614131446,0.0011757827452540956,0.24713690852870321
9,0.40725070701298244,0.011025687661638658,0.00012156578841201094,0.70986575379462802
10,-1.114537867614743,-0.029467701752641799,0.00086834544658264854,0.3199769012884866
11,4.5049142622713436,0.10650512651304771,0.011343341973560298,0.00031345909627526134
12,4.0170498684570477,0.11644316704227252,0.01355901115083458,8.0668743581513563e-05
13,7.070259681895112,0.18636950024641977,0.034733590622100255,2.2376057873315755e-10
14,1.5123800067279083,0.042995143536555917,0.0018485823677290461,0.14666878916811937
15,1.6145685797023295,0.041192531631477604,0.0016968246622102829,0.16437865056037682
16,-0.50927774009249216,-0.013119921588701759,0.00017213234249368247,0.65797761915751729
17,2.8511203450979195,0.073749154942856859,0.0054389378547855085,0.012709282708072901
18,4.8590910874513726,0.10690883072263192,0.011429498086480368,0.00029728473768424521
19,2.2655492084918687,0.052660628575017326,0.0027731418019159315,0.075388874078254578
20,-4.8153831757722791,-0.11672332244813184,0.013624334003330558,7.7515296972464041e-05
21,7.321355964830274,0.18537465438034734,0.034363762486633226,2.7973416821275939e-10
22,5.3217849681740113,0.13895370272263183,0.019308131500329541,2.4601744738222812e-06
23,1.7120615919177884,0.043400471681063431,0.0018836009421387889,0.14289510487057444
24,9.021746892336477,0.19930536248135286,0.039722627513823459,1.0970404446827796e-11
25,4.7311037357512218,0.12443081707972775,0.015483028239128668,2.4989603197180407e-05
26,-2.7181185192739425,-0.016567430342131217,0.00027447974814137009,0.57612685314401446
27,5.2288650851319733,0.13349513299109483,0.017820950532310097,6.0505872302806819e-06
28,-3.6063175116903365,-0.071322440220214695,0.0050868904789660987,0.015969704521012089
29,0.64947138825653783,0.018600432601203136,0.00034597609295190047,0.53022413459774764
30,3.0330565146926696,0.083174855882176241,0.0069180566510207873,0.0049337039650231111
31,3.7337689207178162,0.10489010270174506,0.011001933644782627,0.00038675505130856749
32,0.74768370972433806,0.020283970732868174,0.00041143946869185268,0.49366869867785812
33,8.1330153607724593,0.23459047782883749,0.055032692287962294,9.9271386490757509e-16
