,Slope,R Value,R Squared,P-Value
0,0.2656371951774335,0.06999418022533814,0.0048991852654171166,0.018048536296918136
1,0.1266273961750472,0.033886543554443795,0.0011482978340672163,0.25274104435771616
2,0.41952658584077446,0.12402473056899294,0.01538213379271129,2.6570259488232579e-05
3,0.66793018775623247,0.22895377906945663,0.052419832950185555,4.8977653924531862e-15
4,1.0334884463862108,0.28973272508658249,0.083945051986097183,1.6666134170677948e-23
5,-0.096966240900134171,-0.029084021154036927,0.00084588028648846752,0.32632109768248785
6,0.29108420060178597,0.10272233890822755,0.010551878910776758,0.0005104354027342233
7,0.88416132444692352,0.29407730620913686,0.086481462027222442,3.3863273657451159e-24
8,0.89488567664061436,0.29457703925846934,0.086775632058285784,2.8141542660298961e-24
9,-0.065600464690763874,-0.023580126023859515,0.00055602234330109673,0.426181192644567
10,1.0014085956540715,0.28772040920424463,0.08278303387265798,3.4541548411149714e-23
11,0.26604311673300945,0.10052830239486873,0.010105939582394171,0.00067235625763493209
12,0.024379518385171987,0.0087068670811269577,7.5809534368412264e-05,0.76891854463343701
13,0.45194846832873281,0.13531174394929926,0.018309268050600725,4.5019138425883729e-06
14,0.31286425640813814,0.10232680504103367,0.010470775029905713,0.00053664082690149933
15,0.57891375777615017,0.18769100956589824,0.035227915071866102,1.6601962324459383e-10
16,0.34005898337232515,0.10495752945238505,0.011016082988748276,0.0003833993513746351
17,0.73674404321168774,0.26552019979756813,0.070500976500540505,7.2840718649597785e-20
18,0.34616405930601263,0.10176076600490322,0.010355253497904667,0.00057632622487532176
19,0.7623118729565288,0.21284407853008852,0.045302601765322491,3.7271620197946469e-13
20,0.070306874570791753,0.024688708493274182,0.00060953232706586872,0.40475157779490012
21,-0.16400548785115832,-0.050202971153833438,0.0025203383126726321,0.090075267769258283
22,0.035615876930310854,0.011228141159906989,0.00012607115390679747,0.70478578012082616
23,-0.27704674704140581,-0.090240821001062066,0.008143405774945725,0.00228002632449687
24,0.042636965206728245,0.014512520914574551,0.00021061326329596376,0.6243444751432794
25,0.17538076961259727,0.054738776696669475,0.002996333674247845,0.064549777889032739
26,1.9876227814230722,0.08289195679657857,0.0068710765015658481,0.0050828513142679044
27,-0.027266015250274046,-0.0069515219284120439,4.8323657121193503e-05,0.81455121058887703
28,0.82825021160121004,0.24200536807463993,0.058566598176941952,1.1403017788989013e-16
29,0.79037950736499918,0.28739208980650033,0.082594213283347553,3.8881096732830847e-23
30,0.51939156095519479,0.17352676818479371,0.030111539276659133,3.637308347834246e-09
31,-0.14367522049688644,-0.042155957974242021,0.0017771247927260594,0.15472313568991189
32,0.67766030809799349,0.22296022677895264,0.049711262725321989,2.5533775496624734e-14
33,0.38079569220917253,0.1266304104328965,0.016035260846403821,1.7867199770326448e-05
