,Slope,R Value,R Squared,P-Value
0,0.36410114916336833,0.13463923862100868,0.018127724576444917,5.0248645974022053e-06
1,-0.12649346717411564,-0.037481202534000405,0.0014048405433947583,0.20582730971948138
2,-0.025558417117525638,-0.0090111139835690243,8.1200175224873208e-05,0.76108508848918699
3,0.27792157790097421,0.10775539326548808,0.011611224777799994,0.00026586908785528052
4,0.30756738965071739,0.10770648790114425,0.011600687535999332,0.00026759586732245195
5,-0.12317389068280014,-0.048963338680657977,0.0023974085347568176,0.098311279486379313
6,0.03475756256561869,0.012498610879450063,0.00015621527391590747,0.67321448186390276
7,0.28884198868553923,0.13322391249075352,0.017748610859343952,6.3215749491337866e-06
8,-0.12246415846443615,-0.047292385091052165,0.0022365696876003732,0.11035103869610066
9,-0.16533944319100549,-0.069254994473962064,0.0047962542595885163,0.019305000509646376
10,0.31305858707847373,0.12482084999170295,0.015580244592651211,2.3555850619448316e-05
11,-0.088209901635143598,-0.038594354398313997,0.0014895241914226591,0.19266927163802447
12,0.036158419467569952,0.014932729083345175,0.00022298639787658283,0.61434340786848329
13,-0.10128342379742793,-0.04007318462412008,0.001605860125918814,0.17615807119186705
14,-0.18659539273038223,-0.073514308513246862,0.0054043535561808399,0.012996806104616834
15,-0.14183462682548467,-0.060021485571308486,0.0036025787301867929,0.042657022926052189
16,-0.068111926736877507,-0.025560877324886933,0.000653358449617919,0.38835327629410799
17,0.1975244119510299,0.084392687582979811,0.0071221257174784352,0.0043357686899086695
18,0.14975945949156855,0.058396998943534388,0.0034102094856111563,0.048598737470893785
19,0.36942552427588238,0.11625737253566858,0.013515776668897226,8.2826431406424049e-05
20,-0.032240129482056422,-0.014189932089835235,0.00020135417271413577,0.63206948108793315
21,-0.20375823034539853,-0.075740237507054609,0.0057365835776250415,0.010488961376889478
22,0.17632030232357435,0.071261356023561873,0.0050781808623168376,0.01606048165370684
23,-0.21350900982152593,-0.084643594123263152,0.0071645380261037084,0.0042210486066590787
24,0.12995383420660137,0.053165585647533549,0.0028265794972452251,0.072627385528841404
25,-0.2347484157954757,-0.084276092455815632,0.0071024597596211847,0.0043900332054064989
26,0.66889989743975631,0.03521153539770628,0.0012398522250639224,0.23465047703367831
27,-0.17317270823652148,-0.052582820393277586,0.0027649530005116893,0.075821902432007329
28,0.32741171721428108,0.11651897043282156,0.013576670470724745,7.980374913053966e-05
29,0.15439606770120359,0.079722657634500649,0.0063557021403078048,0.0070544126835370858
30,-0.0092218688126378765,-0.0044071338706512834,1.9422828953841762e-05,0.88178659971846396
31,-0.093527387801871392,-0.031987130742475438,0.0010231765331362172,0.28033131247344756
32,0.31598878308474238,0.14367740470907353,0.020643196623934906,1.097939144591012e-06
33,-0.47508961213248124,-0.19544936311427955,0.0382004535417775,2.7548923502040648e-11
