,Slope,R Value,R Squared,P-Value
0,0.001456586107281033,0.030551334034401571,0.00093338401128158384,0.30249691365537995
1,-0.00056044411987646271,-0.011294376724631067,0.00012756294559788798,0.70312663117024543
2,-0.00073142758049140276,-0.016460507403040604,0.00027094830396555452,0.57859196558639359
3,-0.00031736472415942263,-0.0076473473719888569,5.8481921827864874e-05,0.79637756213726207
4,0.0045311349466742633,0.098311555289278957,0.009665161903396953,0.00088338041347931536
5,0.0009087180045641225,0.021546384168374001,0.00046424667073115776,0.46716755882534811
6,-0.00062550901516025001,-0.019100158224996569,0.00036481604421990406,0.51923182475224194
7,-0.00053747500522254791,-0.012793974798597991,0.00016368579114716051,0.66595386388291966
8,0.00046162263513311105,0.012553523699900765,0.00015759095728397018,0.67186228903049772
9,0.00045368728435539213,0.010825942887447695,0.00011720103940227934,0.71489041382731733
10,2.7535239203095536e-05,0.0006180410236498405,3.8197470691414268e-07,0.98336233146014362
11,0.00088136204858633559,0.022525477299497974,0.00050739712757019847,0.44716875040495419
12,0.0033976698281028852,0.090283044516594038,0.0081510281271853016,0.0022691644733142443
13,0.00086380453234632124,0.018577294732403788,0.00034511587957459751,0.53073593564770416
14,0.002112798160686383,0.049430993362070783,0.0024434231047610858,0.095136328940380349
15,0.0015090909978815825,0.037215374337527599,0.0013849840870823079,0.20906379466381578
16,0.00094540388214397043,0.021419902480074301,0.00045881222225589317,0.46978669944829021
17,-0.0020225831389368209,-0.05903067505096217,0.0034846205969722875,0.046203226677930302
18,0.0021436666122874493,0.05037307820063934,0.0025374470074077263,0.088989676184944355
19,0.001601446410363019,0.038673179579062418,0.0014956148187544103,0.1917614789001866
20,-0.00058316850414451564,-0.014208138010653525,0.00020187118572977751,0.63163242537767217
21,0.0010443660208976848,0.025977573713950739,0.00067483433606374435,0.38066341160755979
22,-0.0021958126883401133,-0.04995076751712281,0.0024950791755496511,0.09170434772962556
23,-1.4076707806844867e-05,-0.00038046165104673043,1.4475106791720407e-07,0.98975750936764029
24,0.00026209609290542084,0.0064445239735310533,4.1531889245416478e-05,0.82785670139786394
25,0.0024654813484640305,0.058748711570203137,0.0034514111111589199,0.047256595319036872
26,0.00026204566667483369,0.0065101269263839042,4.2381752597628741e-05,0.82613217056646104
27,0.001538101881064891,0.029241435616048611,0.00085506155688751619,0.32370842393108912
28,-0.00010169314588913728,-0.0021345692501162313,4.5563858835417706e-06,0.94258280229020097
29,0.0027415020251418684,0.076408095655413136,0.005838197081686764,0.00982547260886725
30,0.00018449320985389412,0.0044953541434143533,2.0208208874712594e-05,0.87943814121375896
31,0.0032081687794248293,0.07586289540596293,0.0057551788993760716,0.010364201201186087
32,-0.00096561543202991788,-0.021021662488321397,0.00044191029377289897,0.47808601052890753
33,0.0023341924395484325,0.060839322249532327,0.0037014231317824393,0.03990569807427969
