,Slope,R Value,R Squared,P-Value
0,7.8908713258652279,0.15279621378863995,0.023346682948143765,2.1476726488212098e-07
1,9.3189365924871677,0.14512616266649667,0.021061603090302451,8.5278615923064283e-07
2,-1.3878983873042463,-0.025383876505602546,0.00064434118645168091,0.39164810585866672
3,4.1476662475366544,0.081535644475148605,0.0066480613199778309,0.0058559899099796314
4,-0.33549429624591304,-0.0073859405290864349,5.4552117499201607e-05,0.80319266178609483
5,10.365524534401359,0.19312597340892018,0.037297641605142942,4.7548097397421581e-11
6,2.4152520904471273,0.041971828725150921,0.0017616344065334039,0.15653444146884132
7,-2.0085491837821809,-0.042758056330065623,0.001828251381125065,0.14891113806628875
8,-4.7121370983083937,-0.090856231171540638,0.0082548547426964328,0.0021263240456580717
9,8.6124920064665069,0.16071034114446686,0.025827813750770919,4.8112194979080424e-08
10,1.6764620787743842,0.033767544258635589,0.0011402470452589132,0.25441203274477442
11,3.7940818973070316,0.067699945193583411,0.0045832825792141976,0.022199725726722987
12,2.0856824524068749,0.042314938124266809,0.0017905539884605286,0.15317205366893799
13,3.1091799333554384,0.060691461517343774,0.0036834535011112204,0.040391685708675421
14,10.559007358153371,0.20511939788353983,0.042073967388105926,2.6415850244190238e-12
15,4.5131588940292184,0.08065079235098252,0.0065045503068413002,0.0064158800921163273
16,2.863808896820498,0.055355118372916547,0.0030641891300796031,0.061593982747593125
17,3.394253857175149,0.060477305947178157,0.0036575045346285903,0.041104450927510645
18,6.7240903336286006,0.11201452916843638,0.012547254744826484,0.00014974323726083021
19,3.9717771007144695,0.070448904433808385,0.0049630481359238671,0.01731164981892375
20,-5.7972634583337532,-0.098784995171220621,0.0097584752709780811,0.00083373262454284681
21,0.75709724294407266,0.013367005755834183,0.00017867684287650417,0.6519569645051646
22,3.9149030041702391,0.070622191144697616,0.0049874938820782064,0.01703784938515716
23,-1.6063162136833165,-0.032080303812895526,0.0010291458927276793,0.27893200881367719
24,5.2817002879599881,0.089288547243766628,0.0079724446689023454,0.0025379835909166725
25,0.36374889182730352,0.0068175892994565748,4.6479523856064789e-05,0.81806107380305693
26,-0.59705939488727033,-0.011605156041126705,0.00013467964673889965,0.69536080835530467
27,-2.7864462370084673,-0.047514970370584574,0.00225767240931753,0.10868311079347213
28,-0.46172443132440633,-0.0077453004733387303,5.9989679422301159e-05,0.79382780005065978
29,-1.4926572894346914,-0.028766735120553465,0.00082752504949608417,0.33162869924577643
30,6.308069172494128,0.12096325612736732,0.014632109332935066,4.1934787388799779e-05
31,6.5645865339442917,0.13592966447208354,0.018476873683493211,4.0676439013416632e-06
32,7.4939675046494285,0.1407331641818155,0.019805823500625836,1.8209654066980734e-06
33,3.6895983465566933,0.077934835273562472,0.0060738385491173174,0.0084470577849067169
