,Slope,R Value,R Squared,P-Value
0,0.031746835372666773,0.12861117263793662,0.016540833727305138,1.3145781953242436e-05
1,0.018156846637968304,0.077136098860352664,0.0059499777473940993,0.0091450150409535143
2,0.063776993933138501,0.25739858436444585,0.06625403123282074,1.0070146937830146e-18
3,0.015271834425410864,0.073737726999759334,0.0054372523830910364,0.012723142748747449
4,0.033821495374270878,0.1187336750913688,0.014097685600702731,5.8074293196412434e-05
5,0.048725898275942738,0.21019114952291035,0.044180319337762453,7.3655519526447288e-13
6,0.082285364310228981,0.31485866379144473,0.099135978164534025,1.1233453597372976e-27
7,0.097129101779403551,0.3934421497500506,0.15479672519994123,1.5171723568615339e-43
8,0.026683297380462045,0.10371041614615904,0.010755850417209487,0.00045008600345878197
9,0.024895541062676316,0.10758369123146207,0.011574250618986568,0.00027197803462004205
10,0.026017892475339595,0.10226130814172393,0.010457375142856613,0.0005410991727057481
11,0.015237752345031524,0.067705278346275266,0.0045840047159466102,0.022189186618269751
12,0.034630853416198121,0.14910510220164833,0.022232331502563991,4.2066221631101721e-07
13,0.037922727574761873,0.14728804796107403,0.021693769072183643,5.8222774220806947e-07
14,0.0042632885838500677,0.018172343258200482,0.00033023405949386453,0.53973366260928979
15,0.042725127761880755,0.18281420736231269,0.033421034413510659,4.9414225560999579e-10
16,0.0069159696031600403,0.024075153245367992,0.0005796130037879529,0.41653142047540936
17,0.034518814848132462,0.1672411070209413,0.027969587877589942,1.3230266796586061e-08
18,0.029411808959515052,0.10922063116424631,0.011929146271916331,0.0002187220965679467
19,0.049320170824378701,0.21411225970859427,0.045844059757520518,2.6827224844180121e-13
20,0.061217870216985021,0.23290903675336069,0.054246619401378322,1.6051356737228199e-15
21,0.035179196361388415,0.15048750918218354,0.022646490419857775,3.2764681866741966e-07
22,0.0090901297462694011,0.039449448067461604,0.00155625895282735,0.18298886847657758
23,0.043808042101783677,0.1727766482415847,0.029851770177596295,4.2540171191402423e-09
24,0.042955903816243826,0.14988578733019753,0.022465749243593201,3.6539739700547401e-07
25,0.084918765139459465,0.29221938852310853,0.08539217102881945,6.7169525528434495e-24
26,0.0769138117369636,0.31948454898330575,0.1020703770390663,1.7271741408504515e-28
27,0.062499664362452037,0.2475660778919874,0.061288962922821572,2.1437606148869477e-17
28,0.019268244667725781,0.078159858677332258,0.0061089635084605508,0.0082592129057181794
29,0.050085346041427156,0.20214391214448768,0.040862161217078356,5.503631799538425e-12
30,0.025098597569132547,0.10724709280695026,0.011501938915542602,0.00028433689832323898
31,-0.0079530181766444032,-0.033155267265540508,0.001099271747449422,0.26313090524940269
32,0.069699497315694942,0.29852187948588904,0.089115312531787658,6.4447578146548932e-25
33,0.0197565496056391,0.076244669796501782,0.0058132496723775915,0.0099842818952579748
