,Slope,R Value,R Squared,P-Value
0,0.035506779996387253,0.070340138955174533,0.0049477351482332616,0.017485465794936025
1,-0.022660264590679369,-0.044554004493173559,0.0019850593163777295,0.1325624940074073
2,-0.021913651428171168,-0.043598778537184066,0.0019008534899344219,0.14107615380676228
3,-0.018388408290537499,-0.036861005769202052,0.001358733746317147,0.21343530404690134
4,0.012023098903983816,0.028340495270484486,0.00080318367217635349,0.33884610990735653
5,-0.011756558825514712,-0.024937179922564574,0.00062186294249035772,0.40003826638160422
6,0.014922780310315969,0.029177416507982321,0.00085132163408027921,0.32476932921291857
7,0.021126173569055193,0.046212356957823428,0.0021355819355972916,0.11873259143701578
8,0.00098004088196561876,0.0021351219109038088,4.5587455744215323e-06,0.94256796208171378
9,0.036874600772925925,0.074107190113080174,0.0054918756264562075,0.012281755416852181
10,0.012691755943121479,0.027565224518705401,0.00075984160276663742,0.35222954608193957
11,0.003016529794137056,0.0061334060378495578,3.7618669625129412e-05,0.83604633614941171
12,-0.013595272330168674,-0.029213404825519793,0.00085342302149970313,0.32417266387143873
13,-0.01253466821868055,-0.026585723312065074,0.00070680068402568033,0.36960942531164198
14,0.014017875819891001,0.027844827063311497,0.00077533439418572435,0.34736474768849457
15,-0.014113689910995911,-0.027973888282564113,0.00078253842564537783,0.34513368482541973
16,-0.0084413792156019813,-0.016777974977826252,0.00028150044435656382,0.57128726288387854
17,-0.027795990684322296,-0.054263002319609857,0.0029444734207379848,0.066910579123289973
18,-0.012483594410876918,-0.023991188586200543,0.00057557712977863919,0.41815905226851358
19,-0.017214285802431065,-0.036120709407587062,0.0013047056481073486,0.22277937095483727
20,0.017437398556306577,0.033044196958123197,0.0010919189526072384,0.26473436679666235
21,0.017029437035095088,0.034569245830846744,0.001195032757313515,0.24330216636326552
22,-0.0043747960618696321,-0.0087791280257812788,7.7073088893058291e-05,0.76705587149436771
23,0.0088619046431274544,0.018637715019480625,0.00034736442114737366,0.5293999883977103
24,-0.0040547213753849669,-0.0079243550179514261,6.279540245053195e-05,0.78917263321533349
25,-0.00022884714324303783,-0.00047540976647145286,2.2601444605644136e-07,0.98720158764144839
26,0.017455754340763428,0.037547246937447425,0.0014097957525816549,0.20502888050716678
27,-0.0056656296037779375,-0.011434794661212127,0.00013075452894408535,0.69961394646917041
28,-0.038805110101863861,-0.077224793404159262,0.0059636687163150794,0.009065052097785754
29,0.0066555898424358944,0.013157573460058027,0.00017312173935682336,0.65705871851801767
30,0.036307614823618099,0.071800452729630801,0.0051553050121799469,0.01527475437306572
31,-0.028060251057457318,-0.057154905755812592,0.0032666832519558193,0.053596966740884489
32,0.016829062637459653,0.031160421760324217,0.00097097188428128703,0.29295558890449319
33,-0.011749511009813626,-0.025156339274243492,0.00063284140568084556,0.39590846008821945
