,Slope,R Value,R Squared,P-Value
0,0.11800077572577,0.072964735226705171,0.0053238525867031908,0.013692215158497983
1,-0.053680614067789928,-0.027837090280868469,0.00077490359530522175,0.34749878283135693
2,0.012476321521520109,0.0069718497891053232,4.860668948184794e-05,0.81401881784737085
3,-0.14656897473536573,-0.10310479187909248,0.010630598108430974,0.00048623388513550735
4,0.34640800425914292,0.17788354650883975,0.031642556118562558,1.4448403026357827e-09
5,0.15341178603522862,0.095669431442540406,0.0091526401125389383,0.0012144273170298435
6,-0.12273793460632523,-0.063333839963634009,0.0040111752845392043,0.032424563251820221
7,0.46490366966612007,0.28364670017819532,0.080455450521979027,1.4833842225577012e-22
8,-0.12034856055994007,-0.065258936589797673,0.0042587288048312336,0.027503583828253419
9,0.1718907109334262,0.10825286336347714,0.011718682426391652,0.00024888711384047073
10,0.29881404565076236,0.17037021221498885,0.029026009210180337,6.9984564198162613e-09
11,-0.16773779308881337,-0.099206376756964351,0.0098419051892447568,0.00079173113448168225
12,-0.058373555550645752,-0.036293373819772316,0.0013172089832217345,0.22057426950773595
13,-0.0098474618524644307,-0.0053987729219534932,2.9146749062818258e-05,0.85545329658217784
14,0.04398754414415014,0.028925896991504663,0.00083670751676313848,0.32895929024016335
15,0.028279737030973154,0.01768587103052174,0.00031279003410824815,0.55064261976306672
16,0.16080044325538792,0.083423423062948546,0.0069594675155396956,0.0048059317561756866
17,-0.024412967659880744,-0.016631894073013367,0.00027661990045593717,0.57464303527563887
18,0.23334644434738405,0.11969092951280461,0.014325918607639161,5.0532582283615371e-05
19,0.20281804646995272,0.11329900681298481,0.012836664944808779,0.00012543528298976432
20,0.26713671391235488,0.1481432551950457,0.021946424059784437,4.9988040066029789e-07
21,0.071182920569063335,0.042160390855744245,0.0017774985571091229,0.15467972562542748
22,-0.076784247485559912,-0.048408185341945707,0.0023433524081001673,0.10218935494762603
23,-0.032804867528490593,-0.018928255837716373,0.00035827886905804397,0.52299980886672781
24,0.23422213660277327,0.10820803429467661,0.011708978685917909,0.00025037473369159433
25,0.065496034693883112,0.032108700944892564,0.0010309686763685447,0.27850647643287402
26,0.16837390023549828,0.097974701780722012,0.0095990421890214134,0.00092035639263022054
27,-0.076802356020047702,-0.041477373607088662,0.0017203725213420151,0.16147790575053031
28,0.40548099859154352,0.21177054079724628,0.044846761949558146,4.9154220231095108e-13
29,0.094854885288079699,0.057936836495262121,0.003356677023078737,0.050402863890684352
30,0.073533642089696871,0.047102280405037091,0.0022186248193547409,0.11179150646397813
31,-0.19597228567128935,-0.12692028953255116,0.016108759895026616,1.708736212227451e-05
32,0.041082832902039707,0.027100223110529155,0.00073442209264045855,0.36041495599365381
33,-0.13617779077374079,-0.079513087230453042,0.0063223310409176343,0.0072062515305109124
