,Slope,R Value,R Squared,P-Value
001,0.18963996999969365,0.093470637180903315,0.0087367600150040654,0.001573488820036038
002,-0.16684354392782505,-0.077680481590564149,0.0060342572201419753,0.0086639734687403679
009,-0.25270589931139664,-0.12650384387632796,0.016003222515486359,1.821820847401799e-05
010,-0.20349576711235151,-0.084805346189736994,0.007191946742361139,0.0041485569317099551
011,0.13293736865340541,0.08953850823403077,0.0080171444567755951,0.0024678098763032189
012,-0.1459301604339549,-0.070300640210114354,0.0049421800139519472,0.017548965138581819
013,-0.048609086087208792,-0.02524674091584812,0.00063739792687195955,0.39421246421954659
014,0.062791810712749294,0.034318277189918915,0.0011777441492841088,0.24674282396798478
015,0.17368322155892335,0.09788509699345177,0.0095814922134174613,0.00093043058781842164
016,-0.20187450035572882,-0.092547932979922795,0.0085651198988562806,0.0017513990981375726
017,-0.31864166602985211,-0.17496282531065199,0.030611990240685727,2.689866316737692e-09
018,-0.18507657721012913,-0.085343147334358355,0.0072834527969339972,0.0039155710116047298
019,0.070585633960231514,0.03519436161750359,0.0012386430896636099,0.23487894061431697
020,-0.00033099924083764421,-0.00018048867402803415,3.2576161452397969e-08,0.9951409219697156
021,-0.11758711232461549,-0.054863255552044084,0.0030099768097688962,0.063943572132999824
022,-0.30201719784935854,-0.13716665834808803,0.018814692162381106,3.3156865472155456e-06
023,-0.35113561790060638,-0.20333385098402956,0.041344654955995541,4.1091169206554471e-12
024,0.012680296947738173,0.0051312312700237941,2.632953434647e-05,0.86254339809646974
025,-0.20239757296946961,-0.10412001000611801,0.010840976483674113,0.00042707574693006507
026,0.095431233770783538,0.046495883733010522,0.0021618672041136323,0.11648547862878006
027,-0.079394955776408399,-0.037872367152771147,0.001434316193754299,0.20113118371435693
028,-0.1094281627580299,-0.052436693848059789,0.0027496068617151514,0.076640622056489957
029,0.11523769676605532,0.052964761764500129,0.0028052659887702548,0.073715574581652774
030,-0.19859349575680893,-0.10610080544008504,0.01125738091503478,0.0003304799492052932
031,-0.12834055639310429,-0.072834329377390969,0.0053048395358542772,0.013861967068282379
032,0.075900918145436327,0.044535388214834236,0.0019834008034459961,0.13272453075943991
033,-0.056948511423625663,-0.029576720158656662,0.00087478237534348736,0.31818906673129743
034,0.037869312527406114,0.018908929613306247,0.00035754761912096993,0.52342430166115039
035,-0.35067603314779278,-0.17289456656286312,0.029892531146960305,4.1507482630261609e-09
101,-0.10720029276128561,-0.051789909666776719,0.0026821947432928927,0.080351285266186359
102,-0.19224458921123452,-0.088860327238465014,0.0078961577569270879,0.0026624500587154117
103,-0.20885875877479063,-0.10310769421760181,0.010631196606870478,0.00048605438162407168
104,-0.43040613694243912,-0.18980507776727512,0.036025967546241357,1.0252630819916969e-10
105,-0.10509443841553567,-0.058422588808165324,0.0034131988830479643,0.04850001933112922
