,Slope,R Value,R Squared,P-Value
0,-1.6489882960212543,-0.060597751942749807,0.0036720875405150382,0.040702277142876213
1,1.5371103856234081,0.04515873090942208,0.0020393109773495931,0.12738170296783546
2,-4.6659286111979226,-0.17521829691887247,0.030701451575150154,2.5486062788980551e-09
3,-0.22233937323801345,-0.010116922576801347,0.0001023521224249928,0.73282462669861936
4,2.9281066942752383,0.10935569080627398,0.011958667111717397,0.00021479584419870402
5,1.6232864856342408,0.06622738781209371,0.0043860668964134583,0.025281190098228355
6,0.77910937613461095,0.032816436968305586,0.0010769185352947734,0.26804341515769714
7,4.7173832856609508,0.21202130820262646,0.044953035131953117,4.6083450011560247e-13
8,3.2620017718664518,0.13644017994783084,0.018615922704196458,3.739390181232328e-06
9,-2.963298904549946,-0.1407225634937167,0.019802839876243129,1.8242520724891036e-06
10,0.83174501248859645,0.031744343138603602,0.0010077033213014095,0.28399991859143631
11,-2.1867522024501374,-0.097325067265187346,0.0094721687181732409,0.00099574148785805156
12,-0.67416038212248242,-0.031835041757432125,0.0010134698836974472,0.28262565057596167
13,2.0043037119290408,0.073610281489232682,0.0054184735409240712,0.012878618903494444
14,1.6465750977128826,0.080559165454062429,0.0064897791386550052,0.0064765217034448526
15,-0.14966085311070199,-0.0066773227782017724,4.4586639484292237e-05,0.82174083170159973
16,-1.3561511110610349,-0.060240036579059519,0.003628862007046429,0.041906542678619825
17,3.3759434312533534,0.15861562041955291,0.025158915041079689,7.2008115584189954e-08
18,1.4950008348662358,0.056355638194854583,0.0031759579563493527,0.057034581866621463
19,2.3824144172993202,0.075475656636873681,0.0056965747447672542,0.010762629908536591
20,1.5151794582311167,0.066617453734724372,0.0044378851420981422,0.024430922587796056
21,6.7829354820115908,0.27030637027398779,0.073065533810698191,1.484048325101487e-20
22,2.1287762011249312,0.090827490027105745,0.0082496329446239934,0.0021332856309234124
23,0.96570220603038437,0.041463914188553365,0.001719256179835717,0.16161409767891169
24,2.2206381339725096,0.08730679163776299,0.0076224758660797618,0.0031622006431475031
25,4.7224755862099626,0.19039374387701521,0.036249777707506467,8.9560937754301648e-11
26,-3.5386927081484632,-0.018886740918503384,0.00035670898252267001,0.52391188508879927
27,4.4796244640054681,0.14568722959084121,0.02122476886585448,7.7277622257592975e-07
28,-2.5603753717566353,-0.082186465060547831,0.006754615039148649,0.0054726822031372999
29,-1.1305797283146894,-0.061866212756970289,0.0038274282808907134,0.036665357164710727
30,1.370873926266309,0.063375858908545593,0.0040164994923958782,0.032309600875887176
31,2.8541752462250027,0.12345033146621784,0.015239984339119054,2.8968935649462681e-05
32,-2.8665965601637233,-0.13082690781456577,0.017115679808320891,9.2764969534596309e-06
33,4.5871457888798721,0.22911830922429269,0.052495199621798605,4.6776015329501968e-15
