,Slope,R Value,R Squared,P-Value
0,0.43433045443031826,0.066119387620768397,0.004371773419345421,0.025521083932132971
1,0.36003055262402905,0.042953224289833586,0.00184497947689275,0.14706336917998913
2,0.35550314198459776,0.048168309365860952,0.0023201860271652879,0.10390221219240636
3,0.38164303995626192,0.050688962781154617,0.0025693709478292782,0.087001699146799658
4,1.395218199789436,0.22610433258010462,0.051123169211494561,1.0801415369330474e-14
5,-0.20511175548093935,-0.028970744003402826,0.00083930400811070083,0.32820965002476032
6,0.56927047794772279,0.066005000452424661,0.0043566600847245798,0.025777307000542652
7,0.61512737417921171,0.10681799637005082,0.01141008434851219,0.0003008544327970408
8,0.56295523458274654,0.076609960881415098,0.0058690861062519516,0.0096324155102252458
9,0.8643150800932996,0.10982914993100663,0.012062442174567534,0.00020154790689624834
10,0.46234592077568643,0.076358450932403371,0.0058306130287962528,0.0098734755475376069
11,-0.72709633689957809,-0.096320721519846386,0.0092776813941037994,0.0011235922477220326
12,1.2938803365908647,0.18053532705976785,0.032593004316577349,8.1438460827559229e-10
13,0.40083076122373607,0.062479287364364103,0.0039036613495587878,0.034839650032149005
14,0.78591266625497724,0.098809483998149497,0.0097633141279805623,0.00083123627025428679
15,1.4646467340293865,0.19261823920050369,0.03710178607270246,5.3523007434581401e-11
16,0.1440516554108297,0.018416091994533725,0.00033915244435112914,0.53430861582203604
17,1.7259617693767431,0.21945652779125599,0.048161167590194315,6.5596279216537876e-14
18,0.28968053240888686,0.03886013986824001,0.0015101104705791766,0.18962091524863764
19,-0.18727432734166369,-0.024553587612128853,0.00060287866462648747,0.40732857966039271
20,1.539485100584244,0.19658207468350622,0.03864451208687162,2.1061086874975027e-11
21,1.8328617779594973,0.23411487643171097,0.054809775366635297,1.1376729793889391e-15
22,0.63142328100617717,0.085101161333580283,0.0072422076603240598,0.0040188945286072919
23,0.69118856623604252,0.0982476010480971,0.009652591111706051,0.00089029304538977723
24,0.4921493517438596,0.063487830263041778,0.0040307045915088033,0.032004952827943148
25,0.1177364946980921,0.01473525769120586,0.00021712781922624143,0.6190345144868582
26,0.12170186324736967,0.017677729898903358,0.00031250213437858171,0.55082609950185957
27,-0.39066415083995498,-0.050039920974626992,0.0025039936911469144,0.091125790330355491
28,-0.050024922800342098,-0.0067320929653165136,4.5321075693664087e-05,0.82030351737173202
29,0.28992480386302749,0.042363376224095459,0.0017946556451042565,0.15270182508318822
30,0.25427351341175908,0.038654987482474819,0.001494208057270285,0.19197070938152389
31,0.46274505775632352,0.06094124127693664,0.003713834888373806,0.039573603550738128
32,0.31968156619958521,0.04651709971411775,0.0021638405658131739,0.11631868072884033
33,0.78919218282857972,0.11101359344799702,0.012324017930237168,0.00017168585176730418
