,Slope,R Value,R Squared,P-Value
0,0.016451523435933875,0.07997517112138891,0.0063960279958954385,0.0068752756355659307
1,-0.0050658241123558694,-0.020124890539953512,0.00040501121924511034,0.49706427925705576
2,0.046761221152700469,0.19358200885595669,0.037473994152707697,4.2740617848988984e-11
3,0.029566780142029778,0.14052486740990183,0.01974723836057049,1.886599446141399e-06
4,-0.012744267048130772,-0.048173567645032764,0.0023206926196505475,0.10386442223802654
5,0.019434447942417905,0.091876907874172478,0.0084413662005191764,0.0018921845986278171
6,0.027532189684055991,0.094789561326491828,0.0089850609364687545,0.001347915528233616
7,0.053459708768950405,0.26606346260704183,0.070789766134448748,6.0904773693795431e-20
8,0.050532926292070089,0.19339628146848489,0.037402121685837432,4.4638305959597738e-11
9,0.019148424906284177,0.082120310236180383,0.0067437453532865127,0.0055105850601616059
10,0.045433234415955433,0.21239811006158785,0.045112957157734383,4.1819858788318063e-13
11,0.0083497338538204117,0.036662953744641583,0.0013441721772817282,0.21590699508484978
12,0.028802491882835304,0.12315833787132065,0.015167976187226373,3.0265749123108627e-05
13,0.0087895957076855585,0.038479811629743704,0.0014806959030605588,0.19399402304128247
14,-0.023106248149082357,-0.098339332345591265,0.0096706242861766527,0.00088039357653462227
15,0.0074053839872714423,0.034082792938263946,0.0011616367744725748,0.25000202283764728
16,-0.0028444106662618407,-0.0097601959173711124,9.5261424345467735e-05,0.74190390762718872
17,0.036209109947761407,0.17603871898030005,0.030989630580225053,2.1420618190003082e-09
18,-0.020472831607560152,-0.084563353494097548,0.0071509607541677001,0.0042574337946322902
19,0.021318929837430819,0.08803031243635627,0.0077493359076425015,0.0029196948674485301
20,0.033318137896879062,0.13846165039795055,0.019171628630924281,2.6718603271636992e-06
21,0.035592964158598396,0.15251403423456664,0.023260530638502565,2.2622251005198858e-07
22,-0.010487730243142273,-0.049399538671625672,0.0024403144209694401,0.095347272459276391
23,0.045085043132016764,0.18514960011751541,0.034280374423675861,2.9417545439314678e-10
24,0.037823088179906671,0.13333989804959326,0.017779528411875925,6.2042990866455487e-06
25,0.016065940899660149,0.052593414841978776,0.0027660672847404735,0.075762821878132394
26,0.023419498480785388,0.10183863922019784,0.010371108438221617,0.00057070909905624571
27,0.058862106704568672,0.23878429942901452,0.057017941653805262,2.9457663429559263e-16
28,-0.00039867138305904186,-0.0016703918529824505,2.7902089425101447e-06,0.95505355155709792
29,0.0274657645183621,0.12719249642418351,0.016177931146615934,1.6384643368313507e-05
30,2.4853516381974284e-05,0.00012620922245195165,1.5928767831926216e-08,0.99660221120258519
31,0.020208561028607158,0.083240451255298983,0.0069289727251858058,0.0048996909762067005
32,0.024019118040645129,0.12276651508788297,0.015071617226823398,3.2092696337324164e-05
33,-0.0069100686499016829,-0.026869250291182149,0.00072195661121019199,0.36452472819697612
