,Slope,R Value,R Squared,P-Value
0,0.46930796125657026,0.14303140192105976,0.020457981935503737,1.2279080742604016e-06
1,0.7145555476266392,0.17252214981926595,0.029763892178261246,4.4854801375344859e-09
2,-0.10048438659340062,-0.028109193844957425,0.00079012677861339234,0.34280449828377457
3,0.23159615197273536,0.067894718280964925,0.0046096927704515926,0.021817633052926073
4,0.074920320924539166,0.025912556760645859,0.0006714605978736934,0.38185706928913721
5,0.65751346655481546,0.1975301252413246,0.039018150377853382,1.680084543407598e-11
6,0.15896822852993972,0.042604474370633937,0.001815141236398004,0.15037759167525361
7,-0.089229751126464751,-0.02975410654424435,0.00088530685624624446,0.31529403515283644
8,-0.16030979408429338,-0.048991175275156187,0.0024001352548410747,0.098119958271469618
9,0.47336948753349278,0.13666978276147293,0.018678629520068202,3.6001714917256742e-06
10,0.17262271668171855,0.054042299872236271,0.0029205701754807085,0.068029569382582145
11,0.33000727254495166,0.090001421826231859,0.0081002559307433251,0.0023425154223487604
12,0.18649665078619077,0.057814796871541889,0.0033425507372976497,0.05089063201625138
13,0.12790547756152718,0.038236915748847411,0.0014620617259844552,0.19682532077019391
14,0.69256832238051125,0.21249151481413661,0.045152643868006437,4.0824298786459035e-13
15,0.33582797305058926,0.095386044543294676,0.0090984974936153956,0.0012560273508655222
16,0.085681198917704302,0.025740744288996815,0.00066258591655152222,0.38502242384327789
17,0.30659745477368494,0.084524351031055461,0.0071443659172210862,0.0042752218898008364
18,0.48300575228227716,0.12745041553755687,0.016243608420695919,1.5744256721991813e-05
19,0.19707459165119373,0.053638189578924661,0.0028770553813046622,0.070118281255778223
20,-0.40266607344409505,-0.10651797055867884,0.011346078051939573,0.00031293207153679242
21,0.038421409229919226,0.010904564092406617,0.00011890951804540376,0.71291117855755726
22,0.32697399624221418,0.094744135899171536,0.0089764512872806852,0.0013551611068413458
23,-0.09783456547491251,-0.030159093912425931,0.0009095709456185269,0.30874941649556514
24,0.37038930488001037,0.097109611176318458,0.0094302765828157553,0.0010219780972416004
25,0.080051625286356176,0.023026932854728187,0.00053023963669616048,0.43711739079926926
26,-0.013253428252059865,-0.0040052999502715727,1.6042427691645463e-05,0.89249640918295814
27,-0.066121312289140685,-0.017830260743244716,0.00031791819817209363,0.54739345462627609
28,-0.13582666908368488,-0.034974808789709926,0.0012232372498767706,0.23781352831806954
29,0.021659945178447389,0.0063914825848239969,4.085104963210844e-05,0.82925162803951791
30,0.45163610629651246,0.13372059308193404,0.017881197014184187,5.8338060016132485e-06
31,0.42353778309701562,0.13541505095345072,0.018337236024725655,4.4263461252184513e-06
32,0.48294251312350506,0.14048737332543151,0.019736702063879168,1.8986523675813183e-06
33,0.22074950984887409,0.071652796224204784,0.0051341232067474152,0.015486528347456537
