,Slope,R Value,R Squared,P-Value
0,0.32027919300372054,0.076262748089394289,0.0058160067461464123,0.0099666026709032771
1,0.94677435352669392,0.17362955834388963,0.030147223530694173,3.5598865118163399e-09
2,0.31977393609943344,0.070584182291267658,0.0049821267897269027,0.017097577951806768
3,0.37231458664568501,0.086545074290159701,0.0074900498838892616,0.0034371989355411045
4,-0.087424445963155129,-0.023737912541353587,0.00056348849182095192,0.42309134160340856
5,0.6404216143314434,0.14969402015595099,0.022408299670450261,3.7828552690550618e-07
6,0.41545398820063856,0.0870184055066342,0.0075722028969170251,0.0032638680827346135
7,-0.048384818195008866,-0.012824685485611694,0.00016447255780485925,0.66520071247754653
8,-0.24424130606164629,-0.05705942230063428,0.0032557776732821207,0.053998326555938496
9,0.344747941265651,0.076845442303396502,0.005905222002804641,0.009411482487989755
10,0.28831289150923012,0.070843318722550563,0.0050187758076248833,0.016693974203477027
11,0.69459332852256994,0.14306102060824241,0.02046645561747196,1.2216387562678708e-06
12,0.42637663640841073,0.10394327043864394,0.010804203469481072,0.00043686673755602873
13,0.70065790318004928,0.15525746254979736,0.024104879677401731,1.3595167695062604e-07
14,0.17004739795458929,0.041932631534766361,0.0017583455874304822,0.15692209487988001
15,0.24500914619797398,0.053995362215649358,0.0029154991407991742,0.068269520487057908
16,0.081743764024584761,0.019225614150526402,0.00036962423946492102,0.51649077716960168
17,0.045793110586236849,0.0099071653938904523,9.8151926141900559e-05,0.73815886298428368
18,1.0488680506865877,0.21545357884127123,0.046420244635511879,1.890418664322648e-13
19,0.29327833315651097,0.059397309953484877,0.0035280404297103538,0.044863132435487958
20,-0.35643941253306971,-0.070583705954285703,0.0049820595462410668,0.017098327648532186
21,0.32665284447880305,0.071906041639696133,0.0051704788242897138,0.015124880719940316
22,0.34451726743888855,0.078737274687408834,0.006199558425200472,0.0077941647634619674
23,0.093794364715003103,0.022287937398604907,0.00049675215348413126,0.45197553431952753
24,1.3640482197346835,0.26226104995649868,0.068780858324285099,2.1129736480863116e-19
25,0.056511241166798301,0.012189881829911315,0.00014859321902720203,0.68083627975593886
26,0.28656966494405456,0.06561802985914901,0.0043057258425961715,0.026660646235562437
27,-0.029629774657122448,-0.0064282578357207571,4.132249880250531e-05,0.82828442441434758
28,0.26459245187423619,0.049300378153992734,0.002430527286126684,0.096014718688179734
29,0.33407815370965754,0.079208878074698258,0.0062740463658524145,0.0074318721550453559
30,0.50499756706624643,0.11466618288780396,0.013148333498059305,0.00010366979068873194
31,-0.040170103735502651,-0.010330361406711036,0.00010671636679326481,0.72740996237413591
32,0.46347149420529643,0.10485495644177027,0.010994561890405541,0.00038851506196375414
33,0.24270969857962485,0.063697136494942769,0.00405732519765537,0.031442070478929329
