,Slope,R Value,R Squared,P-Value
0,0.1360799697663056,0.11036156334610717,0.012179674664196826,0.00018756753122804625
1,0.022359269136208209,0.01647752098534036,0.00027150869782233199,0.57819938578331986
2,-0.0016809739057469574,-0.0014957313767545487,2.2372123514080577e-06,0.95974905182921544
3,0.037042409841511068,0.027201786920625436,0.00073993721167510905,0.35861702898479453
4,0.081006651044007727,0.073328710464424338,0.0053770997783753752,0.013228084143323413
5,-0.11871141095744939,-0.093335916388109605,0.0087115932880081869,0.0015983846735185879
6,-0.049194625079559393,-0.03844887647423563,0.0014783161021310301,0.19435294808646625
7,-0.04558881878381732,-0.042385296591990487,0.0017965133671910005,0.15248938688191663
8,-0.046883707893851205,-0.041337818091853738,0.0017088152045951902,0.16289423682207996
9,0.032572009157425683,0.028137493849473203,0.00079171856012914235,0.34231860609465803
10,0.10040773192906388,0.086152203592496424,0.007422202183842954,0.0035873754018733877
11,0.03522253432981004,0.029989837437598598,0.00089939034953359046,0.31147362031704945
12,0.017120405292284969,0.015546328244340895,0.00024168832188079144,0.59986772797437626
13,-0.15679484828506743,-0.13474335080567185,0.018155770586340349,4.9402679504085358e-06
14,0.064190926366669607,0.053692451059708435,0.0028828793007991856,0.069834803438391241
15,-0.064494731353171991,-0.053463162454052672,0.0028583097395884272,0.071039107342970809
16,-0.040215782310611174,-0.030465576191680225,0.00092815133269107293,0.30385670007015264
17,0.0057698193305113282,0.0044683331550169738,1.9966001184223944e-05,0.88015733905854421
18,-0.20841780689623643,-0.14549014866218779,0.021167383357745505,8.0002075264068954e-07
19,0.046974895867344317,0.04023160894000289,0.0016185823579013205,0.17445372599024861
20,-0.080347497739643156,-0.064006694947393014,0.0040968569980886268,0.030625139014638283
21,-0.13578371883777993,-0.11494328068753301,0.013211957775213,9.9716113613653484e-05
22,-0.05837889681390579,-0.043479281644042148,0.0018904479322819404,0.14217008726316466
23,-0.085367312617944974,-0.0765289357807242,0.0058566780117302085,0.0097094957077608988
24,-0.094735258265865527,-0.070055264552486868,0.0049077400915189234,0.017947979434749115
25,-0.078508806337830486,-0.062130469334496334,0.0038601952197247894,0.035868666638285876
26,0.020973076992042587,0.017048005976045187,0.00029063450775927241,0.5651087412383069
27,-0.14562305333194983,-0.1157855144335795,0.013406285352648647,8.8553698263936354e-05
28,-0.07920813388171026,-0.061668142788866606,0.0038029598350280405,0.037272332700791833
29,0.023200448762366533,0.019900616762518922,0.00039603454752864913,0.50187245316453155
30,-0.00078919817434494372,-0.00061535520674521279,3.7866203046844356e-07,0.98343462327104403
31,-0.13051090849810365,-0.10025446972012753,0.010050958698863967,0.0006956187311566057
32,-0.082475049860262106,-0.070805982526024588,0.0050134871614756996,0.016751605109613672
33,-0.11921601930792879,-0.1077685186599084,0.011614053614151024,0.0002654074274451916
