,Slope,R Value,R Squared,P-Value
0,0.80729823621831021,0.074664852499080586,0.0055748401987094605,0.011641178201578149
1,0.42659623115708306,0.040390284051750901,0.0016313750457811233,0.1727590383153115
2,-0.77757383737207597,-0.075551032100607707,0.0057079584514670564,0.010684026915938689
3,0.44935471827794027,0.042567044186814486,0.0018119532508022169,0.15073664905808135
4,3.3602431806656572,0.30395068628706245,0.092386019694376251,8.1627736944304637e-26
5,-0.67257491488927335,-0.060346839090474731,0.0036417409882116489,0.041543873016619687
6,0.84089296909498712,0.074250052662282282,0.0055130703203516923,0.012114747823818897
7,-1.6176479059899478,-0.18571515398859295,0.034490118421006792,2.591903945486059e-10
8,-0.58991996776505662,-0.059323033131874543,0.0035192222599654847,0.045131946703641991
9,0.45388631580089606,0.047622847510108791,0.002267935604971075,0.10788193857290641
10,-0.3364975816319607,-0.031066890111301898,0.0009651516611877077,0.29440749659974169
11,0.18314836043635785,0.017899867535016472,0.00032040525777113669,0.54583050137112732
12,0.42940486973404701,0.046364391535730645,0.0021496568024785313,0.11752344608237002
13,-0.61468954364286565,-0.062838295469081859,0.0039486513774596339,0.033806968877619768
14,0.34031450372801664,0.032816812354399531,0.0010769431731038697,0.26803793805177784
15,-0.21923610797245105,-0.021039252961213228,0.00044265016516591962,0.47771774372428677
16,-1.4499504776382959,-0.12031423093282843,0.014475514164957971,4.6130876918362266e-05
17,0.068499260471311343,0.0063425141580435102,4.0227485844982375e-05,0.8305399180811357
18,-1.4738087727224536,-0.1101959382036138,0.012143144796574671,0.00019181593889885183
19,0.51515696081213735,0.050636874235666103,0.0025640930323586656,0.087327024192340341
20,-0.0090696404262097571,-0.00088440495674784879,7.8217212752016432e-07,0.97619361790242309
21,-0.53457120432324468,-0.052050073190087046,0.0027092101190934184,0.078841545372886596
22,-0.76058291107052078,-0.0647167138030703,0.0041882530454685095,0.028819877287641668
23,1.1941499615490792,0.11420230380180578,0.013042166193639943,0.00011062101776472111
24,0.38548971563076351,0.032754140147270995,0.0010728336967870697,0.26895342681603396
25,-0.87493856747198873,-0.084423752779828928,0.0071273700334296723,0.0043214134712368721
26,-1.7080585608167391,-0.036957959654761174,0.0013658907818429548,0.21223278163483167
27,-0.44061045833605478,-0.041226071750443044,0.001699588991972678,0.16403506595311962
28,-0.93918083943983977,-0.077612155425534013,0.0060236466697972486,0.0087230836988665024
29,-0.29669671934842101,-0.030741151521661979,0.00094501839687778058,0.29950154193248463
30,-0.17425071600318809,-0.01640891494193368,0.00026925248957161441,0.57978319976313286
31,-0.9755471964888468,-0.081861505709874119,0.0067013061170877533,0.00566114879019795
32,-0.012673292126107415,-0.0013046857925133131,1.7022050171860919e-06,0.96488663414101139
33,-1.5411678518606322,-0.15312046780272562,0.023445877660125531,2.0229479993556032e-07
