,Slope,R Value,R Squared,P-Value
0,0.014745316792385624,0.0028709822431940493,8.2425390407355351e-06,0.92282810277650296
1,-0.37045434114597153,-0.079506092883440613,0.0063212188055902863,0.0072113692414597112
2,-0.50638878558713374,-0.096086411333425006,0.0092325984429361459,0.0011555231588661391
3,0.35507338141915068,0.080208630384363919,0.0064334243881355065,0.0067132984728376071
4,0.36061396227417203,0.073446086379836517,0.0053943276045144073,0.013081400771140462
5,-0.3350394198243084,-0.065702720329768358,0.0043168474587317561,0.026465122363305015
6,-0.41032951342303148,-0.081351255713026788,0.0066180268060862732,0.0059688960305440053
7,-0.53207023168720458,-0.12887381329965622,0.01660845975439465,1.2617354691530969e-05
8,0.87515647240436445,0.18351512498963005,0.033677801099959541,4.2321083036588603e-10
9,0.29994168642370989,0.061465525103353277,0.003778010776230952,0.03790206201547805
10,0.65852684447294407,0.13107145942788814,0.017179727476556529,8.9232500538680052e-06
11,0.24875765947276146,0.049931156638098668,0.0024931204032183447,0.091832006369906793
12,0.78563327860680543,0.17223493800708489,0.029664873870304375,4.7614058626328875e-09
13,-0.036547153530251009,-0.0078535254948908229,6.167786269890015e-05,0.79101321301591021
14,0.49563466105356557,0.094193339644808832,0.0088723852334423158,0.0014459173960700107
15,0.72533929359881388,0.13447409746145669,0.018083282888073354,5.1618986348716769e-06
16,-0.060905965771969911,-0.010902311437907418,0.00011886039468912692,0.7129678608195178
17,0.56533942483306909,0.11217108260493602,0.012582351772763381,0.00014655963617500123
18,-0.35631306948808833,-0.061135398463729888,0.0037375369453190267,0.038947438789184365
19,0.29444681863113276,0.060319634630050419,0.0036384583219027777,0.041635998452017202
20,0.36377971343304139,0.070427438152859276,0.0049600240447748188,0.017345834302574796
21,0.08984386040354056,0.017473491038380563,0.00030532288906836587,0.55543891222629049
22,0.57130293560115086,0.11021892543701797,0.012148211524490927,0.00019122094908808422
23,-0.27075830003865298,-0.052069061835088151,0.0027111872003862335,0.078732262049195922
24,0.17218512069162326,0.032931408226431029,0.0010844776477758492,0.26636950555749916
25,-0.99449934863408718,-0.20248840008406219,0.041001552168603232,5.0581497513727043e-12
26,1.0384619385018026,0.049458575265873148,0.0024461506673300391,0.094951664723282952
27,-0.99834755211001347,-0.19981040503636147,0.03992419796079482,9.7105802559834838e-12
28,0.80967888597835957,0.14576116506175457,0.021246317240160063,7.6278741918347085e-07
29,-0.076576122716589382,-0.014572806445718241,0.00021236668770436711,0.62290535112853318
30,-0.24074658819575301,-0.0477108268535862,0.002276322999052882,0.10723200466258459
31,0.63001852043928352,0.12006207812459721,0.014414902603596885,4.7865939021852669e-05
32,-0.11564889464969683,-0.022618374484184457,0.00051159086430680649,0.44529683889589056
33,0.46560071902403583,0.089413102549325579,0.007994702907496213,0.0025027914021236194
