,Slope,R Value,R Squared,P-Value
0,4.3237981382830206,0.065412883340931219,0.0042788453069742766,0.027139437181007919
1,12.30242399771223,0.14552525048673332,0.021177598529226474,7.9510157482341704e-07
2,3.0248677746787549,0.043653713180134959,0.0019056466744134886,0.14057542819629576
3,4.9612147822507877,0.077332025772593446,0.0059802422100930569,0.0089692092036119404
4,-5.122253411258753,-0.088528014698359303,0.0078372093864329216,0.0027628521373664217
5,8.0394564462468008,0.11654291388671124,0.013582250777205393,7.9532354518624889e-05
6,3.2006136612220506,0.043468233546056473,0.0018894873276145093,0.1422715546296304
7,-3.3185613123650297,-0.056154647795738415,0.0031533444690634294,0.057927284058838034
8,-8.5641137354682684,-0.12623206339641915,0.015934533829317584,1.8994238524225905e-05
9,5.6206086726282933,0.080973428882577608,0.006556696185001854,0.0062063892225930201
10,0.6776977639086369,0.010713731460603511,0.00011478404180992544,0.71771857681095252
11,8.3738714390975098,0.11284251492612038,0.012733433174851701,0.00013361385051062719
12,3.5580137029794545,0.056765981327047403,0.0032223766360226945,0.055247500620885022
13,10.184512583991149,0.14735834569238374,0.021714482045196069,5.7499385084823873e-07
14,1.1349057281994985,0.017719301033628045,0.00031397362912033189,0.54988951031720834
15,1.1313950033818949,0.01568730936598093,0.000246091675143993,0.59656368579617336
16,2.3954994083671588,0.036249318215629239,0.0013140130710979497,0.22113541360856301
17,-4.7137164927073503,-0.065909428124588929,0.004344052715710354,0.025993086190163099
18,12.640378655177733,0.16392485390402123,0.026871357727454703,2.5648719472909056e-08
19,4.8079262591336072,0.063458601372754303,0.0040269940881861345,0.032084239726408247
20,-7.0752309133212821,-0.090250467041965446,0.0081451468012928904,0.0022775407306650126
21,3.3687531985467927,0.046131288314746513,0.0021280957615782683,0.11938130787145534
22,3.0002818141556076,0.042688656986901767,0.001822321435345357,0.14957243103924101
23,-0.44775241659904719,-0.0068930675096618215,4.7514379692755426e-05,0.81608262515470065
24,16.99126248214284,0.21064344432664781,0.044370660637793574,6.5621700459734372e-13
25,-2.1047542572763898,-0.029582117777272533,0.00087510169218842364,0.31810071924661604
26,2.1777384688960448,0.032071947157161891,0.0010286097944517847,0.27905731776510129
27,-2.4786512096650339,-0.034005089507091392,0.0011563461123852972,0.25108403072718427
28,4.6088818941503531,0.055943997529781339,0.0031297308596121808,0.05887530610897785
29,0.52027988808943137,0.0080565486631609066,6.4907976361879794e-05,0.78574059063779933
30,5.7053179125125988,0.0839021908349393,0.0070395776269025724,0.0045682228363061253
31,-1.2726142955979067,-0.021195391785868073,0.00044924463295644378,0.47445568786968983
32,5.5321374411087731,0.08079820063066015,0.0065283492251524099,0.0063193906820824724
33,3.8915905089015475,0.066462863593891239,0.0044173122371001933,0.024764891805191216
