,Slope,R Value,R Squared,P-Value
0,-0.037589870371722289,-0.12129597349478841,0.014712713186048412,3.9926521021454127e-05
1,-0.0031599272891283735,-0.0078197728956756144,6.114884813994298e-05,0.79189072017472251
2,-0.046340310222506745,-0.14662939896474597,0.021500180640762648,6.5439982234897411e-07
3,-0.020262549212945118,-0.071404873969274807,0.0050986560265680186,0.015847914250756625
4,0.071911107330171725,0.22893551368770423,0.052411469427453013,4.922826483558282e-15
5,-0.013499125854144017,-0.045332793498371077,0.0020550621663659552,0.1259200184537384
6,-0.011967754545699118,-0.050091478713556042,0.0025091562397106383,0.090792548548711341
7,0.024899309834354393,0.090351316307118845,0.0081633603584290396,0.0022517019168189394
8,0.032294246070901485,0.12319214526812106,0.01517630465576184,3.0112829228650164e-05
9,-0.045200776569906946,-0.15495095040527165,0.024009797031496957,1.4397454833711828e-07
10,0.035356886177099998,0.11439275351074851,0.013085702055770866,0.00010771560697502149
11,-0.034913430765419452,-0.1196861633619762,0.014324777700309653,5.0567723698938029e-05
12,0.0052623293310521124,0.020173290751885255,0.00040696165976009916,0.49602985896035512
13,-0.040816215347758589,-0.12372509574204357,0.015307899316377849,2.7796956069955514e-05
14,-0.014352922599963288,-0.051867859230245061,0.0026902748211285179,0.079896499560456385
15,-0.030880862699165242,-0.10913199507588112,0.011909792349242141,0.0002213352574947675
16,-0.02240090986534269,-0.076714101053829198,0.005885053300497118,0.0095341460107654357
17,0.027454895923608658,0.11315736007336825,0.012804588138773916,0.00012792120426784897
18,-0.0015329682052068986,-0.0049459672056934786,2.4462591599795357e-05,0.86745959131693706
19,0.0036525423291024739,0.011441130533246555,0.0001308994678787866,0.69945559934905766
20,0.01150041743004704,0.039112992647032011,0.0015298261938067801,0.1867539724988613
21,0.038815130891042604,0.1349871142574473,0.018221521015553133,4.7474930853799028e-06
22,-0.023392993332812757,-0.076838384714071298,0.0059041373654676261,0.0094180378652316647
23,-0.029396702747462151,-0.11645785536666758,0.013562432076603665,8.0500446421208693e-05
24,0.013654901488627214,0.045042214860436004,0.0020288011195336822,0.1283674851593232
25,0.03517087255420049,0.11604411071872341,0.013466235632499336,8.5370229762392737e-05
26,-0.013304338152106732,-0.046437954814195957,0.0021564836473253056,0.11694186567950608
27,0.034036029183570016,0.086454681069017006,0.0074744118787454473,0.00347123681686314
28,-0.014124656769913172,-0.038361796113312925,0.0014716274010393906,0.19536591049538893
29,0.0012773486224882905,0.0053139229424545888,2.8237777038345235e-05,0.8577006662978609
30,-0.017111981217660794,-0.062425782588204734,0.0038969783317498053,0.034995835888014706
31,-0.024640541582575642,-0.091460858352992766,0.0083650886106662065,0.0019846119069525155
32,-0.038695507092679472,-0.13234936379472326,0.017516354096868005,7.2765992441379691e-06
33,0.0079652931020806686,0.031474237328123378,0.00099062761538703495,0.28811929562135052
