,Slope,R Value,R Squared,P-Value
0,0.57410694122407246,0.17845046219748714,0.031844567458496786,1.2790987212843374e-09
1,-0.05273857962245327,-0.012918882694222481,0.0001668975300670811,0.66289271887585921
2,0.084685263164476374,0.024554536060992404,0.00060292524117057638,0.40731045702718827
3,0.38606634909423676,0.12469880690450968,0.015549792443408192,2.3995854969041785e-05
4,0.6753337452740531,0.19662225072886705,0.038660309481685459,2.0860821229301007e-11
5,-0.049150166561179889,-0.016048031201311399,0.00025753930543826419,0.58814770022038609
6,0.37158212928182494,0.11352574932623698,0.012888095760083595,0.00012155036579888088
7,0.65667144321738391,0.2531405524641126,0.064080139301836148,3.8481143568921849e-18
8,0.18366479703882696,0.058802745580363747,0.0034577628877889882,0.047053185288284519
9,-0.047590043082687744,-0.016869316312786962,0.00028457383286086029,0.56919371158259646
10,0.46761585665642441,0.15486153754695309,0.023982095811406361,1.4639980878332271e-07
11,0.0023994189251896419,0.00088063149470019497,7.755118294578995e-07,0.97629516190860177
12,0.31731337803898446,0.1105528421496228,0.012221930907359416,0.00018277103719144836
13,-0.018817246220808249,-0.0062138556406515231,3.8612001922856753e-05,0.83392690136769398
14,-0.20778193853838389,-0.068742158835884207,0.004725484401417933,0.020220960820539664
15,0.090322972950543007,0.03304020684107771,0.0010916552681011983,0.26479209481610022
16,-0.048462639779340247,-0.015026734076249736,0.00022580273699832499,0.61211574482408837
17,0.55872252344017825,0.20084761641967003,0.040339765021462907,7.5510274678865441e-12
18,0.58021204119458303,0.18894290960639809,0.035699423090531521,1.2488040108562212e-10
19,0.75490386508945595,0.19598353219273429,0.03840954489074052,2.4276935049180347e-11
20,-0.0048964021570427757,-0.0018268125414483212,3.3372440615928744e-06,0.95084971931008089
21,0.010326175052085877,0.0032299843295623895,1.0432798769218599e-05,0.91321411742216019
22,0.13227880522013952,0.045738407804250342,0.0020920019484679084,0.12256453180211624
23,-0.19036497672039562,-0.062304067852602299,0.0038817968709816712,0.035353358555363951
24,0.22213336782778492,0.077730680800447274,0.0060420587377010221,0.0086207733085066924
25,-0.026663654855589882,-0.0080395079597875511,6.4633688235487388e-05,0.78618277351881816
26,0.87322982381072434,0.037186818365454719,0.0013828594601453202,0.20941364446828314
27,-0.20113346283963612,-0.050809726595504839,0.002581628316709952,0.086251212413965855
28,0.56448473311463088,0.1697571789456199,0.028817499803575217,7.9358081705828195e-09
29,0.50590541571030734,0.21809146609724916,0.04756388758444758,9.4329843170239525e-14
30,0.093622230060935174,0.036954017358871084,0.0013655993989597453,0.21228158252923235
31,-0.050508373552050671,-0.014436151159982345,0.00020840246031385959,0.62616961481284428
32,0.36804431933503567,0.14051761150380584,0.01974519914273451,1.8889262000016316e-06
33,-0.37323681233859812,-0.12730150614969771,0.016205673467981522,1.6111015425065825e-05
