,Slope,R Value,R Squared,P-Value
0,-1.3148125534681374,-0.061843282140815192,0.0038245915459484713,0.036735193681344924
1,0.40237449436046041,0.015563196686982996,0.00024221309111771851,0.5994719627662275
2,-2.237126641978159,-0.10646758779082743,0.011335347249997546,0.00031500416901932671
3,-0.28554487197844075,-0.016386219282896089,0.0002685081823871556,0.58030759037230073
4,3.1940863540616311,0.1519505040208588,0.023088955672193028,2.5088935960527968e-07
5,0.22626947821620133,0.011864751431979605,0.00014077232654266208,0.6888983140494277
6,0.44215566945928969,0.023830046030568087,0.00056787109381899387,0.42129321299337241
7,4.0966413095058103,0.23163592086181731,0.053655199833502087,2.3037650547235635e-15
8,3.1500274285033023,0.17235423988677354,0.029705984006947479,4.6448453518959268e-09
9,-2.5618589884257004,-0.15757935151350211,0.024831252023415858,8.7735355248560523e-08
10,1.5134610858064708,0.073595021769375685,0.0054162272292348811,0.012897346962342194
11,-1.0723863589467344,-0.063199198307783422,0.0039941386667465351,0.032795298399773146
12,0.36642370745152614,0.022003448470423861,0.00048415174459059816,0.45777056443893638
13,0.24761649837983055,0.012268791250872256,0.00015052323875747962,0.67888505371826868
14,-0.46127967709168599,-0.028079836753305519,0.00078847723209228744,0.34330900493675476
15,-0.63040800258738394,-0.036250139407290688,0.0013140726070480092,0.22112494460563417
16,-0.86257175083685644,-0.048942071689629704,0.0023953263812728533,0.098457648153125382
17,2.5045054631964181,0.14994666402202214,0.022484002051333191,3.6139530417123031e-07
18,0.97842369558620168,0.047378247913524324,0.0022446983753553721,0.10970525473430136
19,0.54146009735394252,0.023052218465957754,0.00053140477620224372,0.43661402095410273
20,1.4016337451323031,0.082322320893237239,0.0067769645172491245,0.0053955807063546905
21,4.3797509947725768,0.22503190487918689,0.050639358213555419,1.4506269936020073e-14
22,0.40169979313328202,0.021729946341235706,0.00047219056799298304,0.46338084071873753
23,0.044797907089787398,0.002495270512113078,6.2263749286210622e-06,0.93290161736886934
24,2.2803116099036731,0.1222542987563242,0.014946113564400572,3.4639178380973233e-05
25,2.6183247448896574,0.14076923603582842,0.019815977814110774,1.8098241047156492e-06
26,3.3677435562791622,0.023722859051986966,0.00056277404160043993,0.42338555980759618
27,3.4680860753431642,0.14019129109870743,0.019653598099922523,1.9964614219477197e-06
28,-0.26993860667834441,-0.011974548869504329,0.00014338982062814742,0.68617173846815183
29,0.64756902062959698,0.044101856575371641,0.0019449737533946509,0.13654147764638291
30,-0.20488892824944144,-0.012351178619818364,0.00015255161329865826,0.67685011818620588
31,0.50311110446982688,0.027054389873510252,0.00073194001142789405,0.36122816295716664
32,-2.2842293146263581,-0.13404361161124598,0.017967689813786557,5.5361186691787427e-06
33,2.4468874698527703,0.15115825399094748,0.022848817749591792,2.8999774223377325e-07
