,Slope,R Value,R Squared,P-Value
0,0.0047340610532419511,0.1200964914428143,0.014423167256873969,4.7625552424686228e-05
1,-0.0026068823621266946,-0.049421456673154604,0.0024424803796964977,0.095200245039323506
2,0.0014977623589337245,0.035109343958014114,0.0012326660331621422,0.23601225116359853
3,0.0038398957818294578,0.091425125245136005,0.0083585535260888057,0.001992740102505405
4,0.0010567653302505215,0.024765199715442918,0.00061331511694577405,0.40329707676797744
5,-0.0041424130208177479,-0.10545809670227799,0.011121410160067015,0.00035932388044283646
6,-0.0025850885500294449,-0.072192046606131974,0.0052116915931819307,0.014725400666910263
7,0.0040252076765724294,0.11914596961946046,0.014195762076561395,5.4704040186346313e-05
8,-0.0024260761743298974,-0.065318601761456666,0.0042665197360717694,0.027361954918377909
9,-0.0032424848455910849,-0.075693196156635889,0.0057294599444069581,0.01053716184436016
10,0.0036583532591027384,0.09704976289575995,0.0094186564781232242,0.0010293785472188458
11,-0.0053667072944793238,-0.13658577847869902,0.018655674882632239,3.6505213872705908e-06
12,0.00089708050899686069,0.023651174161872218,0.000559378039235212,0.42478827003699104
13,-0.002855184922818217,-0.069111861647284181,0.0047764494203533505,0.019556929852984892
14,-0.0062375537456029733,-0.14588578748446279,0.021282662989961839,7.4623123075659042e-07
15,-0.0029781111058590245,-0.07745332616600159,0.0059990177341770271,0.0088618827460704309
16,-0.0040879831715393295,-0.092594270282070956,0.0085736988890692083,0.0017420415102765696
17,0.0029530637693345138,0.086857044209570133,0.007544146128823221,0.0033220432588389904
18,-0.0043639517378460816,-0.11338151479320577,0.012855367896801938,0.00012400828960316493
19,-0.00024082062349527143,-0.0055758963849007782,3.1090620495149567e-05,0.85076572729322808
20,0.00053245620916307114,0.013570373988442059,0.00018415505018618485,0.64701844717771262
21,-0.003541733722113141,-0.089109496693191792,0.0079405024009139586,0.0025893652612867519
22,0.0012866621796619477,0.031575604929632989,0.0009970188266722631,0.28656864829165202
23,-0.0018000261241058286,-0.050753611995098355,0.0025759291305489916,0.086599284520335273
24,0.00058817826659750608,0.014805112227910745,0.00021919134808103224,0.61737327308032253
25,-0.0088320482463324079,-0.19458926243017735,0.037864981053120431,3.3743744135581172e-11
26,0.0021578410580222595,0.05628531242574715,0.0031680363948639666,0.057345626149672001
27,-0.0038629750839700217,-0.073706330945721363,0.0054326232214802024,0.012761289313995046
28,0.0012704726001463995,0.027681817099226479,0.00076628299791502749,0.35019574227461581
29,0.00013271337367632902,0.0041859614283872807,1.7522273079946083e-05,0.88767881761479106
30,-0.0021156557245334945,-0.061186567347482991,0.0037437960237680719,0.038783823431944218
31,-0.0043599483848263303,-0.10292692807502267,0.01059395252296089,0.00049735296521089944
32,0.0027998253258276801,0.074199784078820136,0.00550560795734353,0.012173281633195065
33,-0.0077685318510855575,-0.20442464853597817,0.041789436929058198,3.1385929435832299e-12
