,Slope,R Value,R Squared,P-Value
0,-0.023580695192260817,-0.0029350140656898317,8.6143075657971555e-06,0.92073354777373606
1,-0.24998986053796923,-0.03192928885471602,0.0010194794867678927,0.2788902866466092
2,-0.61834948685367441,-0.075870320860286014,0.0057563055874427513,0.0099938468194706188
3,0.1831244158836349,0.024056157633850838,0.00057869872010467998,0.41465760068045199
4,0.38993693534936158,0.050795385280165466,0.0025801711657604505,0.084835478619618473
5,-0.006992758512737644,-0.00091818045788566005,8.4305535324312033e-07,0.97516566324681331
6,-0.042519759119448837,-0.0053364308863534252,2.8477494604826803e-05,0.85642320545799289
7,-0.2402692247474589,-0.031968911575407565,0.0010220113073162278,0.27829386628643088
8,-0.4301611318196466,-0.055616813149678319,0.003093229904926231,0.059145710963369909
9,0.15817390480093219,0.02087209414673475,0.00043564431407015899,0.47911270116210147
10,-0.19145540554633753,-0.024957154289747107,0.00062285955024224242,0.39739314598196018
11,-0.044024507965552288,-0.0056443186367862519,3.1858332873572611e-05,0.84823722951207958
12,0.26480342836667625,0.035498162558501842,0.0012601195450298219,0.2286208752066955
13,-0.11085205446646296,-0.014297114934207853,0.00020440749544194922,0.62784791687927544
14,0.39813782275012471,0.050106439386002358,0.0025106552679431283,0.089151523971846253
15,-0.47022361944512936,-0.059681376157964303,0.0035618666601084301,0.04284073105102032
16,-0.13036207389386784,-0.016164107543842645,0.0002612783726889107,0.58364506741290412
17,-0.29047186374987849,-0.036189798816096234,0.0013097015383495205,0.21967563588503608
18,-0.29575540807234529,-0.036254876957759682,0.0013144161032222939,0.21884704789156018
19,0.51434715285523602,0.067545654234847208,0.0045624154060135329,0.021864969856002968
20,0.10878053145921422,0.013736732591536519,0.00018869782229138162,0.64139017475384508
21,-0.4652438313039704,-0.060378021013018077,0.0036455054214484524,0.040467715375663529
22,0.054267579207484588,0.0069299313980309574,4.8023949181415301e-05,0.81424199465085856
23,0.4921303948707938,0.061829828982551037,0.003822927752011508,0.035878339067935743
24,0.012901179408911785,0.0016205797492555107,2.6262787236970541e-06,0.9561825811999195
25,0.18912972702845529,0.024709512677845807,0.00061056001677662263,0.40209465961317015
26,-0.30847512507305563,-0.0051928014980908129,2.6965187398574191e-05,0.86024729576876635
27,0.1537030130212067,0.01964661618247537,0.00038598952742150311,0.50530331233415904
28,0.17175627532724516,0.02099681147265051,0.00044086609201802806,0.47648940236614445
29,0.099922877888921388,0.012723542051160051,0.00016188852232763812,0.66617756700126129
30,0.013552909283761783,0.0017665623829164268,3.1207426527353641e-06,0.95224000290257838
31,-0.093002777260741035,-0.011649255293322506,0.00013570514888900243,0.6928628152268872
32,-0.2316216748071836,-0.029689154939826719,0.00088144592104103729,0.31402545532146703
33,-0.055902423872911694,-0.0071698189863164561,5.1406304296543931e-05,0.80793516265600351
