,Slope,R Value,R Squared,P-Value
0,-1.2772996270416055,-0.04707225060347494,0.002215796776876347,0.11030229073909791
1,0.37508556048827835,0.01134604246216224,0.00012873267955318857,0.7004657957786129
2,-2.7160127394681721,-0.097407278901664368,0.0094881779830266275,0.00093163283839777455
3,-0.32921687196455662,-0.013532033708999238,0.00018311593630149169,0.64636713139913882
4,1.8568236281254684,0.068060882625010449,0.004632283743695449,0.020875182687358006
5,1.1114971660212611,0.042908215778216456,0.0018411149812699837,0.1455468197296394
6,-0.00065889716762021467,-2.5100928534404252e-05,6.3005661328926963e-10,0.99932097728197511
7,3.4285528070020281,0.14126695919688104,0.01995635376073325,1.4815120855735483e-06
8,2.3234968246575196,0.090408941285682595,0.0081737766643980025,0.0021295624161908034
9,-1.2602508239794608,-0.052896089252343938,0.0027979962581919358,0.072707850881206321
10,0.75913418909095853,0.028052292740756993,0.00078693112801312749,0.34146228048270988
11,-1.4404503136264502,-0.056778509608901816,0.0032237991534081558,0.054030905722497413
12,-0.87380046934703881,-0.037016788158636828,0.0013702426055813956,0.2093126280332743
13,1.038403796879648,0.038390367583001898,0.001473820323158003,0.19288981959371171
14,1.3168298219299843,0.056613953393770761,0.0032051397188720479,0.054732203207105631
15,-0.55537098984851763,-0.022226995667129192,0.00049403933638657988,0.45103937510102121
16,-1.2754598957991532,-0.052379994518888799,0.0027436638257988207,0.075547519025772183
17,2.753587125347301,0.11169933183119704,0.012476740731535868,0.00014529324779616326
18,0.71952360728880016,0.026120137508811165,0.00068226158347920395,0.37576005411771152
19,1.9841975893784745,0.06433322214090921,0.0041387634710315707,0.029003896481487868
20,0.66957608820952175,0.027096409902044493,0.0007342154295796148,0.35817249851971322
21,3.8125623701632154,0.14443631816150107,0.020861850004050365,8.5295468884382882e-07
22,0.87457290226881124,0.034351890217739163,0.0011800523615316035,0.24401093917289243
23,0.80315390458958191,0.032441228632733958,0.0010524333152013175,0.27125107508395052
24,0.54247992721501836,0.019986870265032059,0.00039947498299122269,0.49795678147759503
25,2.6009799242804825,0.099737249319642216,0.0099475189018484716,0.00069898958552308944
26,4.4864186788726705,0.0091358103152120226,8.3463030115534399e-05,0.75675144032355413
27,3.3830542975171798,0.10896469164437107,0.011873304025152871,0.00021105134683163654
28,-0.87473614246841169,-0.029038748140756188,0.0008432488935822709,0.32474911165271081
29,-0.98712615524932146,-0.043772397861377696,0.0019160228145347427,0.13760125247354188
30,0.86060720421122294,0.036425072883278613,0.001326785934552159,0.21669068319862128
31,1.8539731864473545,0.07383390333515101,0.0054514452817044238,0.012186160424926687
32,-1.4086048993655902,-0.059580823855358497,0.0035498745712832561,0.043192763582216617
33,3.7089748811302572,0.15960365659414033,0.025473327198220274,5.1459067262170577e-08
