,Slope,R Value,R Squared,P-Value
0,0.036698760773177921,0.093766354118344233,0.0087921291646467312,0.0014420359539615223
1,0.018553699783325328,0.05034733887360579,0.0025348545316536968,0.087622702651063408
2,0.076674698358711366,0.20145028732355352,0.040582218262742269,5.1676865069278676e-12
3,0.023728029732709419,0.064044371063809502,0.0041016814649589197,0.02973444440543347
4,0.050276151081893761,0.12049570352082363,0.014519214566978227,4.1267253652983041e-05
5,0.085266388664516343,0.21915053259564324,0.048026955936954087,5.404462812962172e-14
6,0.072384565101132961,0.18541341377589393,0.034378134008030851,2.2773099425573877e-10
7,0.10154716922220595,0.26679881174701703,0.071181605949620225,3.1676687402868262e-20
8,0.022802930587686562,0.05713817995552041,0.0032647716086294343,0.052524131750285828
9,0.026798780967282665,0.073065048304591901,0.0053385012837523478,0.013118584466569836
10,0.027703266174840847,0.071162621437738077,0.0050641186898908192,0.015701521492094611
11,0.0076646572806696794,0.021002468388733018,0.00044110367841972966,0.47637060163042677
12,0.042588147300538358,0.11265368057520039,0.012690851747139282,0.00012728948842865599
13,0.046047304743859666,0.11703145859030567,0.013696362299774431,6.8465514839584758e-05
14,0.017321447160267022,0.046051184739550166,0.0021207116159161783,0.11825006689902183
15,0.041340876757182128,0.10836235058920625,0.011742399025218049,0.00022888004858666192
16,0.023442370344852241,0.05593364540096378,0.0031285726878407566,0.057712448506253879
17,0.010432646885955757,0.029310062266898348,0.00085907975008945832,0.32024718253302825
18,0.039792775214141263,0.099994166974850737,0.00999883342899433,0.00067694188963844811
19,0.071109689010332738,0.18842522055775712,0.035504063742239418,1.1465421699334215e-10
20,0.062630895584800533,0.15278386499150676,0.023342909401742964,1.8818369956596818e-07
21,0.045235206826892624,0.12356773880128355,0.015268986072462236,2.6038798096694896e-05
22,0.021828192489255761,0.057296755887261082,0.0032829182352043873,0.051871038078608156
23,0.045640503762651274,0.11700903471140728,0.013691114204095313,6.8687167602431189e-05
24,0.066560829115644315,0.16144533870773292,0.026064597390454605,3.5909815073979499e-08
25,0.096018112068760084,0.2269288089448161,0.051496684329112849,6.4012009218276651e-15
26,0.068610881674426472,0.18399994102997974,0.03385597829903602,3.1303454422391706e-10
27,0.04661739636949714,0.11503815344342362,0.013233776747672678,9.104943595422693e-05
28,0.042369712588141088,0.1128612296825542,0.012737657165458254,0.00012366258395245139
29,0.058542074814740733,0.15023045066229754,0.022569188306197016,3.014267765922785e-07
30,0.045093504430878194,0.12197988635944168,0.014879092676262307,3.308087654893912e-05
31,-0.027767454875193155,-0.073675778848445936,0.0054281203889251133,0.012372987501542405
32,0.065764856984459469,0.17755519948450929,0.031525848863983887,1.2938578799606245e-09
33,0.031092556118467604,0.078870409042524361,0.0062205414225351089,0.0074015205485188874
