,Slope,R Value,R Squared,P-Value
0,0.16563776552022799,0.040053635934393352,0.0016042937515649263,0.1742940481209222
1,0.030231806394134354,0.0075026340785316181,5.628951811634398e-05,0.79920588140392301
2,0.40324776585600902,0.10464924793232837,0.010951465092801933,0.00037393099670485002
3,0.53707137197204502,0.15152731638625636,0.022960527611220635,2.37514435418494e-07
4,0.76448899186984276,0.19103302034535974,0.036493614862270631,6.2710741406783919e-11
5,-0.019356741813324582,-0.0051094387724149176,2.6106364569056859e-05,0.86246831188310968
6,0.24611741008382021,0.069432617112506104,0.0048208883190918751,0.018427831356638724
7,0.74118759788238908,0.20287197708472074,0.041157039086263454,3.6366354861528907e-12
8,0.67130451744998554,0.18728359907434983,0.03507514648224181,1.4891541925792855e-10
9,-0.10649476797543164,-0.030803174231248582,0.0009488355427206567,0.2962045143748121
10,0.7964834682365427,0.20254398505445054,0.04102406588173748,3.9446122233965546e-12
11,0.19483901860401587,0.057724334572324107,0.0033320988018176122,0.050143793630411965
12,0.025903333211698711,0.0075684297555873008,5.7281128965259251e-05,0.797483076962614
13,0.28702653244322002,0.07556739213147344,0.0057104307535518744,0.01029597814056067
14,0.21888891164920321,0.061078927488972069,0.0037306353832031081,0.038193464980420352
15,0.38851636856898036,0.10643576804296331,0.01132857271889549,0.00029584417741657825
16,0.15177529508514032,0.041884405730552465,0.0017543034434015362,0.15540864492797163
17,0.59225934863579377,0.17107048814217929,0.029265111913203506,5.12242620568112e-09
18,0.33045722752172063,0.086818110799445972,0.0075373843627848771,0.0031872644597173922
19,0.61087525753417249,0.15374021488569378,0.023636053673099299,1.5742685242488095e-07
20,-0.0079412200237754839,-0.0022169123755953414,4.9147004810677805e-06,0.94008509659255191
21,-0.041715093585727142,-0.011318028399607554,0.00012809776685432313,0.70116976982832546
22,0.10697111524495651,0.028868546672499971,0.00083339298698230911,0.32759416980253642
23,-0.22796119990384633,-0.063011508404048247,0.003970450191353443,0.032477396889588644
24,0.087282002978847861,0.02425409806089051,0.00058826127274729282,0.41082727267777053
25,0.18447770827927226,0.049664876053053461,0.0024665999133651633,0.092009486070802574
26,0.41990967398516971,0.0061165400319187256,3.7412061962064325e-05,0.83571402443146126
27,-0.069226898416524865,-0.016239755867714124,0.00026372967064295532,0.58188492730470953
28,0.63807675168380351,0.16494604225811588,0.027207196856616149,1.7917950078879215e-08
29,0.57335624488398884,0.16834971718561106,0.028341627276475229,8.9850585066807734e-09
30,0.41598456945475948,0.11753447256258004,0.01381435224056388,6.3667477131851958e-05
31,-0.12351430793548691,-0.03172244607581489,0.0010063135850329836,0.28201787679314372
32,0.55218695468056933,0.15091306797393156,0.022774754085304487,2.6596028811852481e-07
33,0.31861636676912819,0.090661954045485202,0.0082195899113456702,0.0020688018676974715
