,Slope,R Value,R Squared,P-Value
0,-0.40312774471777796,-0.0077012817507278062,5.9309740604093146e-05,0.79400746882298789
1,4.8356138839023455,0.075567829045347784,0.0057104967866269084,0.010295536593293221
2,1.3023262895582501,0.022371424657598563,0.000500480641210609,0.44810267392630776
3,3.7039118896325247,0.070673392933731524,0.0049947284687656126,0.016434045371004225
4,-3.9233704861678493,-0.074807955809216634,0.0055962302523537089,0.011089390907616818
5,2.9714874257368074,0.055641198122217662,0.0030959429284758782,0.059034361858332544
6,5.60336831907241,0.096037965563135971,0.0092232908295060909,0.0010998918927191275
7,-2.9759247565867795,-0.060077111218117853,0.0036092592923141018,0.041478704319768543
8,3.058283403614237,0.055211626861909564,0.0030483237407387337,0.061021533621803896
9,-2.660180645230815,-0.050328728537101387,0.0025329809161612434,0.087740051657577756
10,-0.21971207079049057,-0.0041232833723995306,1.7001465769106445e-05,0.88881995501088551
11,5.6073954583579626,0.095870293013822813,0.0091911130825562438,0.001122321144143207
12,3.2369053030083466,0.062726573649934989,0.0039346230418607188,0.033271159214662574
13,3.6107424628339446,0.065161397524484826,0.0042460077273439372,0.026994254578317618
14,-0.50314436030157461,-0.009723227507319139,9.454115315908756e-05,0.7416517370042488
15,0.89791689078157577,0.016260867648353793,0.00026441581667727902,0.58139415349324808
16,-0.93643546688430612,-0.017454179701473206,0.00030464838905131929,0.5539735045021843
17,1.3037937889371589,0.022850322224196966,0.00052213722574962981,0.43844316014501727
18,3.1432001385997705,0.052799827646892665,0.0027878217995415712,0.073230781642064952
19,1.1133037153190286,0.018769593224938184,0.00035229762982964537,0.5244990719945517
20,-1.9173581629484446,-0.03350804411260988,0.0011227890202526096,0.25579539902128268
21,5.4975241578900969,0.099905976905151503,0.0099812042213726655,0.00068443619605636457
22,2.9542628836044638,0.054240953040624783,0.0029420809867552627,0.065716096672080754
23,1.3516420038978227,0.02482698850712458,0.00061637935833289592,0.3998602225528215
24,6.7655550937601312,0.11391249355484015,0.012976056187881498,0.00010673884278017539
25,3.5740605310007769,0.06423886754593007,0.0041266321035835479,0.029240817995796552
26,4.1039529008371254,0.0096430848880144967,9.2989086157453554e-05,0.74370612773370259
27,2.9868343925417782,0.051253940697467179,0.0026269664370194823,0.082057485553685722
28,-3.3846454287821048,-0.053293823571732915,0.002840231630894995,0.07057946905102791
29,1.2965842401467851,0.024494886134647242,0.00059999944674933364,0.40619620686941649
30,0.82155679225095413,0.01596374712153149,0.00025484122216020495,0.5883188625923832
31,2.2426436359751492,0.043896807036992537,0.0019269296680429575,0.13648543722961601
32,-1.1291386701651664,-0.022663954675720556,0.00051365484154311568,0.44218796820115014
33,4.2114541909420735,0.081535144744823942,0.0066479798285593913,0.0056228355475981253
