,Slope,R Value,R Squared,P-Value
0,0.1043407804504171,0.013079309275335134,0.00017106833111986766,0.65743050446510531
1,-0.21801836342143366,-0.027952072488311254,0.00078131835639180694,0.34319051800078781
2,-0.41320693391937496,-0.051362477949356757,0.0026381041410981593,0.081410852862804153
3,0.39212171233299625,0.051356347262867572,0.0026374744041842454,0.08144726729264512
4,0.25331365244663551,0.032927392960838547,0.00108421320719748,0.26413018705137775
5,-0.34253067147818861,-0.043856188806366325,0.0019233652966196509,0.13684896929151136
6,-0.43545000741612672,-0.055268940078703178,0.0030546557374232825,0.060753248847787378
7,-0.29369005622428973,-0.039385875300829376,0.0015512471732124814,0.18159241297015094
8,0.71413332411644859,0.092436393425733648,0.0085444868295570155,0.0016853568033155563
9,0.31004492394005945,0.040423143289627865,0.0016340305134137864,0.17035066831859924
10,0.80242081561499456,0.10362969615793503,0.010739113925785936,0.00042672517800680746
11,0.37180519223733383,0.047778841529421544,0.0022828176978935766,0.10505349006926182
12,0.62570857162196081,0.083629085586708701,0.0069938239560690492,0.0045062564085249519
13,-0.23961401873013974,-0.030793743447856636,0.00094825463553241352,0.29635248381662782
14,0.16294579770853271,0.020437831494336475,0.0004177049561908919,0.48830809866561919
15,0.49913734150951078,0.061874020732189068,0.0038283944415673627,0.035745896655933251
16,0.10380727988732601,0.013001756589871379,0.00016904567442226382,0.6593333144190463
17,0.61320943992535637,0.07652505843183699,0.0058560845679960652,0.0093676312059229501
18,-0.26920238575600919,-0.03272683743735786,0.0010710458886512479,0.2670519847161128
19,0.33693242645035471,0.0440928909738003,0.00194418303442744,0.13474095248037288
20,0.55204639273566747,0.066553498406815431,0.0044293681501859838,0.023886295703885105
21,0.078329197634087341,0.010194504153290245,0.00010392791493145206,0.72960855276319203
22,0.36178530339993181,0.045638658396795623,0.0020828871402594038,0.12158558558133295
23,-0.022798346095989123,-0.0028656696829965416,8.2120627320454988e-06,0.92260039494919699
24,0.29406322868723905,0.037342892096384611,0.0013944915901222242,0.20532498094637708
25,-0.92451453069610035,-0.11666344286854913,0.013610358901943226,7.2190157636451037e-05
26,0.23096092179597083,0.0038819934184376442,1.5069872900793186e-05,0.89528748970588856
27,-0.45804087343505484,-0.057246395766077755,0.003277149828206405,0.052077706598610149
28,0.67472713240609372,0.082729430431341261,0.0068441586594941333,0.0049587829849216357
29,-0.076933780667224852,-0.0096239182834261562,9.2619803126064258e-05,0.74419771874887553
30,-0.21180465835974571,-0.027474218388670969,0.00075483267606838605,0.35150739469352454
31,0.68763124412626209,0.086801110986693519,0.0075344328685242861,0.0031932476848588083
32,-0.080743405195882856,-0.010471740444898613,0.00010965734794532539,0.72255472560749112
33,0.48066072650476044,0.061534610115109162,0.0037865082420184947,0.036773873151264201
