,Slope,R Value,R Squared,P-Value
0,3.1470793082965183,0.033681132230022934,0.0011344186682962897,0.25334655598812156
1,8.3996446602635224,0.070797088298213462,0.0050122277115050339,0.016246058539474185
2,3.4773692318655516,0.033923712231715919,0.0011508182515802723,0.24994205799840422
3,4.6238253515193124,0.047318864743504219,0.0022390749606140464,0.10844733922363817
4,-4.1873625120983826,-0.046767217061095816,0.0021871725916396516,0.11263117972389619
5,5.5547449956182398,0.057303869257620432,0.003283733431894456,0.051841901444102688
6,2.7737854711256413,0.026187401731731227,0.00068578000945907966,0.37453147120849328
7,-5.8470603575978055,-0.064362146117296154,0.0041424858528241806,0.028931600518419788
8,-1.9979806381783296,-0.020043179415553374,0.00040172904108406251,0.49674649100744628
9,-1.6082227723282616,-0.016118985079628927,0.00025982167999729998,0.58469612809760108
10,-0.32533009495178244,-0.0035075280397322819,1.2302752949508185e-05,0.90533828195640031
11,8.9299242021902554,0.085777045991200299,0.0073577016189764911,0.0035731013986725914
12,2.5916493429427305,0.027401454834461356,0.00075083972704502564,0.35278491353561647
13,3.7739553381190025,0.037734981403246735,0.0014239288215033769,0.2006038247696782
14,-3.5588009776963316,-0.037063025985559758,0.0013736678952062779,0.20874384136314059
15,-0.40415919248622273,-0.003966665135436971,1.5734432296691203e-05,0.89301713517071368
16,0.34797307585149739,0.0035996798209189389,1.2957694813131004e-05,0.90286342493577498
17,-6.6997322571096927,-0.063501566612732777,0.0040324489622713382,0.03115008567729886
18,9.9740909031306835,0.094146318439053481,0.0088635292756276615,0.0013787135172413621
19,1.5865943238921627,0.014772031129628469,0.00021821290369471256,0.61646797559860267
20,-2.644865183826437,-0.025045520369725863,0.00062727809059035314,0.39572354927441467
21,2.7188716817488232,0.026649887893215155,0.00071021652472093571,0.36615146213320182
22,2.0615417181237188,0.020514686900937745,0.00042085237864350673,0.48667381483080463
23,0.0024006264018390277,2.523994396056907e-05,6.3705477113266714e-10,0.99931721667967532
24,13.05561518267665,0.12109179659402583,0.014663223202368925,3.7771986230814789e-05
25,-1.5364396201347044,-0.015158134484118742,0.00022976904103862974,0.60728335367690622
26,1.1134795726871038,0.011430247054634591,0.00013065054772998274,0.69835134105614149
27,-3.7247249142584113,-0.03451553923119393,0.0011913224484200872,0.24177035975698347
28,0.28681619540489545,0.0025751681903079687,6.6314912083740187e-06,0.93042561059273665
29,1.0735697148381029,0.01112750914263142,0.00012382145971934582,0.70596415853866157
30,0.94109313091047619,0.0099958204389562315,9.9916426247855151e-05,0.7346778716301261
31,-1.892679204977479,-0.020832623308854405,0.00043399819392862387,0.47994456643182626
32,-0.33114431055217014,-0.0035650097750478823,1.2709294696186953e-05,0.9037944252288852
33,-0.082612313948669622,-0.00089867835793178456,8.0762279101496865e-07,0.97569297836024615
