,Slope,R Value,R Squared,P-Value
0,0.43525680412220974,0.12589659980538664,0.01584995384255768,1.8233272141257835e-05
1,-0.041954313964207617,-0.0097228002560354656,9.4532844818763322e-05,0.74166268438373972
2,0.078114460554158327,0.020723861509969004,0.00042947843588437477,0.48224083364864401
3,0.30981427278809048,0.085812266108199642,0.0073637450146244688,0.0035593837081926813
4,0.39626583491890749,0.10632091497480764,0.011304136961080275,0.00030036544612621651
5,-0.013537076897904744,-0.0039111475978331261,1.5297075532035832e-05,0.8945056632078433
6,0.25264403519096668,0.063918912177355375,0.0040856273339364693,0.03005663803778949
7,0.51225226456657702,0.17193440325410561,0.029561439022345402,4.2772110310787508e-09
8,0.13907695504349116,0.038153362584097884,0.0014556790764736404,0.19565388630206867
9,0.0019967010369199519,0.00056803083034065026,3.2265902421748859e-07,0.9846347487141085
10,0.34823170182857066,0.1050140441986855,0.011027949478963472,0.00035657091121385395
11,-0.0028720856760787094,-0.0008394905992033314,7.0474446615076842e-07,0.97729341359786304
12,0.31327610044537402,0.090783931089253991,0.0082417221440184169,0.0020400804059088717
13,-0.013264280750338114,-0.0039142871927776782,1.5321644227543356e-05,0.89442147490243884
14,-0.18990242563271553,-0.052799075281117602,0.0027877423505411236,0.073234880857693418
15,0.036139698366882037,0.010643925277808438,0.00011329314531956943,0.71818554382238253
16,-0.071847682096380927,-0.019508844953562365,0.00038059503142213579,0.50829410784239215
17,0.42066901916332355,0.12178909552935036,0.014832583789857226,3.4039493587597434e-05
18,0.49098216715741372,0.14291270425619806,0.020424041037819533,1.1138839224694654e-06
19,0.54642941878538687,0.13064302953501841,0.017067601166087694,8.6498036048596068e-06
20,-0.074683522076177622,-0.022646550857363258,0.00051286626573514055,0.44253860549640123
21,-0.0045623188771209506,-0.0012364084924311913,1.5287059601559713e-06,0.96656282823069262
22,0.017945897043093826,0.0052502042211615878,2.7564644363902956e-05,0.85871856722109552
23,-0.09823165535779739,-0.028221351339462582,0.00079644467142538642,0.33855959851271411
24,0.17507932750124797,0.049020220334523107,0.0024029820016451928,0.096313432641660465
25,-0.046291480813477011,-0.011828115957591116,0.00013990432710622161,0.68839231812495538
26,0.78154904853105334,0.011921711202791178,0.00014212719800275666,0.68605728443011182
27,-0.16929752567379341,-0.040536204941159455,0.0016431839110316803,0.16915751668707818
28,0.41336663333601426,0.11004547671178488,0.01211000694472399,0.00018228291593050324
29,0.40325684195784828,0.13548827705736335,0.018357073219972854,3.9323255651611107e-06
30,0.075811561798164451,0.025434944054142164,0.00064693637903734185,0.38841630498564816
31,-0.041101589965410953,-0.01040739208662865,0.00010831381004482065,0.72418989319378646
32,0.23694702834759787,0.07715042851158363,0.0059521886195209759,0.0088023966785186879
33,-0.30951928545874507,-0.088675843155986978,0.0078634051594252026,0.0025916814961717228
