,Slope,R Value,R Squared,P-Value
0,-0.0023069209688173428,-0.044797248926019759,0.0020067935113397785,0.12861624510441622
1,-0.0014607431590499293,-0.027393649306716127,0.00075041202233934901,0.35292213017729801
2,0.0031738623677084782,0.065389479975624207,0.0042757840914825589,0.02646233375055701
3,0.004571693012902475,0.10079601257097449,0.010159836150208048,0.0006122136374852675
4,0.006204092625903242,0.12436841369019197,0.01546750232381473,2.305270804340049e-05
5,-0.0031988263005255542,-0.067130583629308516,0.0045065152584115847,0.02269176434442113
6,0.001933599049535306,0.050363705828716028,0.0025365028648014448,0.087519604002050722
7,0.0068600772566895082,0.1472670310930928,0.021687578446973964,5.1569731854247262e-07
8,0.0070236771826685728,0.16529433472652688,0.027322217092685109,1.6706879248982125e-08
9,-0.0056866314734601376,-0.1211040758689842,0.01466619719208068,3.77030250349299e-05
10,0.0064520426621424631,0.13042719746303202,0.017011253838060746,8.9532293644392513e-06
11,-0.0022989632825716195,-0.053286633795627612,0.0028394653412693229,0.070617485461031318
12,0.00041717016887714411,0.009923310138594427,9.847208410673094e-05,0.7365308298847979
13,0.0045070147971196248,0.089048489386080093,0.0079296334619428192,0.0024852117251001307
14,0.00030810039687094334,0.0065004349971653549,4.2255655152372147e-05,0.8255636265410391
15,0.0019521696612725932,0.042166347404014946,0.001778000853396078,0.15264363971326167
16,-0.00062234191143992451,-0.012953549712066989,0.00016779445014299075,0.66051721584512868
17,0.0053277471789665957,0.13470878489040919,0.018146456726650537,4.4723085364260194e-06
18,0.00045566419389868123,0.0097987494873639919,9.6015491516116092e-05,0.7397174736838712
19,0.006064678633110482,0.13086672959302406,0.017126100914373679,8.3456865071215177e-06
20,-0.00055993571950442242,-0.011735321740044914,0.0001377177763423708,0.69071029954611185
21,-0.0024313047296328763,-0.054984262727823516,0.0030232691477223221,0.062095505183549025
22,-0.0014304454148573015,-0.029304177178353923,0.0008587348001003589,0.32034439967316153
23,-0.0064960534446709762,-0.15471154062860629,0.023935660803676893,1.3118196766933025e-07
24,-0.0027796610332264647,-0.062488352800010034,0.0039047942356585218,0.0339474559750991
25,0.00014182296860223818,0.0029590209709539589,8.7558051065453103e-06,0.92008734962632754
26,0.0085944335232758812,0.1919048225560164,0.036827460920256141,5.1157407374226723e-11
27,0.0018429826056711918,0.031925921410817321,0.0010192644579296837,0.27894101504581237
28,0.0028849070393249989,0.055178298677918201,0.0030446446449895496,0.061177993960376209
29,0.0036651968869272026,0.087915399764016605,0.007729117515666851,0.0028219782600608476
30,0.0016111820552275437,0.035099888346796913,0.0012320021619576097,0.2338879569965
31,-0.0082415616786195578,-0.17671247318642525,0.031227298179663063,1.5517444258070555e-09
32,0.0066007552864552196,0.13316039198400598,0.017731689993334122,5.7626307743744281e-06
33,-0.00096051207716025264,-0.022188360747591555,0.00049232335266526171,0.45182678633663464
