,Slope,R Value,R Squared,P-Value
0,-0.046253477323764419,-0.011105799411546283,0.00012333878056950177,0.7065112254612872
1,0.045299465632624859,0.011199242781886788,0.00012542303888764332,0.70415761153435641
2,0.14134668174383572,0.036208397803592675,0.0013110480715032148,0.21943860067471824
3,0.020069723455198786,0.0056794605706120219,3.2256272373136636e-05,0.84730391343945932
4,0.22901077836773623,0.057348790603497471,0.0032888837836838,0.051658217603981774
5,0.029124502675165174,0.0078840170120724959,6.2157724246648529e-05,0.78923351851643309
6,0.17975475913890521,0.05014398633453665,0.0025144193655181981,0.088911837653524187
7,-0.3337704144207439,-0.090640063263950327,0.0082156210684929173,0.0020739954439491816
8,0.0429275392708783,0.011962650431883739,0.00014310500535544821,0.68503686267135588
9,-0.14158569906468976,-0.041448834532179263,0.0017180058840759762,0.15975470755779589
10,-0.138967855595344,-0.035669936238889595,0.0012723443512864493,0.22637543950368888
11,0.020867875959924176,0.0061681950062991179,3.8046629635733377e-05,0.83434660642357539
12,-0.075856852673450076,-0.02223012878051487,0.00049417862559827551,0.45097555370961662
13,0.12217167779425231,0.032280282470583399,0.0010420166363806539,0.27363714199835648
14,-0.012339300963412424,-0.0034548297723450867,1.1935848755882004e-05,0.90675397743203012
15,0.014779278441087723,0.0041455066929142271,1.7185225740996651e-05,0.88822464609254603
16,-0.14671951293778662,-0.040083478104853222,0.0016066852169822475,0.17397306741566657
17,0.0289511650496161,0.0083486542333212968,6.9700027507553608e-05,0.7771308189597973
18,0.13275450250068813,0.035168426841980654,0.0012368182465397454,0.23297548530931775
19,-0.095656000277628397,-0.024158083252582271,0.00058361298643869598,0.41268261963046105
20,-0.058939845047011115,-0.01723483950384749,0.00029703969272338199,0.55896588806516179
21,0.10650444545675185,0.028813838257841555,0.00083023727514905366,0.32851208705265167
22,-0.044122277743256992,-0.012053768859955811,0.00014529334372924042,0.68276777187469861
23,0.13439327556451627,0.037130564396512362,0.0013786788124035515,0.20791504076279216
24,0.07883098926701243,0.021668615645487478,0.00046952890399186474,0.46249478066291039
25,-0.050144228564225145,-0.013976864428059465,0.00019535273924035403,0.63557217970797053
26,-0.21514622873829001,-0.0031386938904688164,9.8513993380662746e-06,0.91525276370068653
27,-0.0064692161366977415,-0.0015520930291269234,2.4089927710643888e-06,0.95803258884607811
28,-0.15399427482709296,-0.039690121516281172,0.0015753057459771656,0.17823951208428992
29,-0.066603697747137577,-0.019906478048307672,0.00039626786828775523,0.49968741764720281
30,-0.10709407810970936,-0.030406057100758194,0.00092452830841456774,0.30247806001985217
31,0.20653014148777143,0.052633882192786807,0.0027703255546841603,0.074139474269092884
32,0.20338579065300827,0.054937405375952028,0.0030181185094416826,0.062318769436850982
33,0.04471037991470047,0.012745653044984359,0.00016245167154311905,0.66563259649485196
