,Slope,R Value,R Squared,P-Value
0,0.5295206323202335,0.079396153790824209,0.0063037492367762097,0.0070151042803522842
1,0.53933240946100813,0.064571745948364442,0.0041695103748201198,0.028412316759716061
2,-0.20989180687807688,-0.026671592986819568,0.00071137387245456276,0.36576106856564294
3,0.25921324452257766,0.033328782224055963,0.0011108077245385486,0.25834885301065247
4,1.0796538635517638,0.15068782426252361,0.0227068203809732,2.7719308808188134e-07
5,-0.0036468995251377769,-0.00051108553319028456,2.6120842223639746e-07,0.9861749581984719
6,0.25813304118947633,0.029382284442073803,0.00086331863903493225,0.31905569667259182
7,0.4664572989108795,0.07670932001997402,0.0058843197779267871,0.0091978185376700057
8,-0.0075350889784937605,-0.00095906832364392295,9.1981204941716452e-07,0.97406013624839027
9,0.73812321234742473,0.094651169112721367,0.0089588438144049785,0.0012985381705745487
10,0.099372936694715155,0.01521901892964396,0.00023161853718086118,0.60584062070783085
11,-0.5117685678577758,-0.064882745389836682,0.0042097706493223735,0.027656599606816414
12,0.45320238004178326,0.06007710734357688,0.0036092588267716591,0.041478717473620891
13,0.25648006716202315,0.036945408578449648,0.0013649632150285809,0.21019289147403866
14,0.70852846933461588,0.088547666052836094,0.0078406891634045812,0.0026292553499744297
15,0.82881069169226729,0.11045430256554031,0.012200152955239926,0.00017239410710671491
16,-0.28609562110519327,-0.035257616868757911,0.0012430995472641224,0.23179185401183786
17,0.91012980253606512,0.11384209518801901,0.012960022636797981,0.00010780023688176463
18,-0.10491394942067354,-0.014130854130981937,0.00019968103847108927,0.63185302297745805
19,0.52502026647027966,0.065270817821211635,0.0042602796590497987,0.026737931319938547
20,0.6496758099362766,0.085076180976291382,0.0072379565695106837,0.0038562574303595254
21,1.0823579700560138,0.14070584369275474,0.01979813444928993,1.6316209988131657e-06
22,0.63486734715820281,0.086819557330995084,0.0075376355351499426,0.0031867558123121701
23,0.18722827247981072,0.024460290918766912,0.00059830583183071112,0.4068596537156115
24,0.1648560235096061,0.021093663452193465,0.00044494263783440236,0.47445765514859839
25,-0.10886308996075637,-0.013037992993677971,0.00016998926130319588,0.65844395364490171
26,0.26816775368031009,0.0047201441368796915,2.2279760672919728e-05,0.87285431220026921
27,-0.53141505426840019,-0.067789998138082286,0.0045954838475612001,0.021390596625872744
28,0.33856627635540043,0.042750712488848867,0.0018276234183042185,0.14703202201096496
29,0.16577414568519172,0.023729237417809836,0.00056307670843078639,0.42102977787122497
30,0.25865617532659479,0.039840060701042491,0.0015872304366627503,0.17660415330907203
31,0.70510973426339407,0.087752659632639965,0.0077005292726019595,0.0028736256485768024
32,0.31931067585829215,0.049336872695677138,0.0024341270073894522,0.094179662778916234
33,0.77515802622462349,0.099915227397529283,0.0099830526658999854,0.00068364649773506388
