,Slope,R Value,R Squared,P-Value
0,0.0023397365143504817,0.054346481148413922,0.0029535400132149098,0.065191731656154064
1,-0.0028075659586484759,-0.049166701204443893,0.0024173645073270644,0.095321613954007955
2,-0.00065157425175071037,-0.013723307960704569,0.00018832918138433739,0.64171608566872296
3,0.00464603140239015,0.10056282245289301,0.010112881259692083,0.00063041836492799873
4,0.0016231728611823904,0.03493747094156429,0.0012206268757926492,0.23606035580351614
5,-0.004279256185952803,-0.09829613000152751,0.0096621291732771966,0.00083551661945541135
6,-0.0015113355799461236,-0.035302973627938147,0.0012462999469748963,0.23119156768789301
7,0.0061107438301071012,0.16086278508598836,0.025876835625620879,4.0255938193067337e-08
8,0.00078376844763767672,0.018137552035872813,0.00032897079385399403,0.53856052884705397
9,-0.0025294970743119536,-0.052982143052723342,0.0028071074824592402,0.072242960689708924
10,0.0052533229177270241,0.12593357253094931,0.015859264690407871,1.8129496967577261e-05
11,-0.0052471652360473993,-0.11999038196621914,0.014397691764399168,4.4468194424953481e-05
12,0.0016551200170726327,0.039048503865664691,0.0015247856541468303,0.18536476470118254
13,-0.0027241522622339252,-0.06032891873704687,0.0036395784359812048,0.040631249173434157
14,-0.0072438993093054517,-0.15228275696170721,0.023190038067858385,2.065389778511272e-07
15,-0.0031380966365331174,-0.072870836145347812,0.0053101587605221294,0.013363860769616879
16,-0.0059817183019359697,-0.12250483424808484,0.01500743441415074,3.0573738568891572e-05
17,0.004924503045638331,0.12480139149432629,0.015575387318920098,2.1576549376220583e-05
18,-0.00088698705604096082,-0.021132606982700891,0.00044658707788529844,0.47364204487411354
19,0.00047803606752584927,0.0097993967909259776,9.6028177466010348e-05,0.73970090207740824
20,1.3725778249171235e-05,0.00031247104743590713,9.7638155485692924e-08,0.99154728473271236
21,-0.00038142826518437376,-0.008616098787039235,7.4237158308018971e-05,0.77018873144969791
22,3.3021758587156634e-06,7.3334961347727931e-05,5.3780165558727496e-09,0.99801616663401704
23,-0.00078864469102135691,-0.019521892038396375,0.00038110426875880379,0.50801047934530419
24,0.0023988406060509297,0.05433611628087081,0.0029524135324883139,0.065243081176481088
25,-0.0048575138548930877,-0.096188811393552065,0.0092522874373043313,0.0010800680055662755
26,0.0003729648059191985,0.008721052489021875,7.6056756516274638e-05,0.76746941910986766
27,-0.0015192592195133899,-0.026862222291450973,0.00072157898643532552,0.36234351365921413
28,0.0027214630450661526,0.053605175711084412,0.0028735148630162342,0.068949189376837347
29,0.0018825994541201868,0.051672289653384294,0.0026700255180232457,0.079587778842958284
30,-0.0021571920600989346,-0.055802959639268887,0.0031139703045018723,0.058300102542560336
31,-0.0049656609511854128,-0.10497083471660212,0.011018876141100201,0.00035858716009170525
32,0.0010958894182026139,0.026338712179137466,0.00069372775925544421,0.37177686091021123
33,-0.0066033006423940896,-0.15358332912803799,0.023587838986051241,1.6211589328024956e-07
