,Slope,R Value,R Squared,P-Value
0,0.0016475591138764049,0.00011488233647529694,1.3197951234023343e-08,0.99689224529370701
1,-0.31871283852813592,-0.021955107230348866,0.00048202673349611707,0.45659714052374722
2,-0.72682863297599076,-0.050646410766230783,0.0025650589235017775,0.085754166669602394
3,0.50899643775669789,0.035861822073417059,0.0012860702824254229,0.22388572948023469
4,0.38223650533083969,0.029165843870116441,0.00085064644865600876,0.3226351082180603
5,0.096949171069419027,0.0070132748528058267,4.9186024160998593e-05,0.81204944430107728
6,-0.49887600990882691,-0.034488830982499503,0.0011894794625394176,0.24213504158639537
7,-0.34888490380589693,-0.025311490852007866,0.00064067156915127786,0.39072387781859985
8,-0.74423305409310803,-0.053469535478544182,0.0028589912242912951,0.069655580432311959
9,0.40782352498021335,0.028509534049112734,0.00081279353169751828,0.33364817596559915
10,0.091481059412571106,0.0068508784595108846,4.6934535666990231e-05,0.81632301683081177
11,0.11462045482828989,0.0082561881885980497,6.8164643405545943e-05,0.77953514205537189
12,0.37892540419539705,0.02771480345904653,0.00076811033077357749,0.34730428288512927
13,-0.40973267714894168,-0.029279170627531818,0.00085726983263612196,0.32075770352813948
14,0.68305096438909707,0.046326826232083049,0.0021461748287376183,0.11606158675954435
15,-0.64866394388784454,-0.044618981336060494,0.0019908534954677145,0.13014555103892658
16,0.24932772314559726,0.017158040311602257,0.00029439834733456809,0.56071905100332098
17,-0.59525479732542641,-0.040107775309590032,0.0016086336402845599,0.17371205389518829
18,-0.47318620179901549,-0.032593827492365363,0.0010623575906020721,0.26900194230670704
19,0.96813205809889025,0.070211586965653577,0.0049296669442355353,0.017152844478656275
20,-0.15888393194783329,-0.010871586724423265,0.00011819139790665619,0.71242276606026345
21,-1.0030793251625119,-0.070212733398840696,0.00492982793133668,0.01715102648667553
22,0.09565197391049228,0.0066202900162987653,4.3828239899905105e-05,0.82240046433651015
23,0.1841380828403236,0.013242284627673146,0.0001753581021603085,0.65343901939347293
24,-0.26429926429780348,-0.018288850315467595,0.00033448204586157917,0.53517737660557352
25,0.21068237602537587,0.015108692332848469,0.00022827258400867412,0.60845607290097903
26,-0.28494494963689276,-0.020955705077155311,0.00043914157528071292,0.4773531632760275
27,0.081810206435456861,0.0056469924691016637,3.1888523946090904e-05,0.84816620912374818
28,0.40441489701094363,0.028190716103915558,0.00079471647445156397,0.33908441876695827
29,0.18420427092663313,0.012868733671008395,0.0001656043062953452,0.6626022528658807
30,0.11011591086212937,0.0078457617520236306,6.155597746951691e-05,0.79023228814457125
31,-0.13270093120344292,-0.0093469625512705799,8.7365708934854629e-05,0.7513126944769255
32,-0.91241525443364868,-0.062728686176112103,0.003934888069381158,0.033265213744929752
33,-0.081585451043145227,-0.0058794540726823776,3.4567980192781396e-05,0.84199650064920883
