,Slope,R Value,R Squared,P-Value
0,1.1399278706967586,0.058737460952590158,0.0034500893191570536,0.047299040829166611
1,0.27183216328319987,0.012921281873097077,0.00016695952524402712,0.66283397646941666
2,0.2415050805748688,0.01404977515836813,0.0001973961820006982,0.63543841240215937
3,0.82515450741646501,0.040632405366344999,0.0016509923658549819,0.17019686175666454
4,0.90545764172617771,0.05217128526962022,0.0027218430066840919,0.078146059506881915
5,-2.4166124005620775,-0.11783764199296708,0.013885709870462677,6.6088102063744698e-05
6,-0.82983272192235702,-0.042053979907376346,0.0017685372260500135,0.15572433414432973
7,-1.7842438161234668,-0.10590326244589933,0.011215500996685031,0.00033910654281175338
8,-1.548733359406639,-0.086155151359574592,0.0074227101057912073,0.0035862267537382529
9,0.56329320200252087,0.031449816998428366,0.00098909098923463386,0.28849370301214111
10,0.78830885704254483,0.043517657217140682,0.0018937864896685565,0.14181807148357087
11,0.48756719802530257,0.027160874376034889,0.00073771309687074859,0.35934060221333586
12,-0.2248214379203389,-0.013360695567790737,0.00017850818605518305,0.652110444266087
13,-2.5665816113771118,-0.14401862545672825,0.020741364478445375,1.0347331595953874e-06
14,1.1888628566324488,0.062961637806104601,0.0039641678352271004,0.033458262404382856
15,-1.3035192771658666,-0.067984186866407573,0.0046218496638866235,0.021644043818401432
16,-0.60437470693665352,-0.029457598610526541,0.00086775011589889522,0.32014291811649243
17,0.61379126827727337,0.030721248018747351,0.00094379507982938799,0.29981469403528044
18,-3.6222695240128799,-0.15963620453716948,0.025483717799033009,5.9202747534771915e-08
19,0.74420948757483274,0.041537722254894868,0.0017253823701247884,0.16086831927120332
20,-1.279656095084454,-0.065665373350386205,0.0043119412572456108,0.026551191866195412
21,-2.6227539797668866,-0.13811501509774773,0.019075757395451084,2.8313520260868323e-06
22,-1.0478637288093575,-0.048586133777721752,0.0023606123954666744,0.10093325602313481
23,-1.1356438687385877,-0.065956512658855923,0.0043502615621178213,0.025886586581043741
24,-1.6526388171602453,-0.078799835226929932,0.0062094140317913073,0.0077452127612351596
25,-1.2410538920884382,-0.063994126641781765,0.0040952482446444029,0.030657948982954566
26,-0.1426382071096606,-0.0074571682714483986,5.5609358628696695e-05,0.80133418824205238
27,-1.6430770601513283,-0.082612467477900395,0.0068248197827871504,0.0052341859338544414
28,-1.4271087426663762,-0.072382448760621484,0.0052392188885839949,0.014464631833679305
29,-0.33793489144164174,-0.018931690542343109,0.00035840890679104351,0.52292438542969455
30,-0.82952867110114636,-0.041890793908561631,0.0017548386142895844,0.15733666321781584
31,-2.3671429760455194,-0.11776426083737107,0.013868421130572369,6.678875095744793e-05
32,-1.6686466543973182,-0.092481430897488129,0.0085528150608468727,0.0017649095324816153
33,-2.3650472188005676,-0.13912854661144403,0.019356752482212754,2.3889021743688483e-06
