,Slope,R Value,R Squared,P-Value
0,-0.31500133834767136,-0.039426774902038324,0.0015544705791759991,0.18324081354620128
1,-0.19818846480778851,-0.023397644582466463,0.00054744977200742216,0.42977097283423982
2,-0.095535820320903658,-0.014462251485467986,0.00020915671802892096,0.62554559232421925
3,0.19211657358520257,0.027616127551601918,0.0007626505009463465,0.35134069313156091
4,2.4656230001242712,0.30699047193882967,0.094243149861225367,2.5176503622654477e-26
5,0.45297205241052613,0.062162964623115095,0.0038642341707346589,0.035771724188909781
6,0.61258972120399446,0.096280981805723267,0.0092700274574740154,0.0011289498093282652
7,-1.5853117926077629,-0.2499265034004437,0.062463257101971995,1.0412839567171816e-17
8,-0.2923969285293313,-0.046158133499109875,0.0021305732881216491,0.11916618455616286
9,-0.17266100890170422,-0.031776567524345621,0.0010097502436292969,0.28351113727829635
10,-0.85761512581783161,-0.11429650976811741,0.013063692145173358,0.00010917474919070568
11,0.24722286041002231,0.045485876316789839,0.0020689649443063028,0.12464532490931084
12,0.78214178481952845,0.13757467592915035,0.01892679145701074,3.0983019835801893e-06
13,0.59292741574441554,0.084451151280120262,0.0071319969525377586,0.0043087883628465133
14,0.12803923323729879,0.02124877705307052,0.00045151052625109632,0.47334317124018666
15,0.36288323704296166,0.060900001769889779,0.0037088102155725783,0.039707695737919733
16,-0.40462925478570916,-0.057892420314677555,0.0033515323298912904,0.050579931745539972
17,-0.80049753255714884,-0.13463093268830029,0.018125488036521642,5.031672952270349e-06
18,0.97217961270864106,0.12453985527012806,0.015510175550704445,2.4580644500432873e-05
19,0.30715095665091385,0.041148711598364057,0.0016932164662053406,0.16482835780073349
20,-0.25785768195769238,-0.045607717509476363,0.0020800638964241966,0.12363797605244635
21,0.38169785964362718,0.05849453209144858,0.0034216102845975077,0.048223384062550868
22,-0.68898902350783253,-0.095798057111988619,0.0091772677464318324,0.00119596818420104
23,0.89450691332269228,0.1448944350862425,0.020994397318961341,8.8810552084691662e-07
24,0.32575473779139386,0.049259050686238995,0.0024264540745094626,0.096293992813689208
25,0.021588196123823358,0.0031931617448490396,1.0196281928767363e-05,0.91419965749980459
26,-2.7343272079254075,-0.051806365179603499,0.002683899473122434,0.080255103426828678
27,0.26403536993542154,0.031470318835507362,0.00099038096760848933,0.28817935107917481
28,-0.4962132370856786,-0.066555399349713815,0.0044296211825998856,0.024564510733920328
29,-0.17455978890565665,-0.034557388106091338,0.0011942130727150232,0.2434639682367373
30,-0.19189456121197582,-0.030463706726166766,0.00092803742749789824,0.30388638762885523
31,1.3137441000703385,0.16973318973288426,0.028809355696899287,7.974864412206036e-09
32,0.082364809273961503,0.014264403950670383,0.00020347322006790083,0.63028250481518522
33,0.18384780965849723,0.031630075712062528,0.0010004616895508077,0.2857377233439386
