,Slope,R Value,R Squared,P-Value
0,0.0033395065627170972,0.07121214190939601,0.0050711691553239555,0.01613394787979381
1,-0.005006264519975101,-0.078461933765432562,0.0061562750502111262,0.0080129182542303251
2,-0.00034591435395446021,-0.0066684937446409073,4.4468808822314912e-05,0.82197258492892344
3,0.0044221030614586751,0.087711913743393405,0.0076933798125284848,0.0030242455989912625
4,0.0043040310273670095,0.083859314005012189,0.0070323845453912339,0.0045890692347287645
5,-0.0053867450881944943,-0.11264122304406701,0.012688045128863254,0.00013737738327052556
6,-0.0013804390001832256,-0.032753542186502775,0.0010727945257630171,0.26896217188327831
7,0.0063207843079789924,0.15637012023340702,0.024451614501810166,1.1030204487236985e-07
8,-9.1020008020011419e-05,-0.0020316962661620541,4.1277897179368324e-06,0.94534551881566431
9,-0.0041461752260463069,-0.08190931549351603,0.0067091359646163449,0.0056330586668163225
10,0.0047420509267486217,0.10448835098715603,0.01091781549201511,0.00040732446274100142
11,-0.0073021734623761238,-0.15589472106150867,0.024303164054845595,1.2063073665229622e-07
12,0.0014388247173582436,0.032002282713034423,0.001024146098844982,0.28010343154611489
13,-0.0045437116337335567,-0.091794935211347906,0.0084263101304555589,0.0019100767419095706
14,-0.0099009443231186187,-0.19445526861811435,0.037812851493343007,3.4824123375063824e-11
15,-0.0032705476195124057,-0.073525793022396257,0.0054060422395722542,0.012982613066948921
16,-0.006777452615845417,-0.1268371421138019,0.01608766061959678,1.7307669246174523e-05
17,0.0059115559852781297,0.14629197068800837,0.021401340687781097,6.9463520121419196e-07
18,-0.0018412097041224955,-0.039949667357984719,0.0015959759220136299,0.17749546043494008
19,-1.8978889325333492e-05,-0.00036251513085396118,1.314172200980646e-07,0.99024062687137437
20,-4.0580074294346817e-06,-8.7670629066231498e-05,7.6861392008687546e-09,0.99763973867513256
21,-0.0016746942615283825,-0.035456270013571607,0.0012571470832752972,0.2314118305268982
22,0.00015484905673850854,0.0032511329279114251,1.0569865314949916e-05,0.9126481447618332
23,-0.0032912707978963876,-0.076613133722632273,0.0058695722588019347,0.0096294082622958056
24,0.0025411275331983065,0.054709955088407335,0.0029931791857755476,0.064690810944380256
25,-0.0062455454660900684,-0.11556754378890315,0.013355857177400047,9.132370217854951e-05
26,0.001819370968694385,0.03839136187529197,0.0014738966666396217,0.19502155417919739
27,-0.0034186742919829613,-0.05426736211374366,0.0029449465907841806,0.066888627750642748
28,0.0031000638063203583,0.057078618379344748,0.0032579686760948719,0.053917436233175506
29,0.0021808974549626056,0.057430102202640887,0.0032982166390057776,0.05245408770310115
30,-0.0034455476155090831,-0.082302821073216875,0.0067737543566099515,0.0054065867861990344
31,-0.007364751762545702,-0.1452972292831502,0.021111284837360321,8.2758346644544306e-07
32,0.0020263705468802681,0.045092508960459229,0.002033334364349096,0.12794124871305748
33,-0.0090941844595965118,-0.19840308158552505,0.039363782782632507,1.3630799365509493e-11
