,Slope,R Value,R Squared,P-Value
0,0.64453137793107107,0.14803768941626733,0.021915157487707226,5.0940280044237687e-07
1,0.53560830824132277,0.10522282512019632,0.011071842926275418,0.00037045814530085186
2,-0.2574517121280801,-0.047912492633258121,0.0022956069503320136,0.10575391753304479
3,0.34198265755998214,0.072793176794277228,0.0052988465878029004,0.013915920063799219
4,1.2236779536222568,0.25883055503228342,0.066993256218319891,6.3797361726321448e-19
5,0.12960268384356932,0.027667142843601524,0.00076547079312825098,0.35045130528007595
6,0.017090459286228803,0.002933448931919512,8.6051226361797264e-06,0.92115441122437858
7,0.28305953839513487,0.079461563684397149,0.0063141401031695035,0.0072440273792980011
8,-0.029136368172631856,-0.0059424004684262618,3.5312123327152652e-05,0.84108309111555357
9,0.50439770587545363,0.10193188309549865,0.010390108791394403,0.00056405024949196427
10,0.27888745030716944,0.063982117126107727,0.0040937113119389676,0.030689328372899092
11,-0.51771561272225164,-0.10093417517671713,0.01018770771860422,0.00063920254035511564
12,0.64890521206305007,0.13878015911531827,0.019259932564073056,2.5329300410511997e-06
13,0.16485081161046478,0.039071556203341171,0.0015265865041508479,0.18722159127855509
14,0.8169885152129418,0.15705666991033981,0.024666797563325439,9.6880506700321878e-08
15,0.90313531128125868,0.18891445510703944,0.035688671348389621,1.2569397916728832e-10
16,-0.21634899277127137,-0.038905572865977123,0.0015136436000298553,0.1891034053333
17,1.0812791732364742,0.21399274345938168,0.045792894253272744,2.7674015173867955e-13
18,0.37991942998759826,0.072210103690154862,0.0052142990749429168,0.014700493864556567
19,0.58194963591585847,0.11085014870764667,0.012287755468507381,0.00017554381505278057
20,0.56295788271628489,0.11579655610081671,0.013408842404809591,8.8415510334999791e-05
21,0.85342107330762473,0.16960729654389764,0.028766635040929633,8.182907643803336e-09
22,0.63782425539480891,0.13496380212832212,0.018215227884932888,4.7656131340880933e-06
23,0.054527550677524905,0.01053642631377872,0.00011101627946568862,0.72219522639534728
24,0.16647134029919547,0.032732279897826608,0.0010714021473096638,0.26927325569678717
25,-0.34909034487049456,-0.068664167299162623,0.0047147678708873934,0.020363526087974235
26,0.17833430935928635,0.0086729722896524211,7.5220448337078754e-05,0.76979271188178222
27,-0.82387387908154264,-0.16338093607850598,0.026693330273888857,2.8554219865649682e-08
28,0.44770239796151634,0.082952779407952315,0.0068811636115043975,0.0050504457649430019
29,0.2620837366186613,0.059131663981778042,0.0034965536852539065,0.045830783038854468
30,0.15563080331895801,0.036438748158381461,0.0013277823673499482,0.21872984732088516
31,0.59935331410604809,0.11126188086448302,0.012379206133502412,0.0001659773344529034
32,0.24665562516799511,0.05597913972314239,0.0031336640841430983,0.058716262040090714
33,0.75093915310545956,0.1479092563422226,0.021877148111709318,5.2122359859227543e-07
