,Slope,R Value,R Squared,P-Value
0,0.14725629520601835,0.018681494258926068,0.00034899822774628764,0.52843305799062901
1,0.1012213330935894,0.01291404486126704,0.00016677255467881764,0.66301117651137709
2,-0.14913478220587109,-0.019699711446610039,0.00038807863107969857,0.50620041790500947
3,0.094815210857718144,0.012793325809163666,0.00016366918525941316,0.66596978338698087
4,0.6461804559490858,0.097254057119761983,0.0094583516262539257,0.0010043189618015418
5,0.71005242663337631,0.091512395093814161,0.0083745184558063415,0.0019729423822799422
6,0.69681874702776014,0.089794821998610858,0.0080631100577622083,0.0023976979281938367
7,0.41871736138588711,0.059179760508820567,0.0035022440538813584,0.045654294576981475
8,0.8627009803689879,0.11922871954849189,0.014215487565172932,5.4050294625685007e-05
9,0.89465847363677575,0.11455397340123448,0.013122612822010736,0.00010531246417059249
10,0.078790663054440588,0.010940245591800089,0.00011968897360890129,0.71201355665993116
11,0.12994411421150209,0.017419319393597164,0.00030343268813615029,0.5566655534053595
12,1.6401824752766114,0.23043890666738831,0.053102089706061298,3.2294956230091077e-15
13,0.38962839401447358,0.053880240368339029,0.0029030803021499905,0.068860980942610228
14,1.1126340660819631,0.14010223842086947,0.019628637210538154,2.0268129279821485e-06
15,1.6648182160494251,0.20354963147465402,0.041432452473467461,3.8963060821327358e-12
16,0.12524338637873184,0.016243655547529538,0.00026385634554678712,0.58360663685302427
17,1.1891713105541344,0.15068102371566067,0.022704770907999491,3.1632648177782381e-07
18,-0.37008263277560555,-0.044633651378515049,0.0019921628353788182,0.13187097172345855
19,0.71636528497437579,0.09874642086130013,0.0097508556329170097,0.00083767892167794578
20,1.3425335903087627,0.15694696617162063,0.02463235019047583,9.8913712256032181e-08
21,1.2584981596967879,0.160479945923412,0.02575381304358124,5.0307037602647111e-08
22,1.3272671085147867,0.16481726103235811,0.027164729534208471,2.1491479979447346e-08
23,1.0721541439330717,0.1463603872625385,0.021421362959640242,6.8628937705227517e-07
24,0.30950021680264744,0.03951745650992082,0.0015616293690134833,0.18223469416148008
25,-0.070258519955324172,-0.0092432730578610768,8.5438096822180459e-05,0.75512404166322611
26,0.45115273816271184,0.062598422909173848,0.0039185625507157816,0.034494015571346626
27,-0.53400349217068221,-0.066788338164648603,0.0044606821147954575,0.024066294495883177
28,0.74511619917503935,0.097079156809604231,0.0094243626868637277,0.0010257377193340267
29,0.93634342926889702,0.11923961044520072,0.01421808469912322,5.396480630811957e-05
30,0.56084598794124962,0.071743218508077952,0.0051470894018978185,0.015356537522442256
31,1.1786678708462286,0.1571022751542227,0.024681124858633101,9.6047219315196643e-08
32,0.66875565662665604,0.081542900116158404,0.0066492445593537858,0.0058515866680320643
33,0.68206360747857642,0.095223352057294403,0.0090674867770274333,0.0012804997232043292
