,Slope,R Value,R Squared,P-Value
0,0.41905518167090006,0.11450492483528081,0.013111377811533308,0.00010603818091679868
1,0.18411208940376045,0.043751591276329854,0.0019142017392110226,0.13968665978260611
2,-0.24043057335983437,-0.054408068849340456,0.0029602379559145711,0.066183348809518025
3,0.17489045614812265,0.04468575503293247,0.0019968167028632496,0.13142010215429506
4,1.1435751149974172,0.29093801414004983,0.084644928071755832,1.0740689668387883e-23
5,-0.31795367815099618,-0.082636091589383259,0.0068287236331689384,0.0052212386952896128
6,0.18837181216279378,0.038055163292628966,0.0014481954532286551,0.19896358663770344
7,0.087945855088945674,0.029539487284602064,0.00087258130903716704,0.31879892658928416
8,-0.20886884829755326,-0.051381964611517818,0.0026401062873392693,0.082765752077100338
9,0.22041611548066298,0.05263486745801052,0.0027704292723223349,0.075532019436760703
10,0.10904859155614632,0.030120132142709553,0.00090722236029428514,0.3093751127646539
11,-0.48276877997905493,-0.11220299835898227,0.012589512840745779,0.00014591847092286324
12,0.43002343924723374,0.10901505158244176,0.011884281471522439,0.00022482777634569314
13,0.098173610038680817,0.027878844679384528,0.00077722998065724697,0.34677580257029617
14,0.54298964300920305,0.12430470474535443,0.01545165962182974,2.5470661057034337e-05
15,0.6395314229209238,0.15475838589088695,0.023950158003552675,1.4924675652447301e-07
16,0.11077747792753286,0.024110347298036485,0.00058130884683193519,0.41585030520538491
17,0.71669041489932883,0.16858011355358424,0.028419254685739356,1.0089061410374373e-08
18,0.52916720180297661,0.12043474175659186,0.01450452702197697,4.5322838875704799e-05
19,0.10349976787550461,0.023897690292774592,0.00057109960132937295,0.4199758851452553
20,0.52784477177782663,0.12808332662307717,0.01640533855883387,1.4272249542599668e-05
21,0.52984964826502556,0.12513661122246791,0.015659171468243083,2.2452733656526814e-05
22,0.5989034389917941,0.14812694374404403,0.021941591462951184,5.0134046888707581e-07
23,-0.20537215940319192,-0.048069261565897393,0.0023106539074906605,0.10461608466625108
24,0.14787644411640619,0.033993713761133276,0.0011555725752738619,0.2512427096319344
25,-0.23983404358187177,-0.056168791558824559,0.0031549331451786811,0.05786408722593378
26,0.41073226434702059,0.02469194181830334,0.00060969199075847731,0.40469003191090014
27,-0.78087220885711117,-0.18613262981099504,0.034645355880356922,2.3600341734365215e-10
28,0.2713380579215327,0.059494758479541242,0.0035396262865389446,0.044512504095372413
29,0.10245825048237185,0.027688737465481575,0.00076666618243236299,0.35007525996209587
30,0.16551629211358448,0.04692056837395879,0.002201539736535342,0.11318218932086832
31,0.038889618942696345,0.0086386448072259935,7.4626184105412624e-05,0.77067833636242844
32,0.25136136701094353,0.067939116250223947,0.0046157235168614438,0.021731340327656296
33,0.16413042467564001,0.038993242695163272,0.0015204729758839038,0.18810773240040626
