,Slope,R Value,R Squared,P-Value
001,0.013973125509605768,0.10605775308873001,0.011248246990230021,0.00033234235645688816
002,-0.012988753260120603,-0.086694985290368565,0.0075160204744972219,0.0033814177144693338
009,-0.0164174606898622,-0.12525982376996883,0.015690023450883647,2.2035753929077251e-05
010,-0.0077384735122001391,-0.049982913864509433,0.0024982916783869691,0.091495396529224185
011,0.0057538020306017691,0.063672433964176267,0.0040541788469223876,0.031508057934708227
012,-0.0096532960078562578,-0.072523622945668637,0.0052596758851655148,0.014273918228596142
013,-0.0031474331204507104,-0.024631133836660199,0.00060669275407946698,0.40584843897234257
014,0.0044657242715056148,0.038492056521349731,0.0014816384152427824,0.19385208604758952
015,0.014592947125595937,0.12517337628995981,0.015668374131827874,2.2327533554795301e-05
016,-0.0089566889099280522,-0.066652913892052301,0.0044426109303013391,0.024354868069586595
017,-0.014948989584953321,-0.12511515543671278,0.015653802119952799,2.2526107432944838e-05
018,-0.010251593207941357,-0.073428466498149575,0.0053917396922698747,0.01310332809081175
019,0.0050260480305791173,0.035895084770960622,0.0012884571107144491,0.2256845155942904
020,0.0005443537920508789,0.0045565531710752777,2.076217680083617e-05,0.87780961968045546
021,-0.0020291746987784543,-0.014377707878352667,0.00020671848383524433,0.62756788177322687
022,-0.016424503458100113,-0.11587123608124876,0.013426143350996485,8.748620833628683e-05
023,-0.015626131913687086,-0.13402962728960033,0.017963940991389177,5.548699911147278e-06
024,-0.00049416537292380303,-0.0031287806161880787,9.789268144234253e-06,0.91592310542209532
025,-0.0047473512643939012,-0.038584838712805165,0.0014887897784931882,0.19277907234583669
026,0.0018542724622665947,0.013390194890449351,0.0001792973192042159,0.65139307249327771
027,-0.0044356555049206506,-0.03294322817546675,0.0010852562826208663,0.26619782265177172
028,-0.0067019243015996044,-0.052428544442485979,0.0027487522723577272,0.076686492742119153
029,0.0037418546772989918,0.027246565433748021,0.00074237532793551249,0.35782613237076277
030,-0.0094101469935558742,-0.081337959934755941,0.0066158637263479623,0.0059771126151905839
031,-0.017727072468071248,-0.13863534182935192,0.019219758004141253,2.5952170019529336e-06
032,0.0049202288830446647,0.046160974710063085,0.0021308355861830836,0.11914343433838977
033,-0.0013037149996891172,-0.011032497179572035,0.0001217159940172649,0.7096946780482456
034,0.0039371542755282192,0.03033045975951883,0.00091993678922379103,0.30600733789196888
035,-0.018903477923477945,-0.14319534695857747,0.020504907390587381,1.1935901655969616e-06
101,-0.0055549474396992945,-0.043020622273705365,0.0018507739408168342,0.14642935684695371
102,-0.011615970122204954,-0.082990282139078525,0.006887386929523856,0.005030557847364738
103,-0.015991275215390659,-0.12459787934273721,0.015524631536707299,2.4365619609687798e-05
104,-0.029277501788852734,-0.20268594346592148,0.041081591678670717,4.8188255598440033e-12
105,-0.011018954258499036,-0.09461672287083224,0.0089523242468158692,0.0013756760053012882
