,Slope,R Value,R Squared,P-Value
0,0.047840229576507146,0.16571650322121462,0.027461959439866835,1.7966237906528171e-08
1,0.031103131255069517,0.11159422228868507,0.012453270448216456,0.00015861503187273031
2,0.082346996766367322,0.28584538708559287,0.081707585318112425,6.7756668125693619e-23
3,0.030645636700089969,0.12877091915617114,0.016581949620325165,1.2821917565947454e-05
4,0.06618507608456016,0.20028312875235085,0.040113331662830751,8.660264002645383e-12
5,0.097920484498967314,0.34929248671052465,0.12200524127242204,4.4294180797989162e-34
6,0.097747832183289404,0.33026361225075723,0.10907405357691852,1.9340248674382243e-30
7,0.1185277993855752,0.42538974099299787,0.18095643174208981,2.3519535001845279e-51
8,0.026867754404742161,0.087650452401510939,0.0076826018061895351,0.0030448157786441797
9,0.026178961834316405,0.096346185126183814,0.0092825873883688841,0.0011201716887436881
10,0.03467146071969452,0.11680111026962577,0.013642499360217277,7.6660579194912397e-05
11,0.011339148195239084,0.042999670588307233,0.0018489716707029342,0.14662622509480433
12,0.041958781222922577,0.15515424639489209,0.024072840174366884,1.3860385485540787e-07
13,0.063723950494238665,0.21110465924666449,0.04456517715565033,5.831538325156051e-13
14,0.020646684956139763,0.072947541192086629,0.0053213437659711755,0.013714491521954641
15,0.060210971634331333,0.21230897752347133,0.045075101937061858,4.2792065140619672e-13
16,0.036501479102651224,0.10301096533998429,0.010611258980275444,0.00049207022903342541
17,0.031015055538462809,0.12719200284196469,0.016177805586950353,1.638589232219587e-05
18,0.063662761457398812,0.19824027120268045,0.039299205126512297,1.4173901190854949e-11
19,0.088564365855857224,0.32445998478798438,0.10527428172861905,2.2215435620390982e-29
20,0.090090598948898731,0.29870692895142142,0.089225829403589529,6.0108002207379988e-25
21,0.064938523114447866,0.22914352872509694,0.052506756756589328,4.6447258422820894e-15
22,0.015385637151129587,0.056528743533793245,0.0031954988455093715,0.056274920392795705
23,0.06278211387615959,0.21183529223834752,0.044874191037706096,4.8342612463671087e-13
24,0.084217541536490026,0.24701354121274702,0.06101568954246147,2.5357818389207555e-17
25,0.13218349934924259,0.37619571563091142,0.14152321645905358,1.1331878462491072e-39
26,0.10318142558119227,0.35546030854479749,0.12635203095076264,2.5782155297247513e-35
27,0.070727544981847468,0.24090862314046727,0.058036964703435681,1.5777624838543349e-16
28,0.045543684975903505,0.15667239781784711,0.024546240237993747,1.0418491186031131e-07
29,0.068812505755985229,0.22440409503993222,0.050357197870690935,1.7227748330639311e-14
30,0.054696223059961087,0.19417569683344452,0.037704201240753757,3.7188258920740342e-11
31,-0.017828545561650283,-0.063002177624871133,0.0039692743854758128,0.033344323558414567
32,0.08998223020282009,0.33279605132867096,0.1107532117799554,6.5554629775773233e-31
33,0.044937201689986835,0.14124285072471876,0.019949542880845186,1.6694753247615469e-06
