,Slope,R Value,R Squared,P-Value
0,0.12105355304957154,0.027348155568592211,0.00074792161300392109,0.35603587414104321
1,-0.1380692590762421,-0.034877422738379731,0.0012164346168716475,0.23912345522124875
2,-0.28797450595564367,-0.062563313867579615,0.0039141682420932794,0.034595568107501341
3,-0.12330124949641075,-0.031884272096614999,0.0010166068071309818,0.28188159909820548
4,0.3076412714317921,0.07246272530385918,0.0052508465584625531,0.014355912061319545
5,-0.07393966293836518,-0.017897901629343106,0.00032033488273364261,0.5458746135370045
6,0.23884742422381991,0.052760353637506668,0.002783654915954763,0.074836821222624111
7,-0.14819149166491483,-0.040028286667201297,0.0016022637335116451,0.17664333536296334
8,-0.15506652769791821,-0.038530194392045129,0.0014845758798887859,0.19341049779524186
9,0.24294737110374728,0.059302449024787388,0.0035167804603375066,0.045206681927457762
10,-0.097174648620683632,-0.022709595650365216,0.00051572573460308677,0.44346304852283236
11,-0.066031245564744392,-0.015411214249112787,0.00023750552463205701,0.60304200686247933
12,-0.08889453430740557,-0.022712928430902481,0.00051587711790729827,0.44339613237373654
13,-0.096144253886551262,-0.02425783219850678,0.00058844242297091231,0.41300316135286175
14,-0.12218383018973283,-0.027980302168138741,0.00078289730942034954,0.34502304743935008
15,-0.12038354356721456,-0.027622769082379033,0.00076301737177843503,0.35122482554621459
16,-0.28752056171457818,-0.062595915401736923,0.0039182486249814061,0.034501260067208606
17,-0.20332119641994789,-0.047456592213240001,0.0022521281444937515,0.10911862455909423
18,-0.13008500703525691,-0.026777192628813836,0.00071701804508060205,0.3661708586846143
19,-0.2124902520041573,-0.051171955718195127,0.0026185690520249228,0.084031420197432247
20,0.056535972998348769,0.013114339761135073,0.0001719859073704883,0.65811388863219222
21,0.093370240399460389,0.021801078807025344,0.00047528703715012962,0.46191804863011332
22,-0.20871431678323499,-0.047850802676659282,0.0022896993168005832,0.10620434381396322
23,0.24460927212309641,0.054880801019333632,0.0030119023205236913,0.063858505353300177
24,0.013779691527266163,0.0030943303416515557,9.5748802632654335e-06,0.91684548325078752
25,-0.21363402866349782,-0.054112035019736424,0.0029281123339771811,0.067674354029255035
26,-0.20831839049464418,-0.01192781464936476,0.00014227276230960057,0.6873317829560921
27,-0.034724397230639775,-0.0082472272946834645,6.8016758050171931e-05,0.78079748019904827
28,-0.39811468790914184,-0.084094088753277937,0.007071815763244187,0.004475969161894122
29,-0.14069534046827431,-0.033597441339371086,0.0011287880645524811,0.25681392210445148
30,0.076805957133051883,0.018343823094186903,0.0003364958457108248,0.53591421316677978
31,-0.29498463076463316,-0.065635056224235058,0.004307960605558497,0.026621237907003065
32,0.090535088455905549,0.020101545592511181,0.00040407213520780568,0.49756362279128408
33,-0.32251549439422916,-0.075893440950893773,0.0057598143793667995,0.010333337966322359
