,Slope,R Value,R Squared,P-Value
0,0.011594810070357422,0.019796183459486087,0.00039188887956163052,0.50411974391657166
1,-0.028038247149938484,-0.046837203805562035,0.0021937236603237547,0.11382473541633047
2,-0.017061151768300038,-0.029646956145004965,0.0008789420086638477,0.31704070823784425
3,0.0071751119076283116,0.012564513499451405,0.0001578669994778966,0.67159179942159319
4,-0.0071747693513334373,-0.014623624112017593,0.00021385038216958235,0.62169335817176452
5,0.054880932805107689,0.094308621084131725,0.0088941160107903344,0.0014264715432820553
6,0.0015668715512028458,0.0027496337823558906,7.560485937072761e-06,0.92608040291742244
7,-0.059140721119026636,-0.11600477797472304,0.013457108512964788,8.5847373448197787e-05
8,0.043955006066022415,0.080814603409783581,0.0065310001242806044,0.0063087349230415875
9,0.049373770576813809,0.083303578239384404,0.0069394861474852392,0.0048671580838771161
10,0.0029227146065675075,0.0054063537729664357,2.9228661118468413e-05,0.85525256388553705
11,0.003219985598966621,0.0056306148647951391,3.1703823755651979e-05,0.84931865987205435
12,0.13875544349897051,0.25582772202802917,0.065447823358050564,1.6560898247007327e-18
13,-0.0085730385395303404,-0.015486485128793729,0.00023983122164434931,0.60127271101578916
14,0.065834636036003008,0.1085267044812732,0.011778045585565606,0.00023997815292712337
15,0.10569916290864777,0.16927045274434119,0.028652486172274245,8.7658046860737852e-09
16,-0.022416198589768267,-0.036632770094282834,0.0013419598447805827,0.21628548766342098
17,0.0060266056381374647,0.010001201598316127,0.00010002403341016105,0.73576589770769107
18,-0.0092704116536889598,-0.014850269342445687,0.00022053049954318227,0.61630041065314267
19,0.03302119056003399,0.058941179389682734,0.0034740626278467607,0.046535407600332451
20,0.091095030204784586,0.14407547049084446,0.020757741197158192,1.0245492626215683e-06
21,0.065659470309000503,0.11102192622988982,0.012325868103795098,0.00017149131370123915
22,0.053244257710200964,0.089912293723246328,0.008084220562575321,0.0023661773827223184
23,0.046874111076585706,0.084498517008557428,0.0071399993766454693,0.0042870412008990007
24,0.074032051372663665,0.12322822531206444,0.01518519551356092,2.9950438612820912e-05
25,-0.022181571904057045,-0.037041377811040804,0.001372063670140266,0.21120206196392657
26,0.035194524828709106,0.062969802530166263,0.0039651960306881333,0.033435288395586404
27,-0.045144065998467799,-0.076779266397957915,0.0058950557486085898,0.0094731093062909583
28,0.058996234848107024,0.10006077889612509,0.010012159473299233,0.0007125217255079761
29,-0.014183038355938362,-0.022345077471904357,0.00049930248722540767,0.45081660812958235
30,-0.051513408147126967,-0.084530142526768007,0.0071453449955957132,0.0042725762782314762
31,0.059436108752910048,0.10368797584345528,0.010751196334512965,0.00045137945631370467
32,0.010311268786961484,0.016817556340786827,0.00028283020127553918,0.57037960542065991
33,0.059592034779493527,0.10412373255583442,0.010841751681358931,0.00042687174326407572
