,Slope,R Value,R Squared,P-Value
0,0.57782040831043324,0.073939532292146976,0.0054670544355814457,0.012480344277810911
1,0.6984034179409645,0.068883288951441204,0.004744907496767742,0.019965190754987865
2,0.31431372818033143,0.03502359093916569,0.0012266519222740089,0.23715927205292808
3,0.79090601125367788,0.087511380440449649,0.0076582417065931135,0.0030918322903667811
4,1.805932164205668,0.24332168688006237,0.059205443306159115,7.7061437868976908e-17
5,1.3230807437372987,0.15349698445503041,0.023561324236787844,1.8868848013150197e-07
6,0.4126610314945629,0.040651704463505328,0.001652561075788179,0.16999386519050369
7,0.88281402706399492,0.12812690455957534,0.01641650367201853,1.4175875207734663e-05
8,0.8281206659517274,0.093431746671230567,0.0087294912860370038,0.0015806387691880452
9,1.5893524657250269,0.17091198072588099,0.029210905155643913,6.2602892293572155e-09
10,0.85871487545094605,0.11779636467521976,0.013875983530697361,6.6481361614129729e-05
11,-0.6479319881474207,-0.072001058744286223,0.0051841524602981555,0.014991119949189573
12,1.6729085819112279,0.19692101952183103,0.038777887929517356,1.942884300752193e-11
13,0.82056214406772754,0.10675202197718402,0.011395994196217179,0.00030347224755415979
14,1.7346452269266859,0.18313840247578686,0.033539674461383298,4.6000092291728955e-10
15,1.9758857956927776,0.22461896608208956,0.050453679923786902,1.6244135992339828e-14
16,0.19405814456931242,0.02049821485273514,0.00042017681214889151,0.48911530753284482
17,2.2962108706507252,0.2456493182698273,0.060343587566430913,3.8319675893045915e-17
18,0.01487999644449182,0.0016669995139010955,2.7788873793464884e-06,0.95514473549841628
19,0.17945478186896296,0.019410024046469705,0.00037674903348453216,0.51247530259331442
20,2.2900850617823134,0.24788680059011206,0.061447865906801978,1.9442761473370557e-17
21,2.59816745264611,0.27926458510352264,0.077988708493042638,6.9257438213479415e-22
22,1.3511440230578171,0.15579573302237365,0.024272310427978727,1.2289599622458459e-07
23,1.4958274806530245,0.1755328403232527,0.030811778031948529,2.3845700280403009e-09
24,1.339430761028658,0.14779202576633826,0.021842482880117992,5.3224359473694801e-07
25,0.57968113547434608,0.060931780743190632,0.0037126819045362569,0.039604330943190012
26,0.15723236319920028,0.018475995067324405,0.00034136239372779576,0.53297959053273392
27,0.033559275336767225,0.0035762158916941532,1.2789320104005808e-05,0.90395410701325551
28,0.41317051914084457,0.04698578978276096,0.0022076644415098042,0.1126814773805286
29,0.2610901622219472,0.031850738862831664,0.0010144695661082953,0.28238826534526945
30,0.72003716221058234,0.09040754962078372,0.008173525028434471,0.0022374110096838869
31,1.352281587007736,0.14882921731675403,0.022150135927117596,4.4205346694085952e-07
32,0.85844085860302544,0.10488641635065173,0.011001160334882262,0.00038693930189467234
33,1.8853854309588538,0.21987906329232176,0.048346802474308843,5.8590987506672963e-14
