,Slope,R Value,R Squared,P-Value
0,0.31080129605280016,0.039119105109104241,0.0015303043845371455,0.18668506510117555
1,-0.36101908951882788,-0.045784916207923416,0.0020962585521665683,0.12218428737557217
2,-0.41382266365404868,-0.053829991986681668,0.0028976680372862127,0.069120456525801857
3,-0.21081788498112181,-0.028338023048970241,0.00080304355032396861,0.33888826290325691
4,-0.019602266091483373,-0.0029410832925857999,8.6499709339273297e-06,0.92094988492709084
5,-0.23220151236101672,-0.030545896530192743,0.00093305179483324106,0.30258301114280656
6,0.16718727618077842,0.021195851112296868,0.00044926410437465638,0.47444610967149248
7,0.11389916273426363,0.015905819855706282,0.00025299510528218022,0.59145908155085714
8,-0.070382830494785775,-0.0096744038235205467,9.3594089340548968e-05,0.74409287461107665
9,0.45947540331282249,0.059681267081992,0.003561853640512062,0.043847866734995092
10,0.12704916753529003,0.017753398984834332,0.00031518317551471671,0.54912187589130346
11,0.079696856803912183,0.010602079267613387,0.0001124040847967576,0.72053648503007239
12,-0.34762618136848444,-0.048885976984314128,0.0023898387457108906,0.098844550106268483
13,-0.29496067713233709,-0.040849598125799247,0.0016686896670393013,0.16792277806714545
14,0.16278757108049072,0.020473317948095385,0.00041915674780380462,0.48964328576431082
15,-0.42631856104114213,-0.053162641165811965,0.0028262664157248851,0.072643245183459521
16,-0.14096760347725923,-0.018027007219386753,0.0003249729892878221,0.54298141987724691
17,-0.41349792703917299,-0.052171078542847429,0.0027218214363239554,0.078147241395362305
18,-0.24622401501887697,-0.029874069632406988,0.00089246003640190133,0.31334600623939607
19,-0.31428995455830672,-0.042977748770914141,0.001847086889415812,0.14683242538590585
20,0.28575886564200842,0.034882156244791254,0.0012167648242860296,0.23905966815938645
21,0.10279890701611162,0.012981520453710938,0.00016851987329011544,0.66135975174767914
22,-0.13230364979753562,-0.016528995159438915,0.00027320768098075505,0.5770124077166785
23,0.10638082060105207,0.014494738702905739,0.00021009745006551355,0.6247692423139618
24,-0.089883258400116919,-0.011326609853858523,0.000128292090781525,0.70231972646250052
25,-0.025567670261627252,-0.0034608037777801356,1.1977162788297257e-05,0.90703943366543394
26,0.18717442409181789,0.025894803336787828,0.00067054083985091805,0.38218340564734421
27,-0.023785376005202495,-0.0030356645406253244,9.2152592032099625e-06,0.91841646857253734
28,-0.66804601187348622,-0.086608262876555014,0.0075009911984944572,0.0034135855391913042
29,-0.055322541870602843,-0.0071429496812401693,5.1021730148729033e-05,0.80954108356240118
30,0.32479619083768102,0.041599467612761627,0.0017305157056652035,0.16024642323824512
31,-0.4832523866820268,-0.063748219173863196,0.0040638354478388997,0.031305989656221625
32,0.13896504694092318,0.016610846718665157,0.00027592022871098903,0.57512730199297868
33,-0.22418442049422141,-0.031235769877391656,0.00097567331983336794,0.29178944409829033
