,Slope,R Value,R Squared,P-Value
0,0.33940674115773378,0.036817343732888058,0.0013555167995456315,0.21397844655353687
1,-0.46269318620066974,-0.049854422901472809,0.0024854634828388963,0.092332882176160272
2,-0.20879354556532631,-0.023721344688848137,0.00056270219384714373,0.42341516442819449
3,0.20456172396462069,0.024020410649079484,0.0005769801277504111,0.41759216672930533
4,0.25648477571106654,0.03327504799805546,0.0011072288192728946,0.26140921261490568
5,1.1500636514030427,0.12256670268831719,0.015022596607886341,3.3064177258564855e-05
6,0.26008953170670668,0.029594763970228501,0.00087585005445353506,0.31789379094755726
7,-0.45216285930158051,-0.056621634249961264,0.0032060094651363866,0.055870756244930389
8,0.76163219397456139,0.08834984527372465,0.0078056951598910861,0.0028180938207572029
9,0.95894633732536039,0.10456935142382644,0.010934749257199712,0.00040309689979902384
10,0.33306828792026671,0.039638864335098771,0.0015712395657763653,0.18089407891878936
11,0.13938354117749208,0.015946638291911834,0.00025429527281306877,0.5905077519503672
12,2.2541877972240636,0.27199769518256661,0.073982746184628426,8.3934909738653027e-21
13,0.25588720005812632,0.030182462883106803,0.00091098106569011985,0.30837452983659724
14,0.95682616840864432,0.099866514407289803,0.0099733206998614213,0.00072985694110894899
15,1.6126876750696086,0.16248748535936511,0.026402182898409891,3.4032090227636153e-08
16,-0.086870204662291742,-0.0091339120187120953,8.3428348765573267e-05,0.75793026740389813
17,0.44790875899580157,0.048040086423578363,0.0023078499035848782,0.10482710015380901
18,-0.19413210402300216,-0.019632903787394514,0.00038545091112508989,0.50764394112334199
19,0.80927840333031753,0.094139079106650286,0.008862166215048161,0.0014551543451316227
20,2.0516785762345591,0.20902334220833949,0.043690757587944593,9.9125294723813393e-13
21,1.4000560277240934,0.14726659649595081,0.021687450443501191,5.8445256837122507e-07
22,1.0981552916882389,0.11544925011521402,0.013328529352165245,9.2861009000693654e-05
23,0.96723635844717859,0.11296141289270671,0.012760280802716566,0.00013143663002577804
24,1.4031267943508436,0.15059326684306049,0.022678332018465221,3.214126080693828e-07
25,-0.036168231045166976,-0.0039353675218544402,1.5487117532066757e-05,0.89436232959618767
26,0.62373906757003184,0.071777248477190025,0.0051519733989562775,0.015307865132566737
27,-0.63725433628202444,-0.068536141467598802,0.0046972026872667159,0.020599450720964262
28,1.1999058867502164,0.13257812863361987,0.017576960191992657,7.0142648949625418e-06
29,-0.14390072824048214,-0.01480681978423414,0.00021924191212278755,0.61733268935547825
30,-0.44218952015043528,-0.046994512105064445,0.0022084841679930489,0.11261464755281764
31,0.98208672728542334,0.11095834192853538,0.012311753643529771,0.00017298101334199846
32,0.34367963626098158,0.036186566289633078,0.0013094675798340091,0.2219364594370925
33,1.0402400319139071,0.11828078867001639,0.013990344968401076,6.2002352485051178e-05
