,Slope,R Value,R Squared,P-Value
0,-0.0044476348043241982,-0.010656718720647511,0.00011356565389099913,0.71915700334493859
1,-0.0027532661896048321,-0.0050925362012010306,2.5933924960543024e-05,0.86356978327320744
2,-0.0024015350299315947,-0.0049768713618369024,2.4769248552272303e-05,0.86663915311907425
3,3.3415257514020176e-05,6.6185341802533804e-05,4.3804994695182287e-09,0.99821816266121011
4,0.050480731220856223,0.12852344579371741,0.016518276118690618,1.3326936418269758e-05
5,-0.049137166388550986,-0.11190731875909007,0.012523247991848594,0.00015196080815894672
6,-0.014375477111918321,-0.025705727264433542,0.000660784414193442,0.38566951303141972
7,-0.001650151951916112,-0.0044885395737278098,2.0146987504920629e-05,0.879619510277873
8,-0.0042680001894656499,-0.0092056998471159498,8.4744909675190617e-05,0.75608781584605778
9,0.017175444707987805,0.033768422637224328,0.0011403063674062044,0.25439967049599926
10,-0.015868564628927839,-0.040734074785842241,0.0016592648486585886,0.16912949443925451
11,-0.070939044565342474,-0.14363403106909162,0.020630734881156777,1.1062344295895734e-06
12,0.042738882167879515,0.091119995078161625,0.008302853503044199,0.0020634008048204867
13,-0.007869505299552524,-0.018786004706178736,0.0003529139728205696,0.52612842468186782
14,0.012531804359266908,0.024884749776531118,0.00061925077144056552,0.40103007299500948
15,0.055745037280047281,0.11652273999119639,0.013577548935055958,7.9760963975096383e-05
16,-0.027106261239480497,-0.053860534312350626,0.0029009571564118991,0.068962644822266592
17,0.064628952702496953,0.12714802935998643,0.016166621370127969,1.649752663765423e-05
18,-0.015469545969552209,-0.032870836115924652,0.0010804918669599765,0.26725050004000955
19,-0.042565257428213529,-0.085633969381178857,0.0073331767119766775,0.0037945865682355775
20,0.069114891543998219,0.1370092702492221,0.018771540134224378,3.4033834391365566e-06
21,0.063636714593385685,0.13066509708685159,0.017073367596716352,9.5175199097137126e-06
22,0.0084978277655004368,0.018396777808955368,0.00033844143375207265,0.5347374813075062
23,0.00073403844612159725,0.0016105075172630962,2.5937344631609422e-06,0.95666329010855389
24,-0.021262641979209043,-0.042539518331554373,0.0018096106198806504,0.15100111311341871
25,-0.019578291899974159,-0.037606093136581899,0.0014142182409972721,0.2043193689841851
26,-0.033504600735195955,-0.075667098263561439,0.0057255097596274626,0.010563987575515838
27,-0.053134461629905309,-0.10762812505221275,0.011583813302254746,0.00027038465464928907
28,-0.031498285257591581,-0.065067702476647102,0.0042338059055894673,0.027961785602644396
29,-0.02534487961490749,-0.056703414815472301,0.0032152772517355238,0.055516933376813606
30,-0.018489502733182415,-0.043399253763326824,0.0018834952272136374,0.14290633138076536
31,-0.0038669088231603169,-0.0078632367162450364,6.1830491655704019e-05,0.79076078758768831
32,-0.0095053570567046174,-0.021424992487279835,0.00045903030307999738,0.46968114100483538
33,0.0065715826789592537,0.014205097753616187,0.00020178480218979164,0.63170540158113075
