,Slope,R Value,R Squared,P-Value
001,0.048967725311837719,0.85878229187731792,0.73750702484205888,0.0
002,0.049457930279868383,0.87940147948049963,0.77334696211249165,0.0
009,0.047663941835037783,0.87184987964845606,0.76012221264302737,0.0
010,0.051063077676820272,0.89101920305931936,0.79391522022046457,0.0
011,0.042473200251917913,0.78555667919994887,0.61709929623565141,1.1110669308983375e-239
012,0.045844200194403023,0.89161572138794432,0.7949785946261444,0.0
013,0.048008914838457546,0.86616516181405057,0.75024208754036037,0.0
014,0.048272860526211492,0.87211783291647371,0.76058951449092638,0.0
015,0.048967893167631608,0.83157400512894208,0.69151532600618981,3.7328733052761145e-293
016,0.050868795376316452,0.89679742847370592,0.80424562771705166,0.0
017,0.046376835384168855,0.88265614502791379,0.77908187035553755,0.0
018,0.050304962848649881,0.86389148636979518,0.74630850022221407,0.0
019,0.051659992383770295,0.89767130120241312,0.80581376500243351,0.0
020,0.04890385886989311,0.86638500011930508,0.75062296843172827,0.0
021,0.049209316728341029,0.86373674189354332,0.74604115929687354,0.0
022,0.047143545134584922,0.9009681660589921,0.81174363625170354,0.0
023,0.046202108594642272,0.8667201623735904,0.75120383986490291,0.0
024,0.053122126301627812,0.88643409935262896,0.78576541249510645,0.0
025,0.046234718286860321,0.84400824511754247,0.71234991782639367,1.8638748825130492e-310
026,0.048832654013781708,0.87688565766807069,0.76892845662396492,0.0
027,0.049737201583830722,0.88849195065823117,0.78941794638446872,0.0
028,0.046120604644546037,0.8835749391130211,0.78070467302857893,0.0
029,0.050397435828696172,0.88736155436858,0.78741052817142232,0.0
030,0.045314377434945367,0.87613258702254526,0.76760831004281782,0.0
031,0.048511526372388362,0.88709383558368027,0.78693547313056555,0.0
032,0.045861029664036559,0.83149884356256221,0.69139032684587831,4.7019872595798514e-293
033,0.050060293051369921,0.86598701013828672,0.74993350172824913,0.0
034,0.049771336918555793,0.87205073180722947,0.76047247884552449,0.0
035,0.046990040479618661,0.889607386783002,0.79140130261888175,0.0
101,0.049292372949236919,0.86977501282550584,0.7565085729356088,0.0
102,0.047858656714746442,0.89694355226588285,0.80450773595134051,0.0
103,0.049119542883019736,0.89438308740078043,0.79992110702855201,0.0
104,0.048275991914574885,0.89964918907890512,0.80936866341033153,0.0
105,0.045173295313211168,0.85576625990939859,0.73233589159932033,0.0
