,Slope,R Value,R Squared,P-Value
0,0.0036965797263779671,0.0074450864012682322,5.5429311522349157e-05,0.80164934952941569
1,0.032829782229064047,0.050200151929132929,0.0025200552537080283,0.090093348807261747
2,-0.0070414238628371678,-0.012000721005057257,0.00014401730464122246,0.6855224116388875
3,0.032330860520296947,0.053347966261438472,0.0028460055042315775,0.071650545496810644
4,0.072573483714482578,0.15361984711423216,0.023599057427400063,1.8444294431867493e-07
5,0.034632284392970558,0.064784919515280995,0.0041970857966014364,0.028651378475796456
6,-0.039255891249741784,-0.059640269008780909,0.0035569616874397527,0.043993244349519026
7,0.020059710384168976,0.045603430700446479,0.0020796728916504244,0.12367331014417388
8,0.024536481086850585,0.043876717037622304,0.0019251662979995754,0.13855677002491434
9,0.064317123719036223,0.10701290505642366,0.011451761848615145,0.00029324343894835563
10,0.0081108530605370974,0.017293367374227524,0.00029906055513999699,0.55952264776623295
11,-0.067376077196526524,-0.11443514559739677,0.013095402547897398,0.00010707875165879787
12,0.067085171925372417,0.12066153557273809,0.01455920616677114,4.3838381747200599e-05
13,0.0066526095107304513,0.013254661328625138,0.00017568604693655071,0.65469166246614263
14,0.071751852703950292,0.1196457301209662,0.014315100736179079,5.0866774861806294e-05
15,0.099234168545886028,0.17930226554743056,0.032149302430441305,1.0643267576872831e-09
16,-0.025163223601046784,-0.041311623116929812,0.0017066502045552496,0.16316112610506833
17,0.099632699128634677,0.16491906873731327,0.027198299233182659,2.1060972010990868e-08
18,-0.023416768591109104,-0.04155351287186957,0.00172669443199263,0.16070910396078922
19,-0.0164550504922042,-0.027310167060622816,0.00074584522487912744,0.35670466016082658
20,0.1090342676459513,0.18322076722405853,0.033569849542172639,4.5170010552349945e-10
21,0.11771863702217515,0.20339791666905466,0.041370712505311699,4.0447724560321041e-12
22,0.060743636490105522,0.1125054716938788,0.012657481161062164,0.0001399715781792729
23,0.053648356156461276,0.097174391889189415,0.0094428624390337623,0.0010140231792575992
24,0.023979188618285921,0.041034296398460825,0.001683813480916735,0.16600691518470279
25,0.0089033718060987851,0.01436302768834046,0.00020629656437603469,0.62791931842652304
26,-0.039056731425750238,-0.071356765698203387,0.0050917880109082958,0.015918891453747468
27,-0.022724296090166005,-0.038294643325978039,0.0014664797074638743,0.19614970146350391
28,0.0043543410012242051,0.0076010663799196262,5.7776210111944448e-05,0.79758303399420194
29,-0.024988034744155774,-0.046673986152449901,0.0021784609833590853,0.11509106578048184
30,0.0049870759421279691,0.0096682614523837095,9.3475279511648753e-05,0.74424967538337228
31,0.066661264625002103,0.11328242119090037,0.012832906950872554,0.00012572399464502647
32,0.027733581114163106,0.052489450564369808,0.002755142420549422,0.076344209692310414
33,0.077465352706602514,0.13882641170426502,0.019272772586682092,2.5133402336034922e-06
