,Slope,R Value,R Squared,P-Value
001,0.062051966048746569,0.97665547447066769,0.95385591581352502,0.0
002,0.063221138898678989,0.98014837859206327,0.96069084405665062,0.0
009,0.06396015428545973,0.97827066871762647,0.95701350127323204,0.0
010,0.065450303735181181,0.97605122745448536,0.95267599861540753,0.0
011,0.061386831124701731,0.96441773268678643,0.9301015631207219,0.0
012,0.060300592896364538,0.97230130244555235,0.94536982273731751,0.0
013,0.063429172720711705,0.9782244167910541,0.95692300960619792,0.0
014,0.061816438627555696,0.96829062882941042,0.93758674187885505,0.0
015,0.061161486196142915,0.96939110797947359,0.93971912022967141,0.0
016,0.062904497660819347,0.973282580906212,0.94727898229545715,0.0
017,0.062570015254075351,0.97251518942917048,0.94578579367045534,0.0
018,0.064080259965913738,0.97941896364015624,0.9592615063379577,0.0
019,0.063722469984148294,0.97367730137229902,0.94804748720764276,0.0
020,0.063586278012827416,0.97381256813095929,0.94831091784981425,0.0
021,0.062046366115252945,0.97996751592819453,0.96033633227447623,0.0
022,0.061468606138713605,0.97699720734241013,0.95452354315486831,0.0
023,0.062616954377726769,0.97322611886698607,0.94716907844489684,0.0
024,0.063087673207294928,0.97613456946998944,0.95283869771436169,0.0
025,0.061872944196331638,0.98005154254754634,0.96050102604982501,0.0
026,0.063825795815791814,0.97937798609439553,0.95918123964631397,0.0
027,0.063050373316154082,0.97880811323301042,0.95806532253076571,0.0
028,0.060506762387032342,0.972649715850332,0.94604746974373155,0.0
029,0.060696066529753241,0.97494359283307852,0.95051500920627163,0.0
030,0.063245858490876716,0.97622658783293204,0.95301835079192931,0.0
031,0.062841451779628091,0.97460353790253151,0.94985205609213119,0.0
032,0.063926249412057129,0.98110617549023171,0.9625693275850693,0.0
033,0.062539350991991732,0.97235921883586451,0.9454824504550926,0.0
034,0.061937302272821307,0.97946454642505199,0.95935079770363285,0.0
035,0.063430865333725842,0.97367836245577677,0.94804955351456299,0.0
101,0.063280667180525219,0.96891312273848318,0.93879263941483893,0.0
102,0.063372372707689376,0.97848142477114208,0.95742589862216421,0.0
103,0.063040558726491669,0.97339243056142455,0.94749282387427769,0.0
104,0.062898627445996058,0.97431272952606496,0.94928529491653102,0.0
105,0.063330858665824497,0.9731868700046159,0.94709268394938118,0.0
