,Slope,R Value,R Squared,P-Value
0,-0.076917256608231371,-0.12656164193291464,0.016017849208755295,1.8057110104133567e-05
1,-0.041712187610821634,-0.066022920884976757,0.0043590260821838997,0.025737019706741193
2,0.094627042324462854,0.16819750791332605,0.028290401668253379,1.09039393475878e-08
3,0.0088250050172015461,0.015550534152106261,0.0002418191124158232,0.59976903846190766
4,-0.12148914776006041,-0.1632781529292755,0.026659755223995878,2.9137998864178167e-08
5,-0.039970254328361564,-0.065234752720054537,0.0042555729624466632,0.027561169379969518
6,-0.099772883912056104,-0.1501380105205074,0.022541422203055991,3.4908923158635509e-07
7,-0.077167195447428449,-0.13127049792225981,0.017231943624758016,8.6452580211987276e-06
8,-0.055881362672710475,-0.087424644860175357,0.0076430685289277855,0.0031214890336226197
9,-0.036655337947371212,-0.069070537255074962,0.0047707391167046984,0.019630196785974843
10,-0.0068334907048040391,-0.01067821404939188,0.00011402425528463012,0.71861456104729737
11,0.024218179969684433,0.044717531012624295,0.0019996575798650155,0.13114572087586507
12,0.0070746766534513627,0.012884382655467118,0.00016600731641250191,0.66373765973026855
13,-0.027342811764039864,-0.04309191256439019,0.0018569129284570491,0.14576100471504755
14,0.032614500180778418,0.058469376739395194,0.0034186680162933279,0.048319960164119893
15,-0.026418196994149486,-0.048218833088644504,0.0023250558644305583,0.10353956157185816
16,0.085410208145978786,0.11173464517184331,0.012484630931677728,0.00015559745830274094
17,-0.033090454715743671,-0.06332772721217364,0.004010401033859478,0.032441316652201735
18,0.015397131226993686,0.02089342682458907,0.00043653528447445814,0.48077537656801173
19,0.0079045283871642825,0.013894840651284627,0.00019306659672459182,0.63917133699083928
20,-0.10664424670248031,-0.17809877716962175,0.03171917442931458,1.3795912175782733e-09
21,-0.061764149760400816,-0.10911040383322194,0.011905080224648774,0.00022197622723677289
22,-0.046701983831872081,-0.075677948714107018,0.0057271519215750123,0.010552827160234415
23,-0.11881417756415709,-0.19936488660876817,0.039746358012526989,1.0813991014171542e-11
24,-0.12693080735831938,-0.1653956062945941,0.027355706581556376,1.9154558671502137e-08
25,0.023562710999988051,0.031779956878672612,0.0010099656592102906,0.28345976045014076
26,-0.07647761432278749,-0.11969558564564392,0.014327033223053679,5.0498274367332961e-05
27,-0.0081243278333805961,-0.012936953357445059,0.00016736476217270898,0.66245032085270317
28,-0.014324100551538868,-0.022619509790913123,0.00051164222318121459,0.44527398968539655
29,-0.016800331964821259,-0.029829009468079388,0.00088976980584676974,0.31407678906577247
30,-0.063481008288661503,-0.10708529587198495,0.011467260591990557,0.00029046280822272774
31,0.072538700113468288,0.11287254513791044,0.01274021144590963,0.00013306076626552814
32,-0.083051082317291205,-0.16168260271118354,0.026141264019462415,3.982857400416395e-08
33,0.03563631921209405,0.057949417354337264,0.0033581349717071649,0.050352803899746147
