,Slope,R Value,R Squared,P-Value
0,-0.0018412662561416672,-0.033284076197993825,0.0011078297283538591,0.26127975987920393
1,-0.00089532736082457434,-0.015329575949508558,0.00023499589879175123,0.60496361361834827
2,0.0030866034565634188,0.060668731658680489,0.0036806950010729801,0.040466836695274198
3,0.0064447100821178847,0.13565927957393017,0.018403440134517748,4.2524922753637951e-06
4,0.0084417561551091581,0.15837492727851926,0.025082617590476263,7.5397722569832226e-08
5,-0.0053986070889742097,-0.10370263217386866,0.010754235919788699,0.00045053427764557249
6,0.0038043682098461836,0.10426302129091365,0.010870777608709513,0.00041930341353129964
7,0.0080573238163469552,0.17198478268389764,0.029578765474827497,5.0151151017840251e-09
8,0.009184472482520965,0.21078309889135138,0.044429514778241218,6.3319472830816381e-13
9,-0.0079687405343300526,-0.15963685121054497,0.025483924264417673,5.9195379212620781e-08
10,0.0080653349743372866,0.15418037161257214,0.023771586990590843,1.6621622329333556e-07
11,-0.002543479402690708,-0.055905646910500942,0.0031254413564816034,0.059049278082428887
12,0.00066065417043677612,0.015062689076594964,0.00022688460221817323,0.61126465344454317
13,0.008068140823544746,0.14778246593474192,0.021839657237753156,5.3315207290681529e-07
14,0.0013818774768797944,0.026830621102392573,0.00071988222874015359,0.36521491343442547
15,0.0048921366789689757,0.097477164731530272,0.0095017976440978889,0.00097759672980849929
16,-0.00088447922580880305,-0.016476668650628794,0.00027148060982261368,0.57821904999852114
17,0.0071148162832904427,0.17651954684679391,0.031159150418997472,1.9339019875796183e-09
18,-3.5822748750132063e-05,-0.00070165455746060504,4.9231911800523745e-07,0.98111184949832875
19,0.0073903824226165841,0.15181798169901833,0.023048699567163464,2.570563292549408e-07
20,0.00081838383647756961,0.016641098989430985,0.00027692617557604094,0.57443130511610763
21,-0.0049208472934883897,-0.10195476075068022,0.010394773239728443,0.00056242755785598569
22,-0.0032868489675852513,-0.062918643986264775,0.0039587557610703322,0.033579461602482749
23,-0.0078324839997467241,-0.18145116314137374,0.032924524605357428,6.6675236734719983e-10
24,-0.0044454309138537377,-0.093096137961239625,0.008666890903298162,0.0016435924566792798
25,-0.00053267056303557309,-0.010202991653853291,0.00010410103868859992,0.73063955103267353
26,0.012425802279764708,0.25677613656440501,0.06593398430894197,1.2269320945346118e-18
27,0.0028044148763305015,0.044928192204659802,0.0020185424547788538,0.12933789538843649
28,0.00450495171158731,0.080589869926686653,0.0064947271348002739,0.0064561433766690398
29,0.0060986392515994343,0.13545875619746053,0.018349074630563053,4.3947430019393825e-06
30,0.0022091046139834035,0.044664416130864484,0.0019949100683110278,0.13160460998041448
31,-0.010522747985273291,-0.21311668026795405,0.045418719408433353,3.4734259270909139e-13
32,0.0083507170499825777,0.16013785714408005,0.025644133290697788,5.3745671663823057e-08
33,-0.0012394209359151186,-0.026363338122944998,0.00069502559698472505,0.37362827432950685
