,Slope,R Value,R Squared,P-Value
0,0.13615041598949615,0.065774472309262283,0.0043262812075619108,0.026300438775907185
1,-0.097681395994756212,-0.038475699996503653,0.0014803794902209513,0.19404170023206924
2,-0.27845610263479265,-0.12278144039996174,0.015075282106689356,3.2021227643707985e-05
3,-0.26713604238117261,-0.14900366124371969,0.022202091064033175,4.2840904152393808e-07
4,0.33627219869810315,0.1355619551503611,0.018377043684188514,4.3209746735213426e-06
5,0.067555430370218772,0.032778155847854526,0.0010744075007862398,0.26860236271009758
6,-0.50451734735580356,-0.20345877483649036,0.041395473057965683,3.9845636499411916e-12
7,0.61898973974800364,0.30019163701091539,0.090115018931293187,3.4295112137353383e-25
8,-0.4220660363274048,-0.17495644802634322,0.030609758705994538,2.6934882214842543e-09
9,0.079673030657783264,0.038738474291972191,0.0015006693904697904,0.19101189252798226
10,0.16486694236483082,0.073777715074130307,0.0054431512415595547,0.012674702741836344
11,-0.27772392367132914,-0.12404715486799633,0.015387696630844667,2.6480553288600151e-05
12,-0.31600178551965813,-0.1545025821871846,0.023871047902507731,1.5653947422527759e-07
13,-0.019299432810969679,-0.0078427441599249349,6.1508635958036674e-05,0.79129347973113862
14,0.048466431412644381,0.025615410574192754,0.00065614925888446592,0.38734155982502927
15,-0.1053490690794933,-0.051119662704746861,0.0026132199150470871,0.084348997433742773
16,0.0840251257163563,0.034127145201112548,0.0011646620395778192,0.24938588489253891
17,-0.32330106217624738,-0.17284795064159419,0.029876414040998982,4.1912783205905441e-09
18,0.30252269122696329,0.12079860254383462,0.014592302376543327,4.2963678425662913e-05
19,0.21804130242342684,0.09063618074736722,0.0082149172604694207,0.0021801583109880398
20,0.27051647251196609,0.1123008164595875,0.012611473377489959,0.00014396976560254342
21,-0.080107568384209141,-0.036799870720829859,0.0013542304850697909,0.21419608425967196
22,-0.25387087170417078,-0.12623791277427149,0.015936010621604577,1.8977210270021692e-05
23,-0.13774110204853071,-0.061263672343225481,0.0037532375489780908,0.038538377649242214
24,0.12688401230737001,0.042987161378540542,0.0018478960433846877,0.14674386170259776
25,-0.25820622496029316,-0.094923369260971682,0.0090104460318547845,0.0013267794061389865
26,0.077706412095598837,0.034259592435020129,0.0011737196738136886,0.2475522503549423
27,-0.32377686583498766,-0.14067963406148054,0.019790759439672075,1.8376203279119419e-06
28,0.51258269705493709,0.19371421080740858,0.03752519546873713,4.1438095071475397e-11
29,-0.176571190264773,-0.086655562871336661,0.0075091865765481809,0.0033960062916089809
30,0.086427664308678001,0.042456585439520918,0.0018025616471833395,0.15180005396844068
31,-0.2164387697550825,-0.11274810124907605,0.012712134335271906,0.00013536684818742976
32,-0.020464671709748226,-0.010498840711817106,0.00011022565629210831,0.72314542577153063
33,-0.22191848680978524,-0.10476716618940433,0.010976159111358267,0.00039294402061930417
