,Slope,R Value,R Squared,P-Value
0,0.086475624322215949,0.033672776788442743,0.0011338558966442884,0.25346439255670222
1,-0.051890880783607089,-0.017163325120710501,0.00029457972919921213,0.56059832485224192
2,-0.16771561204207047,-0.06089544008738814,0.0037082546234366784,0.038778086278478681
3,-0.18603078672048812,-0.073151993926439424,0.00535121421541383,0.013010072640247778
4,0.30525968994194891,0.10731704722499004,0.011516948625090742,0.0002632120545648345
5,0.070220506209735911,0.026394884819855791,0.00069668994465345367,0.37075743853118248
6,-0.45916020716471428,-0.15882189418627729,0.025224394072917058,5.9875370905789284e-08
7,0.38387901956242082,0.15182604633977967,0.023051148347168923,2.2476419633383121e-07
8,-0.28950814092610783,-0.10117789531817624,0.01023696650101583,0.0005834525369628154
9,0.14516327550716307,0.057431580717787492,0.00329838646374374,0.051321112881085568
10,0.034563764858477619,0.01290176810973692,0.00016645562035742459,0.66178985395833023
11,-0.28842141416135048,-0.10514964367070223,0.01105644756407565,0.00035031208386037701
12,-0.27954517551670771,-0.10721238739877507,0.011494496011745025,0.00026690306860370874
13,-0.092231312085980177,-0.032917011737294354,0.0010835296617131742,0.2642808837232854
14,-0.024272558141492248,-0.0099425635008097771,9.8854568967634765e-05,0.73603867175501825
15,-0.15226855137259629,-0.058308013699123154,0.0033998244615371332,0.04786391764710566
16,0.0042110291183259556,0.0014952272922532973,2.2357046554991274e-06,0.95956885494881039
17,-0.31629043046269706,-0.12479490885172867,0.015573769275311266,2.1597972635732195e-05
18,0.2841580321805201,0.098665588322748368,0.0097348983190740594,0.00079833714990325277
19,0.1290766818254474,0.044062941189299806,0.0019415427862516934,0.13500628507643606
20,0.11802762103763652,0.041737174279405327,0.0017419917168294537,0.1568675552228268
21,-0.14391498409912612,-0.054892931976547266,0.0030132339809818454,0.062531287745003911
22,-0.15058856088106148,-0.057530807013576567,0.0033097937556333906,0.050919508354108536
23,-0.083065086679478622,-0.031119102752036415,0.00096839855609180041,0.29127610992047592
24,0.010926100785305766,0.0035137647759294235,1.2346542900562352e-05,0.90517075697560589
25,-0.24339422223859594,-0.081933529027756205,0.006713103178942169,0.0053929125939597596
26,0.023520576705667262,0.0088179976976641965,7.7757083396011066e-05,0.76496014072314089
27,-0.21642219662891204,-0.073327671218595125,0.0053769473663423835,0.012793236755999178
28,0.34403495062080236,0.11768569205048585,0.013849922113401787,6.2288374934866273e-05
29,-0.20371938272226428,-0.078951801840450933,0.0062333870138538312,0.0073404770157773826
30,0.012688645240946036,0.0051415836101232496,2.6435882019888028e-05,0.8616117539001017
31,-0.18189511602184882,-0.074836364291179611,0.0056004814203221426,0.01105876173350597
32,-0.020702359834845675,-0.0086503956422637421,7.4829344767695537e-05,0.76929980013710997
33,-0.10412389338888287,-0.039942938888750931,0.0015954383670704914,0.17548855744303204
