,Slope,R Value,R Squared,P-Value
0,-0.0082265439599563187,-0.020870646732286433,0.00043558389502389833,0.47914319216703194
1,0.01382228168670576,0.037365573115128871,0.0013961860542220416,0.20504969934830086
2,0.039612355098415701,0.10273206726499984,0.010553877644540452,0.00047887979287534143
3,0.011798807450009097,0.031942152082179168,0.001020301079641063,0.27869656800757664
4,-0.0025181074523844362,-0.0060480438647740088,3.6578834590230531e-05,0.83752802933641457
5,0.0055070317367238025,0.014515444277627708,0.00021069812257691498,0.62260511174358557
6,-0.010214908894388327,-0.025873008913802082,0.00066941259025368196,0.38029516662885232
7,-0.022660582537769505,-0.059069811364455042,0.0034892426146323021,0.045019761756633407
8,0.0069296809398777977,0.017344437400746173,0.00030082950874840269,0.55646861339119646
9,-0.0052897938453597719,-0.014596849051873504,0.0002130680022431804,0.62065517787690372
10,0.00845716469521785,0.021927602203131769,0.00048081973837878921,0.45716151346634604
11,0.010328457164888056,0.028236437280758933,0.00079729639031023288,0.33830134876236162
12,-0.011418792225133423,-0.030295200782263249,0.00091779919043764369,0.3042449830759939
13,-0.00090484434354321853,-0.0023079514907571362,5.3266400836880878e-06,0.93762955986943308
14,-0.0074518195362390733,-0.019878674338224548,0.00039516169344518717,0.50028670079549409
15,0.013154730999515149,0.035304236001591098,0.001246389079656041,0.23117487625266336
16,0.012058921517272767,0.028484350496581212,0.00081135822321208638,0.33407553313957183
17,0.0035194816501323933,0.0098716147394798393,9.7448777564715611e-05,0.7378528111923206
18,0.0099732812497280356,0.025270690605588012,0.00063860780368335426,0.39148833617536005
19,-0.0055077910523279663,-0.014645459986989578,0.00021448949823051278,0.61949204022160909
20,-0.024024113958976964,-0.061386546941873447,0.0037683081454468323,0.037230130850752087
21,0.0034364139729669172,0.0093603010479008653,8.7615235707334043e-05,0.75096953938971356
22,-0.0034020533907343931,-0.0090398228796991845,8.1718397696332862e-05,0.75922783510722869
23,-0.031158481207647141,-0.079843638039509307,0.0063750065353841779,0.0067005693299302723
24,-0.013290745150386319,-0.031888190976788487,0.0010168567237721347,0.27950982858345658
25,-0.011732973992694077,-0.028709651212899548,0.00082424407276634451,0.33026477618549388
26,-0.0025733254655006294,-0.0069116968776839057,4.7771553728985448e-05,0.81472189210870449
27,-0.010128161174923177,-0.025561477725475127,0.00065338914350996106,0.38605977463861507
28,-0.01054582594373432,-0.028007783096613479,0.00078443591398694775,0.34222913448276981
29,-0.010513380003840344,-0.027462525035788478,0.00075419028134130893,0.35171249873701815
30,-0.0089429838952223024,-0.0243087873149581,0.00059091714072386783,0.40977269730113308
31,0.01852239754983781,0.048766144946528776,0.0023781368929458543,0.098053313124195587
32,-0.0077148506267684857,-0.020586089984384087,0.00042378710084515879,0.48515812068636588
33,0.00083602024531092721,0.0021245707531745098,4.5138008852445041e-06,0.94257634612896501
