,Slope,R Value,R Squared,P-Value
0,0.015944126591772207,0.048728406944264016,0.0023744576433257975,0.098313864473977386
1,-0.0045337663106932938,-0.011488681742010965,0.00013198980816921612,0.6968853641027275
2,0.039352591987324152,0.10569738907388869,0.011171938057037005,0.00032605974472581088
3,0.043433216727917161,0.11508806901860257,0.013245263630430628,9.0406785800491843e-05
4,0.018561963626401456,0.047767039521844544,0.0022816900646814588,0.10513950394680911
5,0.053221827932381276,0.1497244806118683,0.022417420094493726,3.3061482254099056e-07
6,0.062211177032798222,0.14291003509121636,0.020423278129772692,1.1144021814051185e-06
7,0.064626408612316028,0.20821454903522979,0.043353298429944113,9.4883111250233123e-13
8,0.065626395639489202,0.16170064745153531,0.026147099386245713,3.4151669843269174e-08
9,0.023391706398291006,0.062726088253970122,0.0039345621476448486,0.033272525435858132
10,0.063826154679674549,0.19442680421855987,0.037801782198642213,2.8231827370680451e-11
11,0.025379888796790231,0.068612423320721566,0.0047076646339418967,0.019859080187274829
12,0.04040477656518441,0.10600367827879098,0.011236779808633423,0.00031319172808015312
13,0.042464470008289949,0.12097084151484952,0.01463394449681084,3.8457698365871447e-05
14,0.016716587150933659,0.04428252891153879,0.0019609423668012689,0.13307023701315246
15,0.02541326371385217,0.071614043113438025,0.00512857117105336,0.015051212729647661
16,0.035127596229186063,0.082468397907171323,0.0068010366533755393,0.0050975554870978318
17,0.057170089015764647,0.16098885359050752,0.025917410980385865,3.9274230398389147e-08
18,0.02750997998617848,0.076589768176547959,0.0058659925893373589,0.0093076800813873279
19,0.018757211853143552,0.047216713822555302,0.0022294180642010849,0.10921267234293776
20,0.071080413785934313,0.18834530325013543,0.035473953256385478,1.1677826093623374e-10
21,0.049413313257736922,0.13482526424414437,0.018177851878503355,4.3873362729158262e-06
22,0.027936123790905692,0.079493392683619227,0.0063191994803520864,0.0069456507655575733
23,0.054381236558573742,0.14490569255305152,0.020997659734279493,7.8519226151312049e-07
24,0.077020676891356207,0.18823227124984249,0.035431387939874277,1.1984814345101209e-10
25,0.055084622246497364,0.12355942696813234,0.015266931992693229,2.6071642629438201e-05
26,0.06117220486239712,0.17179528250008608,0.02951361908928438,4.4035105165955497e-09
27,0.066191361254975656,0.16671821613289381,0.027794963590534294,1.2530715175979112e-08
28,0.032577695334841977,0.08936704905810286,0.007986469457353363,0.0023973802413403697
29,0.035577649572173783,0.10447184010515877,0.01091436537495786,0.00038265582875321734
30,0.043268841496952329,0.13898143948195693,0.019315840520476857,2.1898737707300818e-06
31,0.017586837058813823,0.046005557329815129,0.0021165113052269064,0.11861542790832735
32,0.041736974234094608,0.13424769760985175,0.018022444313546195,4.8243846546565144e-06
33,0.0063058403974039414,0.016105019648222155,0.00025937165786962167,0.5850216100930985
