,Slope,R Value,R Squared,P-Value
0,-0.026330943243376613,-0.077924610359206031,0.00607224489963408,0.0081449353493694646
1,-0.0077458058705528856,-0.017705452479246046,0.00031348304749483996,0.54828123133463635
2,-0.048724194291161822,-0.13872665892917532,0.01924508589765174,2.2865067169507062e-06
3,-0.02131252611827707,-0.068457853702394517,0.004686477733538451,0.020139400320649047
4,0.069356226918911759,0.20394215199397725,0.041592401359934521,2.7867087757889118e-12
5,0.0010639068730382659,0.0032653108669130119,1.0662255057580205e-05,0.91184766039902831
6,-0.022847836977643945,-0.080361362883482473,0.0064579486444907548,0.0063525040577274219
7,0.0077656581150431165,0.025095198067441725,0.00062976896604413093,0.39478679560707786
8,0.018236970576073482,0.05985979799748601,0.0035831954162998301,0.042222040459489345
9,-0.034184195086880323,-0.10564000372367489,0.011159810386738045,0.00032852495881259466
10,0.017496208424080551,0.051395145811707697,0.0026414610130066954,0.081217038027765295
11,-0.034344189152163099,-0.10591128138512355,0.011217199524638819,0.00031702266461578903
12,-0.0018956477927915976,-0.0065378852948259208,4.2743944128301019e-05,0.82457494798566056
13,-0.019495114221764372,-0.05408875302709526,0.0029255932040261065,0.066478483223346152
14,-0.002019261404245389,-0.0065640048836025514,4.3086160111958143e-05,0.82388556172408534
15,-0.023207875513149717,-0.073232372904546789,0.0053629804412305988,0.012910462376037461
16,-0.018662307235768522,-0.057805937715935708,0.0033415264352186385,0.049819682517161575
17,0.0065362518036370335,0.023209707561562015,0.00053869052509322897,0.43127343336276802
18,0.018734629609970171,0.055668074293468754,0.0030989344955431567,0.05891183857349102
19,0.0062406168882395818,0.017348599297763768,0.0003009738975943695,0.556373888454887
20,0.0098456235102284476,0.029912352593818137,0.00089474883769689862,0.310399690992684
21,0.031605845029876171,0.099804083882649178,0.0099608551596548738,0.00069319083762522059
22,-0.017307786113722433,-0.051605499510872968,0.0026631275797667103,0.079977974043263497
23,-0.020303893611176994,-0.070662992847206618,0.0049932585581243735,0.016449937597089848
24,0.010741030793094096,0.032015028646292285,0.0010249620592229156,0.27760078230894691
25,0.021727391642342948,0.064568989447665981,0.0041691543982928011,0.028419093608173438
26,-0.011308466533359512,-0.035299591567772994,0.0012460611648515902,0.23123629038767443
27,0.021971847528753918,0.052258986713605085,0.002731001692332753,0.07622625018051675
28,-0.019809587890891704,-0.048656824699777119,0.0023674865898648408,0.098809600790662727
29,-0.023415447943855403,-0.084822281815126868,0.0071948194923248023,0.0039637577935654981
30,0.0040736102064817285,0.013293765066048886,0.00017672418963130175,0.65218024284995268
31,-0.0048041725127891278,-0.015972734299134071,0.00025512824099073396,0.58810884971972222
32,-0.03025470640957275,-0.094460660787763148,0.0089228164364608537,0.0013282739458763877
33,0.013461804712074041,0.047028120793785246,0.0022116441453948563,0.11063684588195809
