,Slope,R Value,R Squared,P-Value
0,0.49481387609155686,0.041563979229541692,0.0017275643693937732,0.15859698445353779
1,0.93367167306094079,0.060290563970108936,0.0036349521038337978,0.040759377550077754
2,0.060248669706209006,0.0043479011344848264,1.890424427525444e-05,0.88280592812412206
3,0.78831060372365602,0.054362225280158036,0.0029552515374106536,0.065113795930826918
4,1.6657981224533016,0.13618475298546767,0.018546286945712847,3.5031361684143883e-06
5,0.84564480675008102,0.065291255588944427,0.0042629480563808669,0.026690288066450827
6,0.81052968625300059,0.050820232416240022,0.0025826960228406532,0.084683029054640258
7,1.23916269287289,0.11111441761185695,0.012346413801222145,0.00015748379311245736
8,0.77479571053338581,0.05479878032388201,0.003002906324985078,0.06298317133096959
9,1.6541896925865696,0.11237483995058199,0.012628104653918918,0.00013232001884362339
10,0.65799310839745806,0.057893195806431902,0.0033516221206818645,0.049475053960397468
11,-0.66801486707523416,-0.04758194399571522,0.0022640413944113795,0.10649580938331324
12,1.1861775226156979,0.085791118918477072,0.0073601160852842743,0.0035676144601784086
13,1.1088838197899398,0.088500639484670907,0.0078323631891956905,0.0026431649620907148
14,1.8012350403541737,0.12131361223870307,0.014716992514402408,3.6544494983121129e-05
15,1.9271116684808924,0.1391873216876891,0.019373110518592248,2.1146604836959576e-06
16,0.023920880647308292,0.001636121493911047,2.6768935428377162e-06,0.95576278998313979
17,2.1248298331586182,0.14373656807721935,0.020660201002617114,9.6451737112176231e-07
18,-0.53702336906583781,-0.040644137493117891,0.0016519459125594715,0.16802434432009036
19,0.3004403497718946,0.02062691888792248,0.00042546978280893317,0.48429258221218185
20,2.4301617937535815,0.17243569293869726,0.029734068199248689,3.8506639228544912e-09
21,2.8063378001935999,0.19677209610815591,0.038719257806797344,1.6125737441377405e-11
22,1.616538250456329,0.11981609289048659,0.01435589611554171,4.5625758181809969e-05
23,1.4781512191552475,0.11053771896452912,0.012218587313881219,0.00017043930766486723
24,1.1078293843300639,0.078085344588951583,0.0060973210395753102,0.0080140687409379161
25,0.78441728778995623,0.051566959837742968,0.0026591513469073963,0.080203832455054025
26,0.24454892951995424,0.018805037941734517,0.00035362945199007476,0.52371610747276498
27,0.29502048337738096,0.020323021621435226,0.00041302520782532371,0.49075495615630571
28,0.53044069584283171,0.038192204231001461,0.001458644464022526,0.19519892046388584
29,0.15064752977568732,0.011831015397680965,0.00013997292534016407,0.68831993761082899
30,0.99855671439025295,0.084073372642496771,0.0070683319874841246,0.0042968612546289931
31,1.5917448162768246,0.11139643924880382,0.012409166677312441,0.0001514906999434141
32,0.95636177233845732,0.079256593488508498,0.0062816076114026878,0.0071158747589682237
33,1.9351338169622869,0.14015195694921181,0.019642571036693722,1.7940525090648038e-06
