,Slope,R Value,R Squared,P-Value
0,0.0019535942767256458,0.037668285693423356,0.0014188997470813626,0.20140127470964869
1,0.0011530546372391325,0.021541296085541641,0.00046402743704497166,0.46512930718840806
2,0.0013232004269220193,0.026909459508716604,0.00072411901105125839,0.36149975467165463
3,0.0022469064206843436,0.049688747471599903,0.0024689716252964257,0.091853124336495104
4,0.0053010787223583015,0.10649450775132271,0.011341080181196533,0.00029355653064659117
5,0.00092730917652691133,0.019957328916552872,0.0003982949774834774,0.49859235974355087
6,5.2535241891099386e-05,0.0013530668401053067,1.8307898737925595e-06,0.96341005873205188
7,-0.0040079863878775684,-0.085365267759497362,0.0072872289396506799,0.003737084124414316
8,0.0022349234344435556,0.052537247599063551,0.0027601623852853089,0.074672857576468341
9,-0.0014696807788832104,-0.03167761113776589,0.0010034710473955095,0.28269892948268172
10,-0.0009056286110293531,-0.018478489149150588,0.00034145456123527601,0.5309520629822293
11,0.0010187722410713068,0.023559181661151625,0.00055503504054314301,0.42436699345372397
12,0.0022677227576772528,0.054104115884937243,0.0029272553556907183,0.066401200340221164
13,0.001756095511650559,0.034820908931614866,0.0012124956988238159,0.23762818018368043
14,0.0019848753007129711,0.04201959337530279,0.0017656462274257901,0.15407815625594135
15,0.0015333115693215156,0.033909778092570286,0.0011498730502873598,0.25013674892306687
16,0.0010879311327157365,0.02241751153601252,0.00050254482346725441,0.44716786898596317
17,-0.0010403129796625157,-0.026260536081902201,0.00068961575530888746,0.37319848847566994
18,0.0018524883785115626,0.040168891752732083,0.0016135398646427077,0.17305680053534067
19,0.0014278219400486825,0.03091795888623964,0.00095592018169120469,0.29440749574999481
20,-0.0013477088338428108,-0.029586245588519876,0.00087534592802421176,0.31570651405799249
21,0.0016226975270655798,0.036592527417021993,0.0013390130627655063,0.21458399625138067
22,-0.00020084897348130755,-0.0041651859617590154,1.7348774096034374e-05,0.88769753870490986
23,0.0011313433606981653,0.026931629042762341,0.00072531264289696004,0.3611041832938614
24,0.00060642838808630008,0.013485297303203653,0.00018185324335579173,0.64750568938150155
25,0.000897110670684989,0.019378976273443021,0.00037554472140666754,0.51112181784121558
26,-0.0002088156714314479,-0.0046697862577404587,2.1806903692981636e-05,0.87419945061132998
27,0.0010908655055651268,0.019326574193326247,0.00037351647005014405,0.51226511960926979
28,-0.0013358329019581905,-0.025474020490353497,0.00064892571994294983,0.38768762348553243
29,0.00088844585519959318,0.021692362627497817,0.00047055859636286403,0.46200432403941738
30,0.0012795511745272614,0.028010791900135553,0.00078460446287269953,0.34217726134675119
31,0.0046727952931616473,0.099418455224329641,0.0098840292391920385,0.00072727370875368873
32,0.00071488910298184529,0.014253677894145117,0.00020316733351004117,0.62889323517447182
33,0.0030467748128425289,0.070511423560884662,0.004971860852582481,0.016683083210458655
