,Slope,R Value,R Squared,P-Value
0,0.48894782322110625,0.034336175249442068,0.0011789729307603981,0.2442268625690539
1,-0.23342974318720258,-0.01614158894858863,0.00026055089378519859,0.58416949471044277
2,-0.087578811527050063,-0.0061823863817400499,3.8221901373124827e-05,0.83397101766507298
3,0.35358413311481807,0.024837255476640879,0.00061688925961192736,0.39966529567296816
4,0.19819427665377523,0.015090455842977846,0.00022772185754886423,0.60888887868928077
5,0.79039085678939347,0.055753299518381497,0.0031084304071863585,0.05852470678373229
6,-0.11730938042611815,-0.0082016519455431897,6.7267094635832392e-05,0.78095419562522284
7,-0.034732905691220152,-0.0025397924094903274,6.4505454833046831e-06,0.93137899945294333
8,0.6749173239505778,0.048544137737149766,0.0023565333086433679,0.099594039963397676
9,1.0577861360926317,0.073061735228517291,0.0053380171546019645,0.013122735088970067
10,0.76435764756658875,0.056710868714557015,0.0032161226303597215,0.05431826240811808
11,0.43691156073122883,0.031543809803161321,0.00099501193689801627,0.28473801622998873
12,1.905711914559715,0.13896911864299674,0.019312415936411306,2.1944552767230467e-06
13,-0.19409219639395695,-0.013820121018275917,0.00019099574495979175,0.63936729430990846
14,0.34865990278586734,0.023567471390007921,0.00055542570771884188,0.42420395658028776
15,1.1680924488298279,0.078474940925108053,0.0061583163531991987,0.0077046367892202473
16,0.29773959063797312,0.020697002369787311,0.00042836590709498159,0.48280882261330171
17,0.36727212025196287,0.024787137260678445,0.00061440217357971376,0.40061737205187531
18,-0.41642835861791977,-0.028446902334948183,0.00080922625245408045,0.33471166851849843
19,0.82218005906715574,0.059419065860140854,0.0035306253876917562,0.043764198031221384
20,2.0560776557994407,0.13431221592031037,0.018039771345424074,4.7735714494987012e-06
21,0.94731770019198225,0.066499814214717679,0.0044222252905919673,0.024000139102781273
22,0.68862278322529058,0.04708232790454079,0.0022167456009107001,0.11022600516041925
23,1.0720520394638806,0.077132977921091847,0.0059494962829756423,0.008817746993909777
24,1.3694317756927021,0.095798142339265133,0.0091772840756541036,0.0011321019524590031
25,-0.52874940651342417,-0.036623953645914004,0.0013413139806580576,0.21419028290079373
26,1.02946595059434,0.075594120546802063,0.0057144710612444414,0.010268997236634811
27,0.049213183052337732,0.0033214652288885618,1.1032131266715746e-05,0.91033801780339052
28,1.136559005733671,0.079462472694929745,0.0063142845667924549,0.0069676683873459823
29,-0.018155209155222625,-0.0012460318110512451,1.5525952741516458e-06,0.96630273121008914
30,-0.33702910313336282,-0.02389713497982137,0.00057107306024380209,0.41775005510397822
31,0.94723692655661273,0.067239207984329488,0.0045211110903599187,0.022472811651973498
32,0.1906821139681914,0.013264069279864114,0.00017593553386103492,0.65290623038908269
33,0.89762452294487938,0.064568731508219943,0.0041691210885805947,0.028419727822654037
