,Slope,R Value,R Squared,P-Value
0,-0.17834317289841081,-0.029609199837970002,0.00087670471504484274,0.31765768609252459
1,-0.90393670702113682,-0.13993769579468637,0.019582558704326184,2.0840617853674889e-06
2,-0.95887382313088931,-0.15051375191742708,0.022654389516260785,3.2608907264842802e-07
3,-0.65506946777189567,-0.12175089086015919,0.014823279425242395,3.7327770143991179e-05
4,-1.4265007218592975,-0.23078249001401296,0.053260557697067994,2.9316493147523122e-15
5,-0.063050038128192668,-0.010372076344358159,0.00010757996769319411,0.72635328511966357
6,-1.7411698534766082,-0.3162664931531996,0.10002449469142285,6.3759879843760257e-28
7,-1.2246084151449783,-0.20040345739662796,0.040161545736522079,8.4111848242676201e-12
8,-1.3743694436770693,-0.23045388329771277,0.053108992326995813,3.215913535920239e-15
9,-0.3664620108086718,-0.059888455223065663,0.0035866270690051408,0.043119367819192053
10,-0.73678053834211599,-0.11824476934556667,0.013981825477586264,6.2325315701190529e-05
11,-0.88959154643910221,-0.1539850479924986,0.023711395005252097,1.7236080412085855e-07
12,0.25436322085848734,0.044206094626135166,0.0019541788020948163,0.13561609656238693
13,-0.036131305196811105,-0.0049911668689098677,2.4911746713303531e-05,0.86625968694618938
14,-0.14594525939739433,-0.028866605571534056,0.00083328091722252107,0.32995207584139863
15,-0.91153772921058229,-0.15476576847994045,0.023952443093186528,1.4904123573953581e-07
16,-0.33064978500311581,-0.06472346627558262,0.004189127086726481,0.02880315772558905
17,-1.4972423347892883,-0.23384938917781153,0.054685536818835555,1.2274483945907054e-15
18,-1.2038368807295394,-0.18079765249151836,0.032687791146443837,7.6912051685794469e-10
19,0.78557480892464793,0.12654259167435739,0.016013027507663143,1.8110057841236528e-05
20,-0.56359101908355147,-0.08894824181964249,0.0079117897228055973,0.0026364512480444705
21,-0.036219683354023535,-0.0054291595245709572,2.9475773143239542e-05,0.85464874881551622
22,-0.55813125195205315,-0.093197122968926571,0.0086857037296852214,0.0016244114106228832
23,-0.093552558221811438,-0.016496206791739312,0.00027212483851582622,0.57776836446215163
24,-1.2979442458784418,-0.19500279964481815,0.038026091869317089,3.0611913264249061e-11
25,-0.94792503248039273,-0.15966078744453843,0.025491567047410083,5.892326857946867e-08
26,0.3721677004779228,0.059868799305912712,0.0035842731303316546,0.043188038982863601
27,-1.075566379968655,-0.17311178380331957,0.029967689691567257,3.9668585697101188e-09
28,-1.5187503580333601,-0.24363541701424377,0.059358216423704459,7.0165944054975837e-17
29,-1.2138374435131365,-0.19574325560769357,0.038315422115898862,2.5698793336272794e-11
30,-0.40276804753555978,-0.065442777801063778,0.004282757166319406,0.02706920853836297
31,-0.10204734499398613,-0.019534498179084689,0.00038159661910866304,0.5097741300907862
32,-0.78529258089223564,-0.13189107420740906,0.017395255455584284,7.8305990736581509e-06
33,-1.3805541724799961,-0.26917907594441537,0.072457374926289342,2.1649171044952139e-20
