,Slope,R Value,R Squared,P-Value
0,12.793464826380157,0.34046401230552337,0.11591574367517557,2.3269822268652222e-32
1,7.7140694314287828,0.21488521906800329,0.046175657373903764,2.1932889420724009e-13
2,9.0827981914645139,0.27590404972293336,0.076123044653514882,2.2160087633431893e-21
3,10.700256372158044,0.31639286044486126,0.10010444214048145,6.0590542374987789e-28
4,4.9106253549671841,0.12360779420300795,0.015278886787733165,2.8291678079569549e-05
5,8.1429529199901189,0.20149682667491758,0.040600971160061776,6.4465982525764958e-12
6,3.0500263341429745,0.093623032269223985,0.0087652721712841563,0.0015457569175188555
7,17.965004273889001,0.45160492301372035,0.20394700649022829,2.012836583698145e-58
8,9.3498924885718377,0.27543868324009757,0.075866468225038799,2.5999618189759366e-21
9,16.058464616051698,0.45833663006565889,0.21007246645994465,2.4373534587381592e-60
10,7.3608285105115199,0.21201721149420705,0.044951297969779321,4.613207108074464e-13
11,3.3409833852646269,0.098055418794513655,0.009614865154967461,0.00091136795786561501
12,8.0398318993688456,0.2329798646212124,0.054279617318918456,1.5730915528791855e-15
13,9.7404644955463038,0.25882863209627843,0.06699226079283066,6.3836599304213467e-19
14,9.9958063149807419,0.29369641514083533,0.086257584266577883,3.898407809614156e-24
15,10.951318803510663,0.30311660453464095,0.091879675944609912,1.124482912842936e-25
16,6.5696746552053016,0.18212948134574289,0.033171147975269308,5.7456404529027014e-10
17,5.0227664614931236,0.13190304821383686,0.01739841412810177,7.8156253637683012e-06
18,10.53292824297159,0.24379272218370318,0.059434891389740278,6.6941001523987023e-17
19,3.2609233674156952,0.10003453024575591,0.010006907241489055,0.00071484149248223839
20,11.070787189758919,0.31444447050027236,0.098875325028196653,1.3262541991697723e-27
21,8.496281892040523,0.2431328334162933,0.059113574685035024,8.152965957577187e-17
22,8.1470884895758093,0.19092667046369688,0.036452993494353103,7.9213629578107029e-11
23,4.3434984979460678,0.13820709455792859,0.019101200986144217,2.7881170675390232e-06
24,4.5881261051459319,0.11744673794365715,0.013793736253606076,6.9902188049984177e-05
25,11.079230951009265,0.31225742448429283,0.097504699145563839,3.1733230334595552e-27
26,6.6221610297281082,0.11766572082342758,0.013845221856896798,6.7740666870683239e-05
27,5.6632224393050388,0.15139791483928858,0.022921328617684478,2.7758582031937173e-07
28,8.9885450079344569,0.27004883638841032,0.072926374034734398,1.6180104311507661e-20
29,11.602616339963294,0.32431921985606305,0.10518295636804535,2.3555059973364279e-29
30,13.234607872072234,0.3490777991382365,0.12185530985119498,4.8847458255023431e-34
31,8.1194070148019311,0.22179556549897744,0.049193272875011192,3.5002170369568539e-14
32,12.950056817634856,0.36746450370374256,0.13503016148223784,8.4724977514930745e-38
33,11.92469330720545,0.33043162753164723,0.10918506047321325,1.8006361293530984e-30
