,Slope,R Value,R Squared,P-Value
0,-0.36781882066220484,-0.071737772183533777,0.0051463079578565928,0.015364339908899693
1,-0.59720079329125664,-0.13537578189477653,0.018326602323622106,4.4549268182190283e-06
2,-0.8853302603357085,-0.19712571684173788,0.038858548240369023,1.8503706448105523e-11
3,0.012907855876304346,0.0030796130478085277,9.4840165242325296e-06,0.91723956087117275
4,-0.29333399017839162,-0.061387317691538761,0.0037684027733619076,0.038147534102146212
5,-0.55998129657734008,-0.14023966719868811,0.019667164255998796,1.9801568355952502e-06
6,0.013290898869216791,0.0035904361455594519,1.2891231715339813e-05,0.9035740544031382
7,-1.2646328306481209,-0.25378752370022462,0.064408107185892072,3.143998561739379e-18
8,-0.36489233262713483,-0.084177526561187752,0.0070858559779594698,0.0044363854580433916
9,-0.73334301798161372,-0.16936877804004102,0.028685782974776683,8.5916134751702128e-09
10,-0.41231378351970699,-0.091315137662513146,0.0083384543663237269,0.0020179508229450425
11,-0.24205441102784489,-0.06464135832294042,0.0041785052058347788,0.029007029284663768
12,-0.32998743776464828,-0.073533195085510539,0.0054071307794837514,0.012973472545304003
13,-0.95719604763131028,-0.22628303669544533,0.051204012696112258,1.0281943057064523e-14
14,-0.051815241240134931,-0.01147726360525397,0.00013172757986448737,0.69855280552939969
15,-0.64857971174150542,-0.1599528801301219,0.025584923861921148,5.5698693261002608e-08
16,-0.44639271495181537,-0.10332817960217593,0.010676712699899525,0.0004725968606046703
17,-0.72137721647623376,-0.18984734048282012,0.036042012688399828,1.0153740477890092e-10
18,-0.64050147514657663,-0.13838898707081285,0.019151511742485604,2.7045633722658536e-06
19,0.052920849138425624,0.013037810807695741,0.00016998451065726786,0.659983336652887
20,-0.082060620514019897,-0.016411757035014428,0.00026934576897634559,0.57971754791529795
21,-0.64361134871750936,-0.13484935532007822,0.018184348630240706,4.8555341366876718e-06
22,-0.35908423552470298,-0.071865471221309582,0.0051646459538608755,0.015182312967538393
23,-0.092200025870747965,-0.019909515290655731,0.00039638879910885435,0.5016812116578887
24,-0.56427488567668127,-0.13572706297243045,0.0184218356231221,4.2054113552783149e-06
25,-0.22275156521181955,-0.056671606418240879,0.0032116709740240006,0.055654329904634391
26,-0.14999761045343005,-0.007693004906627986,5.9182324493402265e-05,0.79518880461430508
27,-0.68407476612630491,-0.14650518225399481,0.021463768427276236,6.6894353806291594e-07
28,-0.52473945631141516,-0.12413453815332588,0.015409383562539519,2.6133721916371804e-05
29,-0.75969898335664299,-0.14828662816035337,0.021988924091166907,4.8722181285947163e-07
30,-0.80491194180658987,-0.18100157915703463,0.032761571657340276,7.3563540374191811e-10
31,-0.92578640020569691,-0.22577869975395945,0.050976021262588572,1.1815135880476037e-14
32,-0.17161753139436658,-0.04159294505127057,0.001729973078038013,0.16031203227356564
33,-0.13703115586592371,-0.031845172694427298,0.001014115023937898,0.28247242631409764
