,Slope,R Value,R Squared,P-Value
0,0.003786129168698504,0.053558914055534326,0.0028685572748081123,0.070534134456270103
1,0.00079904386937329572,0.013720988559171449,0.00018826552704091377,0.64337094393021099
2,0.0025226095882882197,0.03701144649222219,0.0013698471714466262,0.21157147847920557
3,0.0027278492816105167,0.043416750710564798,0.0018850142422633289,0.14274511308374155
4,-0.00023371446396718229,-0.0034825702903478633,1.2128295827213601e-05,0.90645743809682688
5,-0.00027661988110139657,-0.0043633454611411854,1.9038783613261383e-05,0.88295265136861323
6,-0.00035688977273068282,-0.0060457286250899921,3.6550834608232528e-05,0.83835754071495483
7,0.0074850559026926515,0.10171882289971682,0.010346718932103954,0.00057937291112279297
8,0.0019506943953355549,0.034371525377901897,0.0011814017568037541,0.24600998695233631
9,0.0087487830085729457,0.14776206852546467,0.021833628894924115,5.3509544902955073e-07
10,0.0053978657481525113,0.080624522674646384,0.006500313656514569,0.0064332138208935165
11,-0.0012933060974876743,-0.020857321936620481,0.00043502787836782991,0.48153405250371639
12,0.0028024866040845626,0.047086852069638745,0.0022171716378280425,0.11190905749065681
13,0.0021261683099660844,0.036672932969193807,0.0013449040125629822,0.21578196388413706
14,0.0012235256124962723,0.01912736514992926,0.00036585609757872837,0.51863675284394262
15,0.0045288666413321067,0.071407918618384345,0.0050990908414098018,0.015843431651988631
16,0.0036131051353895643,0.059876132047535266,0.0035851511889738799,0.043162410064085596
17,0.00028609370989422848,0.004599914582788165,2.1159214168947217e-05,0.87665607368341447
18,0.0055895872282488374,0.081791273180869511,0.0066898123685476246,0.0057026420216760585
19,-0.0014194781218668593,-0.023206360322322716,0.00053853515940947404,0.43355268528600599
20,0.0014036612833522911,0.021123436379124928,0.00044619956446293846,0.47595746181830789
21,0.0030046320699015179,0.042844180206284929,0.0018356237775486173,0.14809358269367115
22,0.00061655711076735341,0.0090660426523318099,8.2193129373899605e-05,0.75967341464156779
23,0.0032958652763921312,0.051507519468118511,0.0026530245617586074,0.08201646535241025
24,-0.0016438327474295696,-0.02617856712587676,0.0006853173767640354,0.37698783636327216
25,0.003200928513585373,0.055599361254072784,0.0030912889718608897,0.06045404589607295
26,0.0022097950812567206,0.036136582342491209,0.0013058525833956475,0.22257600202043384
27,0.0028298498206921082,0.04182193445303041,0.0017490742013935719,0.15802079453700266
28,0.0012926893468949872,0.021019240970277474,0.00044180849096659114,0.47813671855459217
29,0.0051829740517215705,0.073651827922610075,0.0054245917563417647,0.012827751216287321
30,0.00048674317222947231,0.0071751200896383619,5.1482348300732012e-05,0.80869986480292577
31,0.0026919018523396659,0.045445125549737085,0.0020652594362313664,0.12498366365535363
32,0.0014943601334775174,0.022183794460702726,0.00049212073667470493,0.4540921023063218
33,0.0071596886016507804,0.11690481045633584,0.01366673470783181,7.5534974977476058e-05
