,Slope,R Value,R Squared,P-Value
0,0.037422933566120933,0.45624704352511092,0.20816136472540445,9.6948383002943588e-60
1,0.024473161671203319,0.35704519260942635,0.12748126956550238,1.2289029046887951e-35
2,0.029982318635611727,0.38420536362634056,0.14761376143924856,1.9243997120739473e-41
3,0.0366082400762354,0.50899058974479561,0.25907142044875481,3.1872848880409955e-76
4,0.029526426824634841,0.38043568650964876,0.14473131157006774,1.3289109373607114e-40
5,0.028816856371724278,0.36825241495492866,0.13560984112013696,5.7714241179766473e-38
6,0.032700527979414223,0.49718003571187813,0.24718798791046442,2.8112680846291684e-72
7,0.032718137989373633,0.39870055762395762,0.15896213464965475,8.9825618925640582e-45
8,0.032367162567042224,0.48130150080201334,0.23165113467427045,3.276814912972108e-67
9,0.02861958192224609,0.40580084278522172,0.16467432400519624,1.8207729226626674e-46
10,0.03125557092588261,0.39760399824237158,0.15808893941831983,1.6264385497008184e-44
11,0.033767280978159696,0.46833984412017515,0.21934220959050996,2.8710780048546506e-63
12,0.031776576831124219,0.45810658098661322,0.20986163954324441,2.8388146202578334e-60
13,0.02517629265341385,0.36984710905591256,0.13678688407701609,2.6449003419451026e-38
14,0.029444549111530646,0.38200306900093428,0.14592634472613256,5.9690358319987449e-41
15,0.035107515326615026,0.44725404738107988,0.20003618289875724,3.3119245413920714e-57
16,0.023195678212629758,0.31605442632345782,0.09989040039865002,6.9451693944322709e-28
17,0.032138583262609294,0.43926432399438442,0.19295314633424354,5.1064212050400625e-55
18,0.03549805395496259,0.43296717550122821,0.18746057506151134,2.4654908815204435e-53
19,0.029373413092951495,0.40849954121418003,0.16687187517219557,4.0353288242356079e-47
20,0.030003093779746182,0.37683405499771255,0.14200390500601906,8.2233228104156759e-40
21,0.026818072457257598,0.3185296527450534,0.10146113967788431,2.5489971731054345e-28
22,0.028833268097460892,0.35677223372584949,0.12728642675773216,1.3965957386000046e-35
23,0.033575151924421336,0.449748391444588,0.20227361560699436,6.6827162132768079e-58
24,0.026632714662236715,0.36123613176964164,0.1304915428958939,1.6971742412330177e-36
25,0.02879343886012304,0.40203102865520446,0.16162894800156183,1.4599199907523018e-45
26,0.032695014107467731,0.44472787424392324,0.19778288212951881,1.6527582079013284e-56
27,0.031202495909033637,0.38859137611426203,0.15100325759037586,1.9676868241213273e-42
28,0.033820987480953503,0.46868482397747802,0.21966546422679956,2.2661667253459871e-63
29,0.028247697040029562,0.31989752215893463,0.10233442468342607,1.4589585089200582e-28
30,0.031132452800506707,0.3808066278428846,0.1450136878090692,1.100031747650753e-40
31,0.031942842198209136,0.46186782531532761,0.21332188806150998,2.3126088803248134e-61
32,0.028684347510162023,0.37508778227162864,0.14069084440944871,1.9736083450883097e-39
33,0.035139432088458732,0.46823820811389205,0.21924701953770848,3.0781877962519788e-63
