,Slope,R Value,R Squared,P-Value
0,0.38832870747182091,0.46227859552942269,0.21370149988465559,1.7552577542359301e-61
1,0.35123876493972866,0.49529285390691608,0.2453150111312577,1.161797526188792e-71
2,0.39320562486500449,0.48589438499353937,0.23609335336824985,1.1947099645511853e-68
3,0.33295123819589811,0.4661762229985042,0.21732027088915112,1.2583734662706726e-62
4,0.31393366636455089,0.3812467810777101,0.1453491080821154,8.7873903688346713e-41
5,0.33352108089721444,0.40336209173953119,0.16270097705248998,7.021718223102199e-46
6,0.36285189022199615,0.55219784117979054,0.30492245580362115,4.6619246939333278e-92
7,0.40426880050656921,0.48958696684574965,0.23969539810522117,8.0353178788761099e-70
8,0.25263055855398187,0.33338009578462485,0.11114228826536564,5.1005147103473727e-31
9,0.32130663132100845,0.39745207453507903,0.15796815155223801,1.7655641377955289e-44
10,0.30112480462811098,0.36380908396137573,0.13235704957281533,4.9598975688913156e-37
11,0.28119512888438369,0.41324430808509061,0.17077085816472529,2.7587144195246585e-48
12,0.354391492507654,0.4658066849936745,0.2169758677847963,1.6179324363381757e-62
13,0.40690537031297314,0.45822996559612067,0.20997470137022192,2.6159393136734727e-60
14,0.1960456145946935,0.2592166576956122,0.06719327562688418,5.638226326106175e-19
15,0.36660867039589129,0.45231234092681027,0.20458645375469106,1.2716885388848176e-58
16,0.30906716475741663,0.42036698125956012,0.17670839893327536,4.529207290342117e-50
17,0.31914043048294255,0.38234560954374502,0.14618816513737792,5.0082665845977556e-41
18,0.29430512020864341,0.34468740643506546,0.118809408154932,3.5535247023412019e-33
19,0.27382953878114663,0.38874853750482569,0.15112542541214086,1.8121315664966914e-42
20,0.19500827504733173,0.24581193721370062,0.060423508476752298,3.6484218757633735e-17
21,0.29294678263201485,0.33729440074141076,0.1137675127715074,9.3552094521444652e-32
22,0.38014355048807796,0.46901929203187315,0.21997909629807952,1.8011808920269289e-63
23,0.30573402610598294,0.40897344398202773,0.16725927788252076,3.0927555389321372e-47
24,0.37889404735090121,0.49282068655622202,0.24287222909774603,7.3546353964903949e-71
25,0.39742414730465841,0.5182134604278561,0.2685451905686132,2.0550608895914173e-79
26,0.26034772030127862,0.32725018656288224,0.10709268460544123,6.9154319903156673e-30
27,0.26075239381205412,0.32900012563363223,0.10824108266694579,3.305479789803688e-30
28,0.33769041438591735,0.49310515738912825,0.24315269624375693,5.9521685566918921e-71
29,0.39663481694340436,0.42501466319192865,0.18063746392814856,2.9383921282486867e-51
30,0.37542876928307178,0.44083849680101223,0.19433858026177606,1.912610612045293e-55
31,0.4033758990419436,0.52381262421017649,0.27437966528195157,2.1253718036246852e-81
32,0.44429433924411632,0.5379470598342756,0.28938703918434167,1.4027424131043951e-86
33,0.25853059509014942,0.33560507996787198,0.11263076970024175,1.9509297853414719e-31
