,Slope,R Value,R Squared,P-Value
0,-0.012685541028726882,-0.21704399809894526,0.047108097110774953,1.2445174521938426e-13
1,-0.022616975620096506,-0.36535366133653063,0.13348329785200833,2.3572137604898482e-37
2,-0.025781278863407486,-0.39400196672604643,0.1552375497839926,1.1256222660867063e-43
3,-0.012492710836007597,-0.19646608694306497,0.038598923318719967,2.1649857300333001e-11
4,-0.026170963419255396,-0.4212110136021785,0.1774187179797746,2.7648754835142023e-50
5,-0.024961910684132619,-0.42276137154923332,0.17872717727418891,1.1126522305803993e-50
6,-0.017837363549832362,-0.27634763272378643,0.07636801411204075,1.9023905686129609e-21
7,-0.021844432166217568,-0.36913980875509583,0.13626419840774873,3.7406458303828614e-38
8,-0.022991671715450693,-0.40108277904641088,0.16086739564759206,2.4541996610448727e-45
9,-0.020885853772585405,-0.34509392543079676,0.11908981736923631,2.960994231865396e-33
10,-0.016465173691457877,-0.29066435986241329,0.084485770094226489,1.186953796301964e-23
11,-0.016327438590750885,-0.26221238178648054,0.068755333162139026,2.1466048124432609e-19
12,-0.016007018170678948,-0.26684729997601275,0.071207481504488135,4.7010413205422274e-20
13,-0.01683241951003266,-0.32677280597468561,0.10678046672456953,8.451054447706235e-30
14,-0.022138485867392685,-0.34597709968266377,0.11970015350482786,1.99031374604783e-33
15,-0.015432966077457795,-0.25662470139816712,0.065856237367698439,1.2872295648716967e-18
16,-0.022980247304991323,-0.38071741477381071,0.14494574991205383,1.1512193766184208e-40
17,-0.020533627069834505,-0.33271162953020572,0.11069702842464486,6.7973234070635398e-31
18,-0.019977427471796337,-0.32321228722462347,0.1044661826129725,3.7289337908896172e-29
19,-0.013004265152959426,-0.20383919376636067,0.041550416915319931,3.6276073867178864e-12
20,-0.01693236223374631,-0.26655363842029711,0.071050842155098493,5.1804741243286454e-20
21,-0.029432424234672055,-0.42451086029422408,0.18020947050774225,3.9607664634657897e-51
22,-0.01496784521125669,-0.23743459592589611,0.056375187342493562,4.3663324644392549e-16
23,-0.019053050668183653,-0.31063047561112694,0.096491292378394933,6.0438542920315145e-27
24,-0.014247410066786452,-0.23227186244507739,0.053950218083704954,1.9238334338125321e-15
25,-0.015143167415383485,-0.24320436478858989,0.059148363052221507,7.9808002238409347e-17
26,-0.018600322095311955,-0.31935865731894314,0.10198995200455815,1.8182608356445313e-28
27,-0.014584762598861217,-0.21632633457286765,0.046797083029732275,1.5034982594231297e-13
28,-0.016473164843371368,-0.27804214412704104,0.077307433910762266,1.0592927971169331e-21
29,-0.017716123409302859,-0.28490686910631846,0.081171924063964881,9.4750749990158543e-23
30,-0.021970886853403728,-0.38441866068829911,0.14777770668538565,1.7237793066744667e-41
31,-0.022102040776244995,-0.37250827037872419,0.13876241150054869,7.1228004517805634e-39
32,-0.017514747961950683,-0.31651426981150471,0.10018128299431001,5.7692704079823141e-28
33,-0.02637451640167375,-0.43477979480216589,0.18903346996821346,8.1445027853467768e-54
