,Slope,R Value,R Squared,P-Value
0,22.779394683488089,0.11748658606692193,0.013803097905660254,6.9504069123718594e-05
1,44.706452209976575,0.17833946660546834,0.031804965349122957,1.3100197537928342e-09
2,23.764994918240628,0.12231301118936823,0.014960472706210518,3.4337848506569782e-05
3,42.969478842930123,0.24294689018397234,0.059023191450063114,8.6178027565402165e-17
4,42.063626619317255,0.23372932135128877,0.054629395659334008,1.2703046113152239e-15
5,11.787776759706455,0.061837242760855275,0.0038238445922649483,0.036753605777424869
6,28.687636116832106,0.15232487742818576,0.023202868283511816,2.3422915339159273e-07
7,8.3941803466136289,0.04223896716837882,0.0017841303474513839,0.1539117806561924
8,19.709792890620275,0.10185474655656701,0.010374389396102499,0.00056955362271746645
9,28.681091948423205,0.14541911729955526,0.02114671967618181,8.1006481649550606e-07
10,40.432936434044564,0.24611257641422349,0.060571400269246997,3.3316170770538382e-17
11,52.594639969997857,0.23011739960392402,0.052954017600472053,3.5350533750097057e-15
12,26.063402746236608,0.13037833079890795,0.016998509141909469,9.9594160549106662e-06
13,-8.8281679685562064,-0.050089966783907758,0.0025090047724129825,0.090802306906514113
14,-7.1492881731422031,-0.041008315386408568,0.0016816819308311537,0.16627541772116708
15,41.696308497602971,0.19808718971505671,0.039238534729208865,1.4703824178276814e-11
16,23.070725633473966,0.11574429505628077,0.01339674183807538,8.9071366528637426e-05
17,35.67713392994817,0.18689590143472945,0.034930077973100104,1.9872967765130028e-10
18,22.150603598391079,0.1054431095727303,0.011118249356366808,0.00036002372323290608
19,1.6428468354644701,0.0072924601426894199,5.3179974932713797e-05,0.80563343696164069
20,6.6221555382365604,0.03227252154925378,0.0010415156471470495,0.27606023252459572
21,0.44251868225532232,0.0025592832998857164,6.5499310090739222e-06,0.93118451458123741
22,9.3578983124098833,0.041058653048597016,0.001685812990165065,0.16575549563301584
23,29.046157185711976,0.15361986748944545,0.023599063687474778,1.8444224795840785e-07
24,0.64174152507990312,0.0027430595512898909,7.5243757019226977e-06,0.92625663677996084
25,29.645238676142551,0.15331016435172046,0.023504006493551537,1.9532538176330736e-07
26,15.888232015384551,0.089442829552873915,0.0080000197584244558,0.0024944584230865503
27,28.480257430171203,0.14070656316487209,0.019798336917670141,1.8292236400788086e-06
28,32.834152043833207,0.14609946875940619,0.021345054771780704,7.1864492977226823e-07
29,24.65367883465494,0.13712209750850934,0.018802469625133145,3.3402937917583605e-06
30,24.253800298153276,0.1393852990302899,0.019428261585763336,2.2878186490781381e-06
31,-2.5495324325048423,-0.015510185872939177,0.000240565865813122,0.60071609291414918
32,27.547031506931216,0.13621522467251898,0.018554587432584823,3.8807801641922847e-06
33,11.013979803029013,0.052094274955742641,0.0027138134831645147,0.078587345918866056
