,Slope,R Value,R Squared,P-Value
0,1.6152905997279903,0.10500306884383154,0.011025644466622426,0.00038114833994609768
1,0.721132174517775,0.05359513517800886,0.0028724385147490426,0.070343880419854468
2,1.9267471979167079,0.13086698200424227,0.017126166978898669,9.217711046015058e-06
3,1.4249525502719866,0.11501586118444403,0.013228648323999299,9.8704265966720797e-05
4,1.0866187102922036,0.071223593159079571,0.005072800222490086,0.016116827310919766
5,0.63409083684784784,0.042330027727529591,0.001791831247413424,0.15302544864042891
6,1.0381439973801034,0.07972009398155927,0.0063552933844286423,0.007056252644634449
7,2.3534695297886663,0.13919393470765493,0.019374951459398902,2.3627598618333229e-06
8,1.5324373377402392,0.11154598117167987,0.01244250591555276,0.00015966432609169619
9,2.3079912098848605,0.15325224784984914,0.023486251471031592,1.9742826589615222e-07
10,0.51678966563887485,0.037678953102663573,0.0014197035069127208,0.20344336655302531
11,0.5943979573736613,0.041659607892468198,0.0017355229297541985,0.15964243998288033
12,1.5197505311191968,0.10421355184266989,0.010860464387664845,0.00042197691609152161
13,1.3124626231557419,0.08607552439020108,0.0074089958990481014,0.0036173724387960895
14,1.8598169773498325,0.12976983453115337,0.016840209954242926,1.0962782546712032e-05
15,1.7597862609376189,0.11646222593341235,0.013563450069365185,8.0450432983496283e-05
16,1.1738985947965113,0.085384733543132155,0.0072905527222316777,0.003898059070544347
17,0.64299513088798643,0.042565511871543449,0.0018118228008865062,0.15075136202683215
18,0.64292194867948926,0.040967853715828763,0.0016783650380815447,0.1666942208803544
19,0.38902453996945491,0.029238294013868685,0.00085487783684142936,0.32376043293665702
20,1.7638757604236981,0.11917740183033469,0.014203253107029063,5.445484141965575e-05
21,1.2198774932960321,0.083711406921426978,0.0070075996487647327,0.0046616425669930408
22,1.1556424428378489,0.072971746852450572,0.0053248758386981298,0.013683140154552574
23,0.81173138896696051,0.060594684951164567,0.0036717158443308898,0.040712476464996303
24,0.50380526355973454,0.034083335285682484,0.0011616737441962487,0.24999448218483838
25,0.65137705967424531,0.048191668322216434,0.002322436895678519,0.10373442052728742
26,0.50715809680824597,0.023846334169004845,0.00056864765329984795,0.42097579102064742
27,0.32583899150470319,0.022111358264436779,0.00048891216429827668,0.4555675575785606
28,0.85713020808162799,0.065822816528949085,0.0043326431758036925,0.02618997950793777
29,0.99567791213938628,0.06414380669170841,0.0041144279369032567,0.030269156342581809
30,1.5382024045281084,0.10289974353842851,0.010588357220274361,0.00049907310818414019
31,0.45279777288860285,0.032797282264950031,0.0010756617239668059,0.26832299559339295
32,2.4784705905421784,0.15167832470120507,0.023006314184164194,2.637134933280244e-07
33,2.7380060802626454,0.17969630762386773,0.032290762973651709,9.7727177854171506e-10
