,Slope,R Value,R Squared,P-Value
0,0.1194572682999693,0.2031143971761174,0.041255458340217571,4.3372132227848589e-12
1,0.16273674822405998,0.26064885404763832,0.067937825116347064,3.5588893978625895e-19
2,0.1122712662632521,0.18275084324133661,0.033397870705419587,5.0109793654401767e-10
3,0.064565950831416183,0.11916528571865379,0.014200365320408392,5.4550772085028938e-05
4,0.15436497138908076,0.26496083135136661,0.070204242150407339,8.7541513330271739e-20
5,0.10170935714386239,0.17679438649906179,0.031256255097579642,1.8239032265005913e-09
6,0.026227665308986681,0.047595432612084959,0.0022653252055315205,0.10808509716753563
7,0.152347765570332,0.2508665171841587,0.06293400944410979,7.7940235779033335e-18
8,0.17151440261011383,0.32407082652709207,0.1050219006059526,2.6117043201416069e-29
9,0.21283420013301374,0.39869440983657073,0.15895723243493143,9.0125662868188731e-45
10,0.10225267953809919,0.17278848207281275,0.029855859537026734,4.2435417566438834e-09
11,0.14035105520188093,0.22928176475258086,0.052570127648057831,4.4685188072912833e-15
12,0.082062756136099493,0.15642671435378028,0.024469316963519169,1.091309531780664e-07
13,0.21308430758988656,0.38398149302178314,0.1474417869832377,2.1599366904877477e-41
14,0.14717436412909354,0.28562358276501498,0.08158083103152336,7.3353291400488336e-23
15,0.055222945379301384,0.096814031631923259,0.0093729567208270369,0.0010590118916295106
16,0.094612262818339371,0.18553251284006597,0.034422313320749243,2.7001972776069744e-10
17,0.20497756616940496,0.365237529667296,0.13339845307746892,2.4931672414772871e-37
18,0.22005132472216504,0.34416916589063884,0.11845241474985807,4.4821181531673091e-33
19,0.0016389202612860315,0.0025861617701073898,6.6882327011649873e-06,0.93046361139645561
20,0.20274740837389094,0.31883265173706687,0.10165425981368978,2.2531991096843844e-28
21,0.04622008212649046,0.071469472300470516,0.005107885470907722,0.015753045464613456
22,0.035952038143502445,0.060206554997594947,0.003624829264678425,0.042020785718676464
23,0.15911595562336389,0.2809586805335923,0.078937780167177174,3.8297894276761885e-22
24,0.16599171956443765,0.26006136209665498,0.067631912055567497,4.2996576750908984e-19
25,0.03771024017025365,0.068013507335873163,0.0046258371801268724,0.021587417305806732
26,0.12222012339057629,0.21276063847703497,0.045267089285155576,3.8083990648507623e-13
27,0.15159468565620898,0.24082937209564595,0.057998786463983092,1.6151196993299411e-16
28,0.094185869838321903,0.1433882541402815,0.020560191425397955,1.1543893750669974e-06
29,0.027003059979690418,0.046020783504004403,0.002117912514322444,0.12027003738400764
30,0.22452536431541478,0.3800242603379293,0.14441843844539026,1.6384072257633399e-40
31,0.12119173896465527,0.25831623675818155,0.06672727817290891,7.51870834578445e-19
32,0.17153586364613213,0.31114156294955481,0.096809072194691773,4.9386315852498012e-27
33,0.10969855170533083,0.21955547402980996,0.048204606176454556,6.388552240374491e-14
