,Slope,R Value,R Squared,P-Value
0,0.60556643213892014,0.8503895507424245,0.72316238801190258,6.1797730981823118e-320
1,0.64652816613555653,0.83453393248076402,0.69644688446180836,3.8426579970006531e-297
2,0.65917478179027178,0.79890994895288581,0.63825710653590262,9.5427636491311098e-254
3,0.57747416888582248,0.76187838514866435,0.58045867375673654,4.5881839777635524e-217
4,0.643020086338013,0.81098929110934093,0.65770363029403134,2.0252369580371478e-267
5,0.61860779048994852,0.81442303707441077,0.66328488331750701,1.7322024781397293e-271
6,0.62324247523534826,0.82113705472358589,0.67426606264012534,1.0825977498682892e-279
7,0.61083155421795909,0.85736288921512704,0.73507112380331019,0.0
8,0.64726382569610597,0.83075978597976474,0.69016182200114451,4.5214674027261747e-292
9,0.68605890972803651,0.83689055348890951,0.70038579851897331,2.2544226494364744e-300
10,0.60332098038080628,0.84017628442296166,0.70589618890677341,5.7567250500252807e-305
11,0.549501202475145,0.7843674197020698,0.61523224909008289,1.77609087430411e-238
12,0.61710975818185487,0.79127889088617476,0.62612228316205487,1.3948361961410568e-245
13,0.65866186849734865,0.81810887818733513,0.66930213656894,5.9808094384110746e-276
14,0.62052495493514048,0.82994045528348903,0.68880115931616503,5.4889377624854061e-291
15,0.61922735201727253,0.86198710828182534,0.74302177484406329,0.0
16,0.55217391100237578,0.75448358957306105,0.56924548693505128,1.5471673790098218e-210
17,0.6748551898062175,0.80644442316596732,0.65035260765548975,3.6665386287615815e-262
18,0.64247435911823847,0.8335446476546412,0.69479667963369995,8.4346520460546236e-296
19,0.56856151454957216,0.75052467638468878,0.56328728986234178,3.8855235662530794e-207
20,0.62309367414152961,0.83448703769627319,0.6963686160831013,4.4506127184392555e-297
21,0.67488422230331446,0.79403485429825416,0.63049134984044974,1.7208210605281423e-248
22,0.61150607405173962,0.82750459141529165,0.68476384881338881,8.4888483374499465e-288
23,0.605515882361777,0.81387225281178677,0.66238804389693295,7.8846119503615563e-271
24,0.61847794075042395,0.82702275339093156,0.68396663462631757,3.5792885434370797e-287
25,0.60758522905888124,0.76534688699544151,0.58575585743361314,3.2882288294490288e-220
26,0.61232292009841072,0.78593870340315874,0.61769964550703838,4.5439757708311078e-240
27,0.65214388935529344,0.81529633940207547,0.66470812104242427,1.5505786449300577e-272
28,0.54533489346924668,0.81958991120238922,0.67172762254474028,9.0210555478504745e-278
29,0.62791192748738245,0.79770445352098307,0.63633239516721019,1.9624678289210529e-252
30,0.59336717869454747,0.82316438239374923,0.67759960044168255,3.084560439262157e-282
31,0.6480462885172753,0.81975295113477731,0.67199490089417657,5.6717003675352801e-278
32,0.62064585473061573,0.87202293826918043,0.76042400486761486,0.0
33,0.60702004440086255,0.80820716238315926,0.65319881732743834,3.4813113072100709e-264
