,Slope,R Value,R Squared,P-Value
0,-1.3968527941575193,-0.32691539915616247,0.10687367820543303,7.9599989400168223e-30
1,-1.6908111443425102,-0.35841145244135419,0.1284587692411211,6.4660078716465071e-36
2,-2.317066946412345,-0.52919240017494629,0.28004459640292051,2.4240015694123093e-83
3,-1.0914197973072766,-0.25632117401992671,0.065700544250953549,1.4170203026328127e-18
4,-1.9483826951912839,-0.43903927589850728,0.1927554857814856,5.8736168011528884e-55
5,-1.812916479508949,-0.49757063106028782,0.24757653289373305,2.0935199947909278e-72
6,-1.3803259982984717,-0.33550672563226608,0.11256476294448467,2.0359352959807493e-31
7,-1.9572595965976614,-0.48259340821593116,0.23289639765346837,1.2975447795579519e-67
8,-1.8302162274701672,-0.4157426834273768,0.17284197882339605,6.6008207075362837e-49
9,-1.8401357837544003,-0.42176323267079269,0.17788422443291721,2.0003486571816124e-50
10,-1.2765070169090058,-0.33626053085952434,0.11307114461392913,1.4676877620620259e-31
11,-1.1432237169489858,-0.30170457741153295,0.091025652031071672,1.9294405911091931e-25
12,-1.214623432994002,-0.26880177410123435,0.072254393759971017,2.4555895374918784e-20
13,-1.649520664815294,-0.43954663540161759,0.19320124469288255,4.2834649858302149e-55
14,-1.7813127546136525,-0.39396045597102014,0.15520484086889411,1.1508382934173936e-43
15,-1.626900091177778,-0.43156936464207774,0.18625211649756665,5.7658984759709661e-53
16,-1.319197756043593,-0.30099677068507946,0.090599055962846314,2.5262805975012513e-25
17,-1.8282491685180595,-0.48281491002879029,0.23311023734610886,1.1065433059421451e-67
18,-1.8164688037155645,-0.43654666758148591,0.19057299297650038,2.7488130648387801e-54
19,-0.66036024966758688,-0.15474216680198896,0.023945138186574576,1.4969923460516705e-07
20,-1.8980994494108581,-0.41464831521663198,0.1719332253119914,1.2368324671082852e-48
21,-2.3129826913839349,-0.48543230630391149,0.23564452400353456,1.6708899828619593e-68
22,-1.2875660974451861,-0.27968167173356007,0.078221837503678851,5.9880727103027549e-22
23,-1.5922384228040405,-0.35801138022058993,0.1281721483674518,7.8062111729522342e-36
24,-0.98601824074071842,-0.23962174161026242,0.05741857905233537,2.3047169295459847e-16
25,-1.2617395188251064,-0.3053755852591386,0.093254248072361434,4.71120795171578e-26
26,-1.2751729135194758,-0.068465253477985363,0.0046874909338047869,0.020731103429188567
27,-1.6758615079259056,-0.36757338443051718,0.13511019294170476,8.0352437417946265e-38
28,-1.3929037824709973,-0.34035467221242377,0.11584130289682643,2.4420532831272587e-32
29,-1.4904192959037867,-0.33380183569644983,0.11142366551431969,4.2536894692187096e-31
30,-1.6992561675443025,-0.45410890949306254,0.20621490168097847,3.942712533341911e-59
31,-1.6318376365427041,-0.39321275223689783,0.154616268521716,1.714298987725045e-43
32,-1.092546877838813,-0.31599080992635314,0.099850191957912643,7.1255264434038089e-28
33,-1.4289096583252658,-0.33458298951768567,0.11194577687459176,3.036660873481232e-31
