,Slope,R Value,R Squared,P-Value
0,-11.002058958950165,-0.72711487018578613,0.52869603444529267,2.8616347077270477e-188
1,-13.14454247841576,-0.75975091879457246,0.57722145860919705,3.663957269586046e-215
2,-12.24505250709259,-0.71244817978202646,0.50758240887472272,2.0156871420809257e-177
3,-11.13623567806974,-0.73990047659579439,0.54745271526668371,2.539350796691181e-198
4,-13.644326466200063,-0.80311390413846706,0.64499194302053087,2.1343067215287655e-258
5,-12.844338008058665,-0.7561961612371989,0.57183263426987574,4.9956036450372307e-212
6,-12.542768691147197,-0.74841292719563712,0.56012190959354202,2.3818023221202979e-205
7,-12.933134296745603,-0.79497065941208434,0.63197834932608421,1.7293942374008727e-249
8,-12.718642742126136,-0.75989805586268877,0.57744505530389412,2.7103482975283122e-215
9,-13.712570594278455,-0.75382076971094081,0.56824575284759526,5.7980270128752861e-210
10,-10.525820676397332,-0.75338017218937414,0.56758168384809105,1.3920456677431589e-209
11,-11.668720232445185,-0.68315728623544714,0.46670387773658067,1.1146713105408838e-157
12,-12.877119368062184,-0.73912630865523909,0.5463077001463198,1.0719407351177703e-197
13,-13.534208445867817,-0.83380896360087875,0.6952373877811715,3.7028029161646134e-296
14,-12.668957056448138,-0.74207222257403338,0.55067118351596578,4.3468980616575105e-200
15,-12.80512308458842,-0.7725403965592248,0.59681866431588426,6.5749689002490484e-227
16,-10.937083899442221,-0.6570993513580653,0.43177955755519015,5.6597949432784696e-142
17,-12.981294595388785,-0.72864417633363132,0.53092233570491598,1.9258352275751969e-189
18,-13.253488339740766,-0.7798010680088262,0.60808970566770604,6.3264979381180606e-234
19,-11.690875844864284,-0.69499223919755626,0.48301421254483323,2.27646746580054e-165
20,-12.569019249988724,-0.7530529097864973,0.56708868493791043,2.66478406421461e-209
21,-12.452169612609401,-0.72731929890811997,0.52899336256419915,1.9971539462077755e-188
22,-12.740018007808041,-0.74247286826561665,0.55126596011057172,2.0433239753585077e-200
23,-11.967693031409114,-0.76941819257379673,0.59200435506352811,5.6948372180735019e-224
24,-12.051264230310602,-0.71387404925812592,0.50961615820419315,1.9051719367483846e-178
25,-13.557982702320233,-0.7789390221620438,0.60674600024676095,4.4482699076420916e-233
26,-11.412814768346747,-0.45579632066665582,0.20775028593326095,1.3041674448061992e-59
27,-12.463914875243949,-0.70621061431316856,0.49873343176858292,5.169096258757761e-173
28,-10.090452560285486,-0.67971140706825806,0.46200759689871118,1.6513142013008166e-155
29,-12.593953108425707,-0.76656938018016774,0.58762861462980653,2.4864392942690781e-221
30,-12.029148937369314,-0.78887582977827009,0.62232507480835419,4.4170368410976621e-243
31,-12.742012431953743,-0.77001398627670137,0.59292153906173606,1.5794827397650804e-224
32,-12.808562892007146,-0.80124038876195725,0.6419861605834124,2.6034709510125868e-256
33,-13.488541851446229,-0.7409803550138031,0.5490518865163817,3.3771337125293421e-199
