,Slope,R Value,R Squared,P-Value
001,0.022921041954318998,0.88880598763084517,0.78997608364844207,0.0
002,0.024403735896470751,0.93036779116176427,0.86558422683122016,0.0
009,0.025646741411407551,0.90274012820333005,0.81493973906856476,0.0
010,0.024440760873424627,0.91999008207317556,0.84638175111300828,0.0
011,0.024333406738775622,0.91521669722342469,0.83762160287655385,0.0
012,0.023906831636293802,0.94436702973655007,0.89182908685343409,0.0
013,0.024855803606610497,0.91890853187280108,0.84439288994862671,0.0
014,0.023459360987917052,0.94509973100543854,0.89321350154655232,0.0
015,0.023943155558625407,0.91191035641363316,0.83158049813443946,0.0
016,0.024906874800624545,0.91630683793069811,0.83961822123855467,0.0
017,0.0228246497221723,0.9143223800489132,0.83598541465830922,0.0
018,0.025222533966427638,0.93980487829113923,0.88323320925982307,0.0
019,0.024692755158435865,0.92349765752846058,0.85284792346055383,0.0
020,0.022082606142900762,0.91565548115589201,0.83842496017082813,0.0
021,0.02354879897110063,0.89209874795828392,0.79584017610873781,0.0
022,0.024092222898997446,0.94389348603658396,0.89093491298229488,0.0
023,0.025727646337284152,0.92559627318950277,0.8567284609422966,0.0
024,0.023806078675222456,0.90460260325341646,0.81830586981285802,0.0
025,0.024332610191362833,0.93643299994886253,0.87690676339322637,0.0
026,0.024607485378427517,0.88353653211800109,0.78063680358710363,0.0
027,0.024728501253620638,0.92344487872586722,0.85275044404503164,0.0
028,0.021540501206939771,0.90104868992618892,0.8118887416177013,0.0
029,0.026008760745903234,0.9113036144835065,0.83047427777070348,0.0
030,0.023353531969156429,0.91496025915491275,0.83715227583282514,0.0
031,0.024146017325271045,0.92964693542859989,0.86424342455178738,0.0
032,0.023700470509566099,0.90532822917775901,0.81961920254613696,0.0
033,0.023697431123868355,0.85892285683904868,0.73774847400055288,0.0
034,0.02379546609774957,0.91506765929097555,0.83734882108026487,0.0
035,0.02383826882975279,0.92952420223443477,0.86401524253956241,0.0
101,0.02306154090685952,0.91958684273162716,0.84563996132512242,0.0
102,0.021994184332707129,0.91152251196454204,0.83087328981814867,0.0
103,0.022460405737132646,0.91450254036790746,0.83631489633935618,0.0
104,0.024383251207892472,0.9292893751327016,0.86357874273452695,0.0
105,0.024503350959057087,0.90842955800315861,0.82524426185381416,0.0
