,Slope,R Value,R Squared,P-Value
0,-11.12508141233206,-0.11125923392556426,0.01237861713370343,0.00016603724001903797
1,1.77140561522996,0.016166485353121249,0.00026135524867268385,0.58539605374138737
2,-6.1818992976463552,-0.059036079496511795,0.0034852586823184602,0.046183231010446663
3,1.0592240253073599,0.01250336081742783,0.00015633403173078954,0.67309747593375213
4,2.4511189664705086,0.023573860693999124,0.00055572690802007686,0.42630415408231215
5,-11.248720984214623,-0.10635594965220539,0.011311588026422448,0.00031964131083617278
6,5.7921398373266655,0.060967309583359837,0.0037170128378332403,0.039489039394066887
7,-1.2387146203438892,-0.011168194056890287,0.00012472855849235954,0.70628861837944013
8,-3.0765649644246653,-0.031413520471348731,0.00098680926840384576,0.28905079876054202
9,-8.7366442287790065,-0.083340591314869164,0.0069456541607120451,0.0048481740461306065
10,-1.1452698647582817,-0.01203618611098096,0.00014486977609817094,0.68464289765417552
11,12.328621957944289,0.11590019529734966,0.013432855269963791,8.7128331922833277e-05
12,-9.0975984763059454,-0.090002041599077556,0.0081003674920020873,0.0023423516437431364
13,-16.779098850749591,-0.15510272879471931,0.024056856479568251,1.3994624938138228e-07
14,-13.495672192434663,-0.14545033184638614,0.021155799034223852,8.0563612883370122e-07
15,1.4143418333915232,0.013413288256345255,0.00017991630184780951,0.65083170714556293
16,1.1748276049246853,0.012916154196126317,0.00016682703921811149,0.66295952697547378
17,1.7518597516392242,0.016377256430995819,0.00026821452820659388,0.58051474110605739
18,-5.9840154284157876,-0.052354558627628715,0.0027409998090938124,0.077103961312447553
19,-17.957010382250051,-0.17505933659595355,0.030645771329415362,2.6356286900743616e-09
20,-7.7312840744677862,-0.072919198738002039,0.0053172095445922383,0.013751281412292907
21,-12.210904324207188,-0.11715522339066367,0.013725346367716308,7.2880900691729499e-05
22,-3.8190711741090317,-0.034820464920387977,0.0012124647772719696,0.23989193894817221
23,-11.911616537627248,-0.13033266348664446,0.016986603171522906,1.003156957414105e-05
24,-9.1252305328765662,-0.082817878492096098,0.0068588009979315932,0.005122572796448191
25,1.475075395093824,0.015111134023720871,0.00022834637148285453,0.61011874122311283
26,-7.2155265618795585,-0.047666539957716955,0.002272099031540627,0.10755877907037628
27,3.8269388500474744,0.03469763942806716,0.0012039261818801608,0.24155503251845237
28,10.443926396146168,0.10377576080263058,0.010769408530164799,0.00044633920456686635
29,0.22870959210469136,0.0021992532384944733,4.8367148070284288e-06,0.94084602553162455
30,-9.5078036290215184,-0.09522723759217494,0.0090682267794365366,0.0012799101691029829
31,-8.9566163079954109,-0.10183342790307476,0.010370047038490725,0.00057108340475368988
32,-5.3243652783247022,-0.051192465979745506,0.0026206685730874009,0.083907124893716004
33,5.1722222553121515,0.051462119435008877,0.0026483497367431183,0.08228676714961819
