,Slope,R Value,R Squared,P-Value
0,-5.6663832741782434,-0.31745573075924993,0.10077814099188938,3.9422260956676576e-28
1,-4.8116036942193672,-0.30382162330504314,0.092307578787711536,8.5781488601168676e-26
2,-5.394872725671064,-0.32003593535976343,0.10242299992159867,1.3786440043246238e-28
3,-4.8616339353233169,-0.34279426137138919,0.11750790562915628,8.2803805518493319e-33
4,-6.3692968659402434,-0.36098923190272014,0.13031322554971586,1.908694653108964e-36
5,-3.9883305431766898,-0.21570043109704701,0.046526675975451924,1.7720307044680944e-13
6,-4.7904331645348295,-0.33016372839443958,0.10900808754731726,2.0179183417202651e-30
7,-6.5271056621064778,-0.34616596084033163,0.11983087244451002,1.8279239808004359e-33
8,-2.8376664158009293,-0.1743153210141572,0.030385831140268674,3.0828676458602764e-09
9,-3.6499625387442256,-0.20346768896811412,0.041399100454025228,3.9758186367961928e-12
10,-4.6715393209204592,-0.290083645735767,0.084148521523353975,1.4668229455325241e-23
11,-2.6331527203423311,-0.15871636705264627,0.02519088517039034,7.063352154742161e-08
12,-5.3485248884218093,-0.31469455129762808,0.099032660616415469,1.199775249342856e-27
13,-8.0445579803121969,-0.44934236354655621,0.20190855967760549,8.6795984621945293e-58
14,-4.5580591706398028,-0.26393887524300497,0.069663729864542542,1.2234605695372983e-19
15,-5.7557748466802696,-0.30777001370524998,0.094722381336129757,1.8578795293327865e-26
16,-4.7825432230480676,-0.28601592296549561,0.081805108189804313,6.3742683445708659e-23
17,-5.3673562260275638,-0.30204269901584879,0.091229792028778622,1.6959048468716494e-25
18,-5.3629506505763063,-0.28484720147089948,0.081137928185803204,9.6788243333525088e-23
19,-3.0182456177511532,-0.19296939799477922,0.037237188562467501,4.9317506997955151e-11
20,-4.8165792136783621,-0.27161045464681671,0.073772239073450485,9.5667750351220239e-21
21,-4.8947000197845796,-0.27977974645298398,0.078276706525296003,5.7864899234912121e-22
22,-5.8380005890338902,-0.31020452163821338,0.096226845244792789,7.1495697571798842e-27
23,-3.135858626484171,-0.20064535712438358,0.040258559335571424,7.9314821906320532e-12
24,-7.0332960997989673,-0.40525258214531229,0.16422965533544309,2.4686712967896656e-46
25,-7.5286356910840482,-0.44774216334945471,0.2004730448408498,2.423851874937328e-57
26,-2.5365664576956442,-0.099206985928311078,0.0098420260569801118,0.00079167186061022163
27,-4.8269636034580072,-0.27602567916846005,0.076190175560409634,2.1252597169098567e-21
28,-4.0187201480445331,-0.26302024189816059,0.069179647648166906,1.6509282852922053e-19
29,-7.0577565444490853,-0.36234799681798202,0.13129607079800432,9.9874846870288153e-37
30,-6.9429780029172399,-0.38539710668036614,0.14853092983759753,1.0391887531373026e-41
31,-5.8136638659709883,-0.36066131412758562,0.130076583508237,2.2305686117065023e-36
32,-7.5296498219042434,-0.4059026768223522,0.1647569830515509,1.7205698503527488e-46
33,-1.8524928860835645,-0.099219071049690091,0.0098444240599634501,0.00079049679844673875
