,Slope,R Value,R Squared,P-Value
0,1.7548097414167263,0.07529815741411236,0.0056698125099604443,0.010949761056236542
1,0.42990610368322985,0.018386347337296292,0.00033805776840770244,0.53496915878299856
2,2.0533013650903587,0.095253924120225097,0.0090733100603015999,0.0012758677656678475
3,1.2072445522448436,0.058862303206111424,0.0034647707387281952,0.046829834404947542
4,1.9218631978268235,0.092706531755048283,0.0085945010300497761,0.001719560902585742
5,0.62265847579844114,0.02964126711729613,0.00087860471631890085,0.3171336226903283
6,0.99685626491134616,0.049410303003543272,0.0024413780429019573,0.095275041922432802
7,2.2828831672921566,0.094802184876052437,0.0089874542572732259,0.0013459083569032401
8,1.4978420810547768,0.07218308971668691,0.0052103984410472714,0.014737769011544579
9,2.5009877578902651,0.114328360213917,0.01307097394920316,0.00010868981819575623
10,0.6626876275117356,0.035654337554631446,0.0012712317864596024,0.22881405636843946
11,1.3791175358556067,0.059567947717943354,0.0035483403953276327,0.044250683647728752
12,1.8826542250780842,0.083011096848731925,0.0068908422000295514,0.0050195502259659077
13,0.93550453593053462,0.050806026710997737,0.0025812523501586157,0.086274127545449192
14,2.7101916157129864,0.12522450187408554,0.015681175869612853,2.2154532607324866e-05
15,1.9803997313386137,0.084615464892714806,0.0071597768990102522,0.0042337716431467675
16,1.6391841340866438,0.069497090454527566,0.0048298455816447863,0.018885328938762921
17,-0.068824970111664677,-0.0032533309407028655,1.0584162209734591e-05,0.91258932471377241
18,0.78413410308591958,0.034922251923752472,0.0012195636794260331,0.23851983375021807
19,-0.0073357048879360435,-0.00033736444093188447,1.1381476600528297e-07,0.99091768546596815
20,1.9963416605222295,0.093102890099037994,0.0086681481447935475,0.0016423034940348264
21,1.2044871486777151,0.064239122405542762,0.0041266648474343063,0.030023785786553622
22,1.4411780924230293,0.055522397792411582,0.0030827366566187906,0.060811352161704225
23,0.99116495263674098,0.046395632659122027,0.0021525547298401906,0.11727618202744679
24,-0.1369602279497377,-0.0059507047016710652,3.541088644649012e-05,0.84086397447609695
25,0.9020712138964968,0.044927761067364916,0.0020185037145262308,0.12934157542745725
26,0.85903275192884099,0.045428268663052378,0.0020637275937224666,0.12512382913623349
27,-0.52800462526806924,-0.024267409792228512,0.00058890717802394829,0.41281866893502528
28,0.73214827900492108,0.034795005788332112,0.0012106924278100651,0.24023599917302019
29,0.84547274951038487,0.039209273573211509,0.0015373671341389423,0.18567075062397809
30,1.3126396142354477,0.065700106555009324,0.0043165040013395791,0.026471138200438882
31,0.33036023277361681,0.015918187765056591,0.00025338870172359737,0.5911707562109646
32,3.6695658128642261,0.14850565467335447,0.022053929469961608,4.6847787695859989e-07
33,4.0745506966624134,0.15722453556541002,0.024719554583758883,9.3847351361257576e-08
