,Slope,R Value,R Squared,P-Value
0,15.06253059951732,0.26459641861135713,0.070011264741956541,9.8656415293664691e-20
1,6.5165337034923985,0.10446023460676772,0.010911940614100953,0.00040880155343353081
2,10.199874717294927,0.21162066607745833,0.044783306311067125,5.1084379332382643e-13
3,8.1607557138099196,0.14576307915573319,0.02124687524496054,7.6253047866049228e-07
4,8.6945688412292643,0.16106392108450357,0.025941586675115192,4.4923071048739947e-08
5,7.5124965703976985,0.13256240025651328,0.017572789961768032,7.0320081815917818e-06
6,2.3904436725563021,0.047362257889243711,0.002243183472367228,0.10982529093901493
7,19.364602535118944,0.34179276000059883,0.11682229078882694,1.2923527682400311e-32
8,7.372518106034776,0.14379123082584117,0.020675918062410335,1.0764530236434739e-06
9,18.286099342233747,0.35931167493345861,0.12910487974348744,4.2280142063171382e-36
10,7.2494811340966816,0.15408836420670022,0.023743223983896694,1.6908381257848604e-07
11,6.1187001004987245,0.11067000708537535,0.012247850468277029,0.00017989014620344257
12,11.186673306794171,0.20844240258550242,0.04344823519561667,1.1483239268439426e-12
13,6.5215780885052208,0.14350332039472202,0.020593202964310241,1.1315989326600814e-06
14,14.047630314525271,0.27331889429823414,0.074703217980409284,5.3626445352437677e-21
15,10.307950468075598,0.1841990351131553,0.033929284536617421,3.6361388256857506e-10
16,7.0201785951509619,0.113441976651007,0.012869082066487616,0.00012297230703835581
17,2.432310425255074,0.045610295243492457,0.0020802990321985505,0.12361673282789847
18,11.079658600351978,0.17923587019216072,0.032125497163541086,1.0797203934032867e-09
19,1.4022423661523393,0.026321755506633709,0.00069283481295100201,0.37438272380165172
20,13.475187127737046,0.26418164247421305,0.069791940220372925,1.1300899595812272e-19
21,6.0574993780420021,0.13472155363902635,0.018149897014913055,4.9578657719163694e-06
22,9.334330586084679,0.13346477106829568,0.017812845116312578,6.0803620225478659e-06
23,2.6222160687234051,0.052320044934966982,0.0027373871019969642,0.077299338190372269
24,1.0918161910948241,0.017949389676485922,0.00032218058975833942,0.54471987669331612
25,14.17645310344183,0.26897083664222787,0.072345310964020026,2.3208650475467684e-20
26,9.6887985697478118,0.19362362671431849,0.037490108822005749,4.2326320907511346e-11
27,3.3776308422696983,0.06115638187646822,0.0037401030442204106,0.038880272467285919
28,7.6737299008065198,0.14267491704653021,0.020356131954234278,1.305831303633753e-06
29,13.168851384403091,0.26498297770240281,0.070215978472032106,8.6907381440579263e-20
30,12.059345736551903,0.23798778019106795,0.056638183520272077,3.7170008751580842e-16
31,6.2372434397854208,0.11334269253613143,0.012846565951340023,0.00012467781454911461
32,15.51950547227395,0.29121259499907137,0.084804775486093165,9.7148418268860118e-24
33,17.611408660977446,0.28692232119307487,0.082324418398822027,4.6042618697323221e-23
