,Slope,R Value,R Squared,P-Value
0,0.10636590328992108,0.23148364386763462,0.053584677378237897,2.405169645834138e-15
1,0.11671171706525003,0.246102675495662,0.060566526886123115,3.3416051157376598e-17
2,0.095565396746504841,0.19714098194295948,0.038864566761434273,1.8436467955612399e-11
3,0.060015899034193645,0.13969628971943357,0.01951505336137592,2.1708687143406534e-06
4,0.14197901802785051,0.31042600071812976,0.096364301921852302,6.551722281258704e-27
5,0.091105211883417553,0.20353589005132539,0.041426858538985215,3.9095304910868564e-12
6,0.019839843919444353,0.046068130136211131,0.0021222726142468844,0.11988862306980347
7,0.107486083022249,0.22266833961473742,0.04958118946678404,2.7638667294122743e-14
8,0.11958711242292215,0.29557878961513995,0.087366820870351164,1.9397109852015838e-24
9,0.13225444376619525,0.32089637727000592,0.10297448494501397,9.6893530587223252e-29
10,0.12069061521196989,0.25984516042780526,0.067519507397751852,4.6089520411624046e-19
11,0.11788626399473905,0.25500704947806846,0.065028595283510057,2.1447094285909787e-18
12,0.068633686539805686,0.16636698282285697,0.027677972973580788,1.5772796767997679e-08
13,0.12767545365320146,0.31039412072986211,0.096344510183664217,6.6346247683361281e-27
14,0.095598357539095249,0.23083899094821073,0.053286639741988114,2.8853271907055643e-15
15,0.039702815435843634,0.089708553483454384,0.0080476245680937957,0.0024210898367084841
16,0.078489235549235217,0.1966041457759708,0.038653190136299177,2.0950837495009579e-11
17,0.14909319670728668,0.33852513687078467,0.11459926829338349,5.4608344037256593e-32
18,0.16740118177449356,0.33632766222720201,0.11311629637921489,1.4254659532637567e-31
19,-0.03777477863203596,-0.080104418000080335,0.006416717783131594,0.0067851743176296836
20,0.11681487605380986,0.24539445105618243,0.060218436609165114,4.138087269976256e-17
21,0.022628482603192144,0.045112965567822391,0.0020351796623235287,0.12776819618839225
22,0.058212657222486253,0.12359685644464447,0.015276182922998052,2.8338232010855964e-05
23,0.071964930010122677,0.16484753850564324,0.02717471095136953,2.1362564011136505e-08
24,0.099659886516139648,0.21291659007259833,0.04533347432814288,3.6579469497116045e-13
25,0.063749541355677633,0.15332544314760216,0.023508691516408581,1.9477423993623231e-07
26,0.077457562430775909,0.1779615729895361,0.031670321460909985,1.4208460685773604e-09
27,0.14693089903672818,0.29012817292868737,0.084174356726938321,1.4432292653663172e-23
28,0.0844407698634633,0.17765502935307992,0.031561309454443687,1.5174039023455425e-09
29,0.045425425578482684,0.096351505230921231,0.0092836125602642414,0.0011194582476187257
30,0.15653362368457574,0.34547539460439874,0.11935324827706502,2.4945416809307528e-33
31,0.077581786364882499,0.20558938118503187,0.042266993656044333,2.3499852184263337e-12
32,0.11985721320077115,0.27953950381629528,0.07814233419386056,6.2926634817801026e-22
33,0.10794050512224095,0.26719506888716399,0.071393204837616311,4.1896707503697113e-20
