,Slope,R Value,R Squared,P-Value
001,-0.67881556533519827,-0.59127999043106116,0.34961202708415579,1.5952330387550108e-108
002,-0.66608825097251234,-0.47916703413395401,0.22960104660072983,1.5011017860603687e-66
009,-0.60414461667392716,-0.53142261239168154,0.2824099929611994,3.7049357300532059e-84
010,-0.57064613589859858,-0.47043324607539433,0.22130743901303251,6.8031092801032303e-64
011,-0.66583504844608055,-0.60889075230730771,0.37074794824535917,1.0447984200412302e-116
012,-0.70092341701924543,-0.6084602192738634,0.37022383843879791,1.679795929411343e-116
013,-0.65101232771055739,-0.52218384629266523,0.27267596932900184,8.1060645133921843e-81
014,-0.75091869193908289,-0.66035320932719577,0.4360663610687272,7.5450555603002817e-144
015,-0.61160178800234,-0.51301779236647671,0.26318725528457343,1.3251847484252441e-77
016,-0.71944412195059815,-0.60073862070275719,0.36088689040385119,7.4257577627919938e-113
017,-0.53841531803418807,-0.55253628462219606,0.30529634582410048,3.4294376179446206e-92
018,-0.76560853740707036,-0.54710053770877598,0.29931899836123183,4.5547451240970916e-90
019,-0.68194424765106698,-0.55264915217466604,0.30542108539937718,3.0954266701534952e-92
020,-0.57693024632280521,-0.64901206558628044,0.42121666127657037,2.0591237760966069e-137
021,-0.62173554531551134,-0.5116753506444095,0.26181166445707943,3.843526142781181e-77
022,-0.73225952746742473,-0.57632850362309884,0.33215454408844025,5.8226241958824167e-102
023,-0.69420638226185916,-0.50020005243656485,0.25020009245754221,2.8490574961569145e-73
024,-0.62868584198272226,-0.58935137130898663,0.34733503886378303,1.1711725971696943e-107
025,-0.66760485324749963,-0.59191361506264262,0.35036172769652624,8.2622695762242771e-109
026,-0.6963161080259006,-0.52564096830660778,0.27629842756230827,4.6886396375810695e-82
027,-0.67523889994214215,-0.57436458171820737,0.32989467273233131,4.0004067343184457e-101
028,-0.46170254569853864,-0.49441396666553988,0.24444517043395358,2.2428618503142423e-71
029,-0.84908087479416161,-0.62043804139035497,0.38494336320429984,2.3304138926324292e-122
030,-0.5483458036945118,-0.471356766583506,0.22217720140405775,3.5929515167563218e-64
031,-0.73020467009459267,-0.57653542265213176,0.33239309357267222,4.749011139172063e-102
032,-0.64223138055351459,-0.56280924365354812,0.31675424474187891,2.5940186498500205e-96
033,-0.53793267513733845,-0.51324021264137587,0.26341551587216472,1.110339620591431e-77
034,-0.65349966896408995,-0.56547332284223406,0.31976007884623747,2.096233570666124e-97
035,-0.63238471034403099,-0.48863416877288235,0.23876335089236567,1.6175461025935002e-69
101,-0.61785031594159667,-0.59253326522799665,0.35109567040175144,4.3357286745133747e-109
102,-0.57950600683088727,-0.58204085393713811,0.33877155565187295,1.986481656707252e-104
103,-0.54537700583184923,-0.50027462368332332,0.25027469910149075,2.6916945686910068e-73
104,-0.79351357282942614,-0.63979933481638296,0.40934318883148613,2.1998716084964784e-132
105,-0.8780700767191526,-0.60225056198301075,0.36270573940885226,1.4614150616458476e-113
