,Slope,R Value,R Squared,P-Value
0,-0.31318509213717144,-0.45215396333330099,0.2044432065580121,2.5023049991887212e-58
1,-0.40790198939503042,-0.45842643449115533,0.21015479584027352,4.1509619446251103e-60
2,-0.31483351189769782,-0.40759409518929934,0.1661329464331836,1.0575620362527004e-46
3,-0.39573066041318411,-0.51540920208086527,0.26564664558963419,4.2610554902594999e-78
4,-0.3978572626077489,-0.55095680350888998,0.30355339933273362,3.5476691330812086e-91
5,-0.38665731385964597,-0.53765342445073183,0.28907120482359883,4.2511043071203491e-86
6,-0.43336293898522943,-0.53829961960016337,0.28976648046168058,2.4380478900938003e-86
7,-0.38106124835712651,-0.55972345467585494,0.31329034571427383,1.1915385531617604e-94
8,-0.37517424971409552,-0.48596932637693213,0.23616618617924917,2.2236483263371893e-68
9,-0.40717744390684008,-0.489854270881663,0.23995720670100568,1.313530124395232e-69
10,-0.280902146693153,-0.48340050863613432,0.23367605174967337,1.4151922061383224e-67
11,-0.40814586844351042,-0.49244815060576064,0.24250518103503391,1.9465350999990824e-70
12,-0.42885269294819117,-0.52771696893110964,0.27848519929783772,1.8888843654668835e-82
13,-0.34660037174851471,-0.58014977752282371,0.33657376435978187,3.6870187288884077e-103
14,-0.37595648176988761,-0.49189260504452936,0.24195833489749335,2.9339486297531467e-70
15,-0.45331656383483354,-0.57445121712438929,0.32999420085569225,1.0024352722881767e-100
16,-0.34264677820800671,-0.40711326334772618,0.16574120919363505,1.3818722574315364e-46
17,-0.38174250761122785,-0.50786146613705641,0.25792326878688049,1.6299600633060373e-75
18,-0.39653712444724043,-0.54559678400947365,0.29767585072148023,4.2032851303077549e-89
19,-0.4147673260603843,-0.50084708559831959,0.25084780315233046,3.5885652115361243e-73
20,-0.34841073848707932,-0.4682533525536402,0.21926120217772366,5.6685623268748425e-63
21,-0.32688006553606014,-0.48767009635660102,0.23782212288045654,6.4734989922653351e-69
22,-0.45440395424711943,-0.52439413863917117,0.2749892126391183,2.9457195582839781e-81
23,-0.37382256678459064,-0.52312406239590614,0.27365878465759591,8.3501551901116824e-81
24,-0.4055176092693123,-0.5011875895696305,0.25118899993861638,2.7698191632481947e-73
25,-0.46144133198595072,-0.60578115392753262,0.36697080645377295,9.9729814724997426e-115
26,-0.28627298187143913,-0.43331044028515947,0.18775793766011875,3.3710488725848936e-53
27,-0.34377755917065722,-0.44688939784918796,0.1997101339100098,7.3121999768992491e-57
28,-0.31591601454356921,-0.43434310687535999,0.1886539344901404,1.7986811200370689e-53
29,-0.36155681997895739,-0.52590582479307291,0.27657693655128229,8.474190047566306e-82
30,-0.34636594309534091,-0.58358367266538436,0.34056990300161849,1.1923046064759953e-104
31,-0.37289368516498245,-0.51738004951738581,0.26768211563861261,8.7980120603549981e-79
32,-0.44073246809559036,-0.58655026541164579,0.34404121385447212,5.9499392136019501e-106
33,-0.50097114005086085,-0.54981272764455036,0.30229403547994049,9.9018442395661295e-91
