,Slope,R Value,R Squared,P-Value
0,0.0894094992203779,0.10819799825562466,0.011706806826524158,0.00025070891131731722
1,0.056089663443065076,0.06763662693905953,0.0045747133036935133,0.022325184683299398
2,0.018419531751358308,0.023152374988742633,0.00053603246761935544,0.43462344851924284
3,0.012105905264724309,0.016205751064386147,0.0002626263675608527,0.58448524523937684
4,0.012480364182774003,0.016040532314583838,0.00025729867693520834,0.58832209737258667
5,0.039548536855170437,0.051274844002210336,0.0026291096274510053,0.083409398235429366
6,0.045336274102411214,0.062359593106823839,0.0038887188524486314,0.035189875398418016
7,0.10665787940880393,0.12726433840025855,0.016196211828455525,1.620381864680631e-05
8,0.078511701782081639,0.10328250157508881,0.010667275131608223,0.00047535602136749194
9,0.099822927457499433,0.12368585234452115,0.015298190070190688,2.7961544435937121e-05
10,0.047100020365695619,0.069045902695007183,0.0047673366789684002,0.019673986945114352
11,0.014086795042352411,0.017408723310897663,0.00030306364731539167,0.55690564099145989
12,0.059915167472379911,0.07461579524742451,0.005567516900405578,0.011696317387559883
13,0.071245464142191031,0.10687354027861072,0.011421953611683829,0.00029866688313756211
14,0.055853695006314028,0.073690863624056718,0.0054303433816593255,0.012780119426972712
15,0.039379475989405971,0.047934853515316567,0.0022977501815348569,0.10559102479484518
16,0.021991505705860701,0.026590737272720644,0.00070706730870685492,0.36951912560651035
17,0.028015140389282562,0.036983278706056874,0.0013677629038498797,0.2119195550663778
18,0.06982251756667901,0.087628691306515363,0.0076787875400925612,0.0030521293818047547
19,0.074321716208232858,0.094959250546717222,0.0090172592643942145,0.0013211638050868331
20,0.011266774890854869,0.014620319199584342,0.00021375373349773454,0.62177214868916253
21,0.02037621776904976,0.03057961631898581,0.00093511293421638328,0.30204935421071893
22,0.094809453999524368,0.10290151066473929,0.010588720897085454,0.00049896112244121225
23,0.054886586635669948,0.073743168896948513,0.0054380549589638748,0.012716541040326462
24,-0.0067543181518972878,-0.0082647057078482043,6.8305360437338685e-05,0.78034481269397238
25,0.06778388202117247,0.097441850285831161,0.0094949141871263337,0.00098178216814250041
26,0.06580105612259278,0.095588425027185411,0.0091371469991778469,0.0012261870934089829
27,-0.00099427728940092728,-0.0012991526313965644,1.6877975596646175e-06,0.96503545418460712
28,0.075174100521483767,0.10024575181742965,0.010049210757441699,0.00069637145522922367
29,0.057802298396163708,0.074789662360546419,0.0055934935960045336,0.011501931935925518
30,0.054191066128085719,0.077688322153872738,0.0060354753990839137,0.0086572133717608274
31,0.065227164951737152,0.091921262432891407,0.0084495184872564934,0.0018825675674743808
32,0.071583717375006101,0.080797007068145965,0.0065281563511700291,0.0063201666887242715
33,0.072115544713228175,0.079373677088196773,0.0063001806145013333,0.0073088734847100746
