,Slope,R Value,R Squared,P-Value
0,0.088144611882153903,0.0020500754721474368,4.202809441500536e-06,0.94485188493570138
1,6.8166219745655363,0.14326735368976434,0.020525534633268033,1.1788103118557282e-06
2,4.238472523646883,0.10310535554346163,0.010630714341743635,0.00048619901885344949
3,2.6447149858066261,0.072893169163988289,0.0053134141107698133,0.0137851457211072
4,8.254916575325657,0.1983785499269056,0.039354049071101779,1.3711309677157072e-11
5,3.8585657927989532,0.10869083875742556,0.011813698429792683,0.00023478246652315166
6,3.5173850501398043,0.10014287073246152,0.010028594558538497,0.0007053117347896958
7,10.53365468116084,0.25308623202495401,0.064052640840588856,3.9138623004071541e-18
8,8.2726623990706312,0.20353701022053741,0.041427314529515154,3.9084508245013418e-12
9,8.6172024377518746,0.22392304506668773,0.050141530111937865,1.9646890911230008e-14
10,2.5599525071832328,0.064550442074214953,0.0041667595719765797,0.02923421758110771
11,4.6199264434494944,0.12402362812735628,0.015381860333872758,2.6574677132284837e-05
12,0.78480645282888828,0.019859371039494443,0.00039439461808431057,0.5027593829845578
13,12.45073533416728,0.30796521487229944,0.094842573571341571,1.7215007049518366e-26
14,4.6996058200832644,0.12907327870853635,0.016659911276571505,1.2229624265592256e-05
15,0.67947829379451929,0.019003561306391917,0.00036113534232579608,0.52134743991481347
16,2.8954565526862805,0.078197620386706315,0.0061148678341434275,0.0082280585978544186
17,10.077954854858326,0.29267420717467763,0.085658191545326126,5.6827905212459059e-24
18,13.294192059554218,0.30886191114606931,0.095395680156802415,1.2119549509694781e-26
19,-4.2504641859344483,-0.1002674795981755,0.010053567464970541,0.00069449683218168615
20,10.326724799279436,0.2253533201170686,0.050784118887785994,1.3281261281761671e-14
21,1.3758160623740365,0.030955923205998218,0.00095826918153565899,0.29613629262880875
22,3.0884770691338606,0.070823013396249329,0.0050158992265253123,0.01672529522542902
23,1.6148615649641946,0.039325405922272745,0.0015464875509515242,0.18437036931472864
24,12.158940113575351,0.28396559302448576,0.080636458021747875,1.3246015403151783e-22
25,0.41638533427651714,0.011317259202317432,0.00012808035585243859,0.7025537705796836
26,-1.8239206975184989,-0.0099288152833931862,9.8581372931742111e-05,0.7376077067338751
27,11.473957919052257,0.26954708100380448,0.072655628877671533,1.9142169134055817e-20
28,5.5784490336399806,0.12294710527612691,0.015115990695779034,3.1238028557575509e-05
29,0.41964888759235452,0.0099603164396277963,9.9207903577519746e-05,0.73680600061402135
30,11.387442073721852,0.29438548139633897,0.086662811656954233,3.02119300367908e-24
31,7.6850717579872407,0.23419289754510156,0.054846313260570434,1.1125406371221948e-15
32,7.5306244647443359,0.21861454618524401,0.047792319803780188,8.2095076425569167e-14
33,11.361275596452492,0.32298675123008769,0.10432044147016654,4.0938392535174993e-29
