,Slope,R Value,R Squared,P-Value
0,-0.083811795302710629,-0.11576666792596098,0.013401921402679722,8.8790035644161053e-05
1,-0.05183103354263912,-0.086026282790466285,0.007400521330745276,0.0036367557789649162
2,-0.087747701523850377,-0.12414971193654813,0.01541315097392788,2.6073937310945445e-05
3,-0.061241108349349441,-0.098156388553527082,0.0096346766138709818,0.00090023861335484286
4,-0.023596563275234808,-0.03314064777296935,0.0010983025348120185,0.26334157547338549
5,-0.037122369079753692,-0.055417213171194267,0.0030710675156615875,0.061302500736667251
6,-0.054535627520912892,-0.092470085533288504,0.0085507167185336925,0.0017672239667271138
7,-0.10130155061785939,-0.13681185440136218,0.018717483504739525,3.5165273327283507e-06
8,-0.072681851235267339,-0.11365191252117209,0.012916757219720153,0.00011943807940314208
9,-0.083062741940946552,-0.12238748215290796,0.014978695787728364,3.3959217111487911e-05
10,-0.020514050239213981,-0.029100482727556203,0.00084683809497679697,0.32604723904993582
11,-0.02194843073472371,-0.037505483271538298,0.0014066612754316391,0.20553351128197345
12,-0.076585057700829406,-0.1173175986318309,0.013763418948739371,7.1207264102557462e-05
13,-0.075138842891642785,-0.099350972144715125,0.0098706156660999609,0.00077777646349201754
14,-0.065971636572790704,-0.10510979101949536,0.011048068168161987,0.0003759213045075679
15,-0.065163957885489093,-0.099505209050708102,0.0099012866282251217,0.00076314288082344366
16,-0.037161338834263043,-0.0614731427889742,0.0037789472843536105,0.037878224015032547
17,-0.054404707191685588,-0.076674863582108108,0.0058790347053348877,0.0095710662400730045
18,-0.019013912588852655,-0.026716274359636489,0.00071375931565937007,0.36726271191343329
19,-0.036400118220473413,-0.060748063091885185,0.0036903271694156631,0.040205059197805842
20,-0.082574807648404955,-0.12471412530696366,0.015553613051081033,2.3940201694421999e-05
21,-0.066175791258252431,-0.091474021512513784,0.008367496611671835,0.0019816253561058322
22,-0.052157586374104975,-0.076472948605270874,0.0058481118683844004,0.0097630773064959313
23,-0.042029949179010269,-0.065593340709851664,0.0043024863454786833,0.026717879821225043
24,-0.050448585216711604,-0.077042902425040277,0.0059356088140742769,0.0092297135941080827
25,-0.022390350546486977,-0.036319772710627272,0.0013191258897516254,0.22023851115091464
26,-0.024632101722814118,-0.037222869115428568,0.0013855419851843259,0.20897204345672798
27,-0.039604063857187302,-0.059298596882072244,0.0035163235921825079,0.045220679564341108
28,-0.040878905991877719,-0.070040353305441019,0.004905651091151003,0.017972480964711296
29,-0.04077929768328075,-0.054831419229302875,0.0030064845346995652,0.064098164791485474
30,-0.090564528768828007,-0.12815874343874556,0.016424663519798207,1.4105854472275684e-05
31,-0.018415667028858062,-0.027921413568160684,0.00077960533564426753,0.34603970454432087
32,-0.098449590191568057,-0.13532414379271812,0.018312623893232252,4.4927787565634285e-06
33,-0.092045378400173891,-0.14641470778114823,0.02143726665463903,6.7973187006137709e-07
