,Slope,R Value,R Squared,P-Value
0,-5.8548802803846502,-0.46033266743154871,0.21190616470464482,6.4600839698146371e-61
1,-8.1515893838083446,-0.56992400341276028,0.32481336966602797,2.9775000498603545e-99
2,-7.4999480473835787,-0.53060522551508293,0.28154190534391199,7.3869769798560592e-84
3,-7.3059473263711574,-0.5826769392228156,0.33951241550206873,1.0479502107626869e-104
4,-7.8900298059611185,-0.5585872935863756,0.31201976455615177,1.3340338403321668e-94
5,-7.4450292218855205,-0.53363554150418568,0.28476689115646547,5.6663228805007069e-85
6,-8.2772192769351758,-0.58130653285910239,0.33791728514467068,4.1491710714609551e-104
7,-7.8613800588571632,-0.57816842439976179,0.33427872697290306,9.4583522286826362e-103
8,-8.5615234896259818,-0.61698719558407777,0.38067319951470502,1.2051964480083943e-120
9,-8.2510766433862024,-0.53598555885165844,0.28728051929752463,7.5971386094280545e-86
10,-6.7992609630046905,-0.58590486865504066,0.34328451511368047,3.9937269227739923e-106
11,-7.571203655885081,-0.52842178638149029,0.27922958432260536,4.6236996210882312e-83
12,-8.1420121748640852,-0.55396191075983559,0.30687379857268804,9.3726324658886349e-93
13,-6.8229339132512496,-0.50363424753154318,0.25364745528666371,2.0510344012921853e-74
14,-7.8280845944477075,-0.54602987952506676,0.29814862933415892,1.180563401716094e-89
15,-9.0873663438523895,-0.63424260684134848,0.40226368433290932,1.9633829544855438e-129
16,-7.1223135503752948,-0.51789967669403869,0.26822007511978979,2.6484674428744671e-79
17,-8.6888721502628439,-0.57966147365270582,0.33600742403722655,2.1459289149997652e-103
18,-8.0321510931223017,-0.56589766034618993,0.32024016198529176,1.4011963694343938e-97
19,-6.1617653252821079,-0.44402122836442537,0.19715485123825319,2.5849116217494223e-56
20,-7.0878705562302535,-0.50096399421857096,0.25096492350342442,1.5908357298279422e-73
21,-7.9406665497346722,-0.55117259182170208,0.30379122597545261,1.1791474380253426e-91
22,-8.5344026653820961,-0.58135934454965521,0.33797868749520471,3.9353492268151262e-104
23,-7.6483255926667963,-0.59561676613411974,0.35475933210006666,1.7157453082117307e-110
24,-7.6612291232725136,-0.53057926192821858,0.28151435318829315,7.5504454064359323e-84
25,-9.0593019370028696,-0.61971934091442349,0.38405206150340743,5.3221968281413406e-122
26,-4.87876716255865,-0.24085269458218828,0.058010020487500868,1.6040364680105278e-16
27,-7.405758217362469,-0.50437226394018952,0.25439138063215222,1.1606252762425065e-74
28,-7.2434854011960628,-0.57741488432949761,0.33340794864524709,1.9938001960010577e-102
29,-7.4449145504838938,-0.54278183219254672,0.29461211735829795,2.0787109012389294e-88
30,-6.6503891941361655,-0.52805047300895924,0.27883730204498558,6.3076434575751655e-83
31,-7.9218317906782154,-0.57284173210668687,0.32814765004298924,1.7669512967090843e-100
32,-8.7408077152418606,-0.65117866410740266,0.42403365258870152,1.2750315039232914e-138
33,-9.4211917650658332,-0.6242480417841284,0.38968561767131893,2.8210403998907621e-124
