,Slope,R Value,R Squared,P-Value
0,-0.69023862614415099,-0.39030971013456539,0.15234166982532846,7.9771167769762429e-43
1,-0.51859879432610034,-0.32261554760276367,0.10408079155503107,4.7729795567895857e-29
2,-0.45404125326609335,-0.28730179540166523,0.082542321641020308,4.0166287785795884e-23
3,-0.59747888010724737,-0.35081103535729674,0.1230683825284585,2.2121825402120345e-34
4,-0.14964955446852665,-0.080714213684437749,0.0065147842906970784,0.0063742051291090108
5,-0.46916746126617054,-0.25961279547640725,0.06739880357507487,4.9658608903166473e-19
6,-0.23349699448086172,-0.15825999527854756,0.025046226105565898,7.707022356267994e-08
7,-0.83366043630795106,-0.47853800949264669,0.2289986265291844,2.3458656073404822e-66
8,-0.5672500431769244,-0.35898179023278737,0.12886792571873695,4.9410007063059996e-36
9,-0.65587601341944568,-0.41539410641876096,0.17255226364744089,8.0643976086459111e-49
10,-0.44122201988894066,-0.24726654933426206,0.061140746419673056,2.3482091972607338e-17
11,-0.21352120825576199,-0.15278887142174599,0.023344439230330829,2.1505810910646274e-07
12,-0.40764434876742794,-0.26388826212996591,0.069637014889973606,1.2438653785011778e-19
13,-0.59144547808711101,-0.31685622986011025,0.10039787040116302,5.0248126973370703e-28
14,-0.39547409769303288,-0.26532686694456903,0.070398346322621042,7.7623013450014712e-20
15,-0.56577663167437287,-0.36132791055263452,0.13055785894433267,1.6246256291356862e-36
16,-0.36386749259084139,-0.22941619155137366,0.052631788945936571,4.3034766134944022e-15
17,-0.34142154125119728,-0.19088382255248415,0.036436633712248256,8.0000460367719176e-11
18,-0.50827092951288733,-0.25940976735315785,0.067293427398219474,5.2999369320450336e-19
19,-0.25984614170796627,-0.17700283682456652,0.031330004243944123,1.7445594582428131e-09
20,-0.56800076145334066,-0.36062558145982854,0.13005081000323943,2.2687450352751099e-36
21,-0.57261527404311452,-0.33007135328218967,0.10894709825753607,2.098711206340964e-30
22,-0.48253717837024213,-0.26257540053879885,0.068945840968110655,1.9079337151372301e-19
23,-0.3214013171670298,-0.21380458165134125,0.045712399135105046,2.9060576928820947e-13
24,-0.42852996535640436,-0.24762304880492875,0.061317174299448121,2.1069092103455973e-17
25,-0.4225281553214621,-0.26109679372453404,0.06817153569323188,3.0800802681899352e-19
26,-0.37868694831677402,-0.21625226914587936,0.046765043910741849,1.5330618357181287e-13
27,-0.37329758525812323,-0.22019312292772322,0.048485011384663428,5.3865307063314892e-14
28,-0.4642271474754997,-0.31117367576872013,0.096829056491416557,4.8762954183535992e-27
29,-0.56737446350265464,-0.33100947694532717,0.10956727382761908,1.4077849642538659e-30
30,-0.76893440160489412,-0.42903205827457086,0.18406850702731475,2.6680988822568118e-52
31,-0.44134562150081791,-0.25236187218129397,0.063686514530847754,4.9040028163201557e-18
32,-0.64528494857940666,-0.41126038417993943,0.16913510359583137,8.5150015810076605e-48
33,-0.52740760599877967,-0.35420831536573355,0.12546353067423097,4.6157094291728368e-35
