,Slope,R Value,R Squared,P-Value
0,-0.011424012332237599,-0.066158660988012638,0.0043769684237267856,0.025433621940224783
1,-0.009549963842179026,-0.061465158781390423,0.0037779657440215361,0.03790320866674967
2,-0.021867570894774015,-0.14348933373812295,0.02058918889661043,1.1343459202084076e-06
3,-0.004666504247563299,-0.027208448088798114,0.00074029964740082179,0.35849930722107404
4,-0.01401386961922621,-0.080192679808419751,0.0064308658948557329,0.0067242551808547844
5,-0.010151768980727718,-0.059356344424118412,0.0035231756233945729,0.04501122298269801
6,-0.026914213237389038,-0.18224899594927299,0.033214696524518125,5.5966260223679048e-10
7,0.0063023626750263332,0.036402338187670365,0.0013251302255295242,0.21919075328300069
8,-0.0066809568416326412,-0.047642588538889211,0.0022698162426858974,0.10773583439260762
9,0.020215986405561329,0.14676351318813277,0.021539528803323223,6.3903902826518924e-07
10,0.0033996062234948072,0.020060100498053832,0.00040240763199201956,0.49845078138000298
11,-0.020027119754588926,-0.13524933161994782,0.018292381703642616,4.5481640949567901e-06
12,-0.0067709199662954068,-0.048075445602698691,0.0023112484698980407,0.10457140058653674
13,-0.0039721382600021093,-0.027759540760823393,0.00077059210325181537,0.34884409677863737
14,-0.01493295937972605,-0.098302652760555928,0.0096634115397624346,0.00088433967623304844
15,-0.0031595663219639086,-0.020835429616903118,0.00043411512732092361,0.48199439486495843
16,-0.0067900477620427184,-0.042887695514148998,0.001839354426514356,0.14768180574209519
17,-0.013965457225631061,-0.089075503709763817,0.0079344453611481479,0.0025992267673819562
18,0.025402871623633014,0.13501956224292302,0.018230282188270566,4.7223815951602715e-06
19,-0.024407048175599504,-0.16286505091895367,0.026525024810833374,3.1603135793054517e-08
20,-0.020110715222305561,-0.12722407576445821,0.016185965454120602,1.6304923514645455e-05
21,-0.0091421599154049155,-0.054362025309116657,0.0029552297957090401,0.066413460973349339
22,-0.019986841734461077,-0.10907407207413924,0.011897153198834522,0.00022305872167218321
23,0.0040634273411220227,0.027068373018063179,0.0007326968178450107,0.36097994200773575
24,-0.031257331367652311,-0.18835032214561406,0.035475843852356595,1.4293437730881638e-10
25,0.011175849833372184,0.073949976588434274,0.0054685990374299769,0.012467890682808628
26,0.00055984358197048902,0.0034596625289455892,1.1969264814190191e-05,0.90706994988884682
27,-0.00015700139594091402,-0.00091408829502701971,8.355574111054038e-07,0.97539485171635976
28,0.0026187385050916853,0.01665859024570281,0.00027750862897422479,0.57402907540558024
29,0.0023074704102967686,0.01422726869251629,0.00020241517444905419,0.63117330814376538
30,-0.019863015655085463,-0.11544758048543344,0.013328143839940632,9.2882880651167586e-05
31,0.011003877395731203,0.070059784948217727,0.0049083734669905154,0.017940557486306543
32,-0.011268937764056443,-0.077565305358897843,0.0060163765954190668,0.0087638222962025895
33,-0.0075211436840679873,-0.051850360464682062,0.0026884598803174646,0.079998411349385554
