,Slope,R Value,R Squared,P-Value
0,0.0084284899946737921,0.1212170872786813,0.01469358224832744,4.0394260358367508e-05
1,0.00080544188415228139,0.010756333278706022,0.00011569870560259864,0.71664438832774535
2,0.0021345179188784428,0.026827061202246774,0.00071969121274909412,0.365278558929514
3,0.015048754549419003,0.19715830081808594,0.038871395581474864,1.8360472448649484e-11
4,-0.0025895588536397908,-0.03465121185978226,0.0012007064833515148,0.24218578141802893
5,-0.0052309912826739224,-0.072768910355334754,0.0052953143143027459,0.013947821222869323
6,0.004713328462276495,0.062041160749646371,0.0038491056271634616,0.036136252113907197
7,-0.0012070526466836891,-0.017047789389201446,0.00029062712305856942,0.56511368403260898
8,-0.002287374694995967,-0.033081884742777568,0.0010944110981344192,0.26418953662308092
9,-0.00343973450504209,-0.048096863941352291,0.0023133083209929545,0.1044167547857018
10,0.0063906594715414126,0.093705259182447334,0.0087806755984496301,0.0015309811735504382
11,0.010113548870536162,0.13624494706637058,0.018562685601118123,3.8618096918217386e-06
12,0.0026257682755979794,0.036928405336504051,0.0013637071206971409,0.21259882580177361
13,-0.0010153771480437954,-0.016451911116336568,0.00027066537937983875,0.57879036811479101
14,0.0029818484673642368,0.039131763630780421,0.0015312949248552693,0.18654242189871889
15,0.012586547891498981,0.18091548959527876,0.032730414375499416,7.4959455622030959e-10
16,0.0017778546618198775,0.024336002620124118,0.00059224102352668795,0.41149879678059087
17,0.007390617324007441,0.10075566868467557,0.010151704772096114,0.00065359221817238786
18,0.003419860574692049,0.046206630172923445,0.0021350526719373193,0.11877832674591643
19,0.0023482201884331756,0.030365121339431665,0.00092204059395840834,0.3054546735435264
20,0.0067852629467785057,0.090545549933053734,0.0081984966126791275,0.0022026912533909451
21,-0.0076131116998861123,-0.092400517200709326,0.0085378555789585794,0.0017814768193365749
22,0.009782286336221066,0.13275904051046597,0.017624962837259544,6.813227672840337e-06
23,0.0078013359675172282,0.10500258328978622,0.011025542497528492,0.00038117227567441221
24,0.0079247170787721481,0.1105049188835359,0.012211337097456851,0.00018396182683883729
25,0.011183144782958737,0.15084352006216364,0.022753767544744365,3.0711282543713521e-07
26,-0.001722086549925442,-0.02391937528292238,0.00057213651392527809,0.41955409633410112
27,0.0084649297113903246,0.10445554107496606,0.010910960061263922,0.00040904861370378854
28,0.0076921398348259555,0.10971203814989089,0.012036731315003114,0.00020475154102056592
29,0.0041567769874079332,0.055810351668140273,0.0031147953533214876,0.0594834168195486
30,-0.00037894286907620901,-0.0054761582069911222,2.9988308707996223e-05,0.85340465958142453
31,0.0014063425484019086,0.019808254913441768,0.00039236696271588992,0.50385970866591989
32,0.0032649842358580881,0.04954323067749862,0.0024545317059638406,0.094386676797698452
33,-0.000254367838319793,-0.0034764612477603111,1.2085782807179179e-05,0.90662077734470703
