,Slope,R Value,R Squared,P-Value
0,-0.35142875172638954,-0.058804402740987999,0.003457957781724317,0.045994065671623424
1,-0.99427754201025886,-0.15932146178020576,0.025383328183781563,5.435580765892634e-08
2,-0.91180806157117467,-0.14419777020288377,0.020792996931483673,8.8951474889201743e-07
3,-0.77808082820952662,-0.14331478259425157,0.020539126910037592,1.0384042709187494e-06
4,-1.49715972833751,-0.24977499629785285,0.062387548775592404,7.618878407597848e-18
5,-0.46392003295545375,-0.077044651999983435,0.0059358784017985514,0.0088958093843195356
6,-1.3488122596555177,-0.24509909590802978,0.060073566814933581,3.2019575003338765e-17
7,-1.185484567409453,-0.19472033360963703,0.037916008321048342,2.6330805137529728e-11
8,-1.3001749058531724,-0.23047383359792742,0.05311818797332514,2.3575823093874037e-15
9,-0.43016789806216582,-0.074814305877788964,0.0055971803639753683,0.011082537930099494
10,-0.93311581807701915,-0.15600930322190643,0.024338902691784743,1.0263195724682948e-07
11,-0.93238591463164056,-0.1679067519535197,0.028192677351580792,9.8374195072576401e-09
12,-0.14802155014324539,-0.026448493090728342,0.00069952278677030478,0.36978617228726995
13,-0.41471342503411751,-0.063583794164586038,0.0040428988803644459,0.030931991695050311
14,-0.4783716372392221,-0.091502620948059013,0.0083727296403641686,0.0018781438147846129
15,-0.76933262342746245,-0.13196763125862368,0.017415455700012069,6.9918955574891291e-06
16,-0.52826150622410828,-0.10182162223031253,0.010367642753612476,0.00053779775975176737
17,-1.2831643604199074,-0.20565934617762271,0.042295766670207256,1.8124002379372378e-12
18,-1.306533237742789,-0.20267231538800345,0.041076067424734339,3.8211858910322836e-12
19,0.33201067228635561,0.055477349327980291,0.0030777362884587553,0.059785894581402044
20,-0.57093354706003496,-0.095570429735364157,0.0091337070398021768,0.0011634893409590665
21,-0.45703026878560066,-0.070803244272855725,0.0050130993995616772,0.016236752454201503
22,-0.61987558919451169,-0.10571481529939292,0.011175622173784759,0.00032531456177081649
23,-0.37668640414161503,-0.067739540946537738,0.0045886454076476627,0.021487815062394132
24,-0.96936830066418478,-0.15687862605321182,0.02461090331234347,8.6973862893447769e-08
25,-0.94984876850163491,-0.16684575399315857,0.02783750562554559,1.221052574568505e-08
26,-0.022291579492293576,-0.0037345561609011839,1.3946909718924989e-05,0.89924284930716003
27,-1.0264687979686415,-0.16693402117101178,0.027866967424323808,1.199359099980102e-08
28,-1.1466153662484269,-0.1914998978018794,0.036672210858130251,5.6238641252087352e-11
29,-0.98321512362522701,-0.1603527389045715,0.025713000874197676,4.4475892137560896e-08
30,-0.7083958145028737,-0.12100073285293078,0.014641177350946322,3.828715051397318e-05
31,-0.23043029658628214,-0.044023567877150727,0.0019380745286340974,0.13535571635094595
32,-0.82562666421698383,-0.14592772198742068,0.021294900044437941,6.5509574156249477e-07
33,-1.2116433494337231,-0.23217163656524412,0.053903668825383798,1.4525673538147755e-15
