,Slope,R Value,R Squared,P-Value
0,0.3264270473025227,0.35840090291305116,0.12845120720889033,3.0362464881242264e-36
1,0.27441350225006222,0.36075116126897433,0.13014140035691352,9.8806373715169569e-37
2,0.31028801219212165,0.35507872133620128,0.12608089834575167,1.4606814801871959e-35
3,0.29710837137340307,0.37562899215002071,0.14109713974364033,6.4908328733871055e-40
4,0.27096129443680761,0.30817568214310243,0.094972251064366506,9.1152151326857676e-27
5,0.28757994570694678,0.32656287764212655,0.10664331305390652,4.9401528435386374e-30
6,0.30022830638996678,0.404008863776391,0.16322316200989045,1.8354524659516848e-46
7,0.35163881863456797,0.38368637414006102,0.14721523370074688,1.0424078394553021e-41
8,0.19624237972656861,0.24941554891419554,0.062208116040169466,8.516963655407426e-18
9,0.24426244895323793,0.29275477446525844,0.085705357972204341,3.3543659399916704e-24
10,0.23811624838301712,0.27396605132749713,0.075057397279980786,2.7878708864095233e-21
11,0.21169390403656632,0.28653528125258876,0.082102467402500143,3.2875152719311789e-23
12,0.28885001204202598,0.35596889250290964,0.12671385242974803,9.606223466235552e-36
13,0.31706816296865453,0.34618430062755362,0.11984357000098843,8.9410054235305589e-34
14,0.16318800326148428,0.20259566621932718,0.041045003970853026,3.8944434977214431e-12
15,0.29513766196238062,0.34654417885498229,0.12009286789827395,7.589274330397887e-34
16,0.21973572095438537,0.28460618946205851,0.081000683080113142,6.5964301394156116e-23
17,0.25300841676086927,0.28874372055771547,0.083372936161512076,1.4713716261852081e-23
18,0.21920963783238301,0.24609244206364808,0.060561490040849986,2.3661458773755096e-17
19,0.21845656497488006,0.2833435439919641,0.080283563921926093,1.0374970029214257e-22
20,0.16931406733267776,0.19551518824948347,0.038226188836230961,2.1789350581267577e-11
21,0.21989241529172202,0.24397006866421792,0.059521394404023202,4.5084163636524448e-17
22,0.30796918151618768,0.36086299984798781,0.13022210465928885,9.3644525412345778e-37
23,0.23886204351316986,0.29394756742295652,0.086405172393873575,2.1511299729716109e-24
24,0.33420089131864011,0.40792645561057922,0.16640399318700985,2.0348438345952413e-47
25,0.29390189739789391,0.36245004618562843,0.13137003597996419,4.3631925804181205e-37
26,0.19273948951522482,0.2309784836250135,0.053351059897710627,2.0423180419061246e-15
27,0.21814649849289594,0.25838966856537748,0.066765220821325619,4.9989542039085704e-19
28,0.25760814028839063,0.33502601413831756,0.11224243014940816,1.296453072425355e-31
29,0.3039163441818985,0.32820262772016812,0.10771696484242327,2.4620768461550376e-30
30,0.31090515643532102,0.35451329642639634,0.12567967734310995,1.9048446388737268e-35
31,0.30554875670653564,0.37646377915827145,0.14172497701812778,4.2534596539635438e-40
32,0.37349607002232754,0.42654369362393046,0.18193952257034546,3.9036046003423031e-52
33,0.19574951914353883,0.24802937164822647,0.061518569200214049,1.3067407441330075e-17
