,Slope,R Value,R Squared,P-Value
0,0.096538091575127008,0.1513176112758122,0.022897019482217805,2.468789052298499e-07
1,0.15140900430753493,0.22041066970482001,0.04858086331972726,3.8459459305344249e-14
2,0.11700725989129925,0.16584821353868512,0.027505629933973298,1.4942737094546826e-08
3,0.074291699741256823,0.12302796594991984,0.015135880405774635,2.8255389286011687e-05
4,0.14558540410025839,0.22665840681505178,0.051374033379937512,6.9032269391059931e-15
5,0.099075458347904863,0.15474969499447402,0.023947468100882739,1.302425473458439e-07
6,0.052587321700096168,0.08490851795083959,0.0072094564206080488,0.0039269445783838676
7,0.13467059403163598,0.20409983941390972,0.041656744448783735,2.6791876036369361e-12
8,0.15884707602291015,0.2633748569856742,0.06936631529222434,9.858148735475196e-20
9,0.17545016457155135,0.29669798275183251,0.088029692969006701,7.6605875436289302e-25
10,0.12210450279317421,0.18643560434086928,0.034758234565945158,1.8064455381080913e-10
11,0.12591348704585037,0.19380972933255661,0.037562211183958853,3.2676095602271404e-11
12,0.091915058556130788,0.15461439112609757,0.023905609943293878,1.3360359118848694e-07
13,0.15765285969142992,0.25842034022215066,0.066781072240532091,4.9497953330781849e-19
14,0.14573256573482801,0.24725816146643562,0.061136598411761944,1.6562404280707681e-17
15,0.062455298750728021,0.10095675097633426,0.010192265567697568,0.00059995084695844058
16,0.085837352882444096,0.14425950341169522,0.020810804324588903,8.7991150310079146e-07
17,0.17157133100274188,0.2682763063840356,0.071972176567060939,1.9308810984547887e-20
18,0.19468576132956511,0.27984141999642365,0.078311220345614774,3.5993851472333678e-22
19,0.03164233361581878,0.044103379985616427,0.0019451081261556717,0.13464812295042178
20,0.15314452515743157,0.22703181829318922,0.051543446517511686,6.2195477839385256e-15
21,0.060113981154040153,0.086165742383677441,0.0074245351605302665,0.0034243365214605757
22,0.052305639212251107,0.078138974291605129,0.0061056993033441276,0.0079708247135808694
23,0.14425833518143155,0.236007577628432,0.055699576698040355,4.7946259883185944e-16
24,0.15099692857135286,0.22554390955607873,0.050870055137840618,9.4136713046884681e-15
25,0.053949067105011218,0.090544281508339694,0.0081982669138614649,0.002096860374609209
26,0.089798417235335992,0.1394499778875673,0.019446296332843008,2.0222979688241156e-06
27,0.10898879785426616,0.15801845483884702,0.024969832069656736,6.990764715263446e-08
28,0.081489409215584466,0.11795075257052939,0.013912380031954247,5.9938949066680369e-05
29,0.026462429430680057,0.040469050462684696,0.0016377440453513204,0.16986544780569687
30,0.19390518042242572,0.30041834040802756,0.09025117925351353,1.8617140963267047e-25
31,0.091523322484001204,0.16689975360654929,0.027855527753926863,1.2077362732431582e-08
32,0.13303058673218932,0.22534867923597324,0.050782027233397559,9.9376242120668345e-15
33,0.089986307301539961,0.1594281319121901,0.025417329245010688,5.3242747350883244e-08
