,Slope,R Value,R Squared,P-Value
0,0.16230816499421527,0.02199727053262493,0.00048387991088548905,0.45573275563481164
1,0.38179616940882127,0.059683413579507252,0.0035621098565025108,0.042833623173995937
2,0.22965937700770431,0.032840191184020005,0.0010784781570029854,0.26539787181963076
3,0.39507736584266828,0.063281032448143662,0.0040044890677030107,0.031741531326000494
4,-0.23683923753990024,-0.034106513883107072,0.0011632542892585755,0.24739770021604376
5,0.26383985366293833,0.041540858110330009,0.0017256428925425706,0.15882894547739893
6,0.052845773322367624,0.0087366916246404535,7.6329780544062646e-05,0.76706445851933724
7,0.55136586700508572,0.075642335446687525,0.0057217629118291998,0.010220485786721821
8,0.14243701394150565,0.021977202628990892,0.00048299743539572418,0.45614405063744945
9,0.60458517033249304,0.094823112342303104,0.0089914226342810346,0.001272228214143231
10,0.21643896675870192,0.031800577120952696,0.00101127670522566,0.28083370654955009
11,0.013095883976230028,0.0021639490990955114,4.6826757034762753e-06,0.94151390266398516
12,-0.13901866480298178,-0.021120457902490109,0.0004460737420108569,0.47389640536156075
13,0.57043965602812552,0.089784624565232798,0.008061278808319805,0.0022865467476183149
14,-0.10708748562788452,-0.016291231687487723,0.0002654042298954041,0.58068863678381133
15,0.20844218092094352,0.033586352947787092,0.0011280431043333267,0.25468546187074292
16,0.21368070809674181,0.032519078662233865,0.0010574904770405539,0.27010205206987142
17,0.36539898008048588,0.058622741866082649,0.0034366258638973595,0.046671110113951968
18,0.17157016040789291,0.025113425349300847,0.00063068413277490637,0.39444342673246657
19,-0.18527762303445411,-0.027724245921178517,0.00076863381189798364,0.34713997343434022
20,-0.047365545572030897,-0.0068749711430322359,4.7265228217525968e-05,0.81568865331371876
21,0.13542508204310377,0.01894545465908222,0.00035893025223934018,0.52062023321725293
22,0.064281661511854021,0.0089846880651147445,8.072461962741533e-05,0.76065138434023205
23,0.26039449224848854,0.039880192473641968,0.0015904297517347293,0.17616834400278392
24,-0.067393965635047515,-0.010266613489267204,0.00010540335253800331,0.72777161960443348
25,0.21054052120735178,0.035032006403734703,0.0012272414726713092,0.23479417823594692
26,0.22393555427915116,0.0033433197738712496,1.1177787110358504e-05,0.90975057167876683
27,0.39605852780247619,0.058879288914614608,0.0034667706630906589,0.045717381915207397
28,0.57083618112379919,0.087587992274925364,0.0076716563907523851,0.0029267604454877726
29,0.141085110855451,0.01932173035968034,0.00037332926409219293,0.51237086895130446
30,0.25852796020395713,0.037801295197918444,0.0014289379186401721,0.19981322544225735
31,0.096482526362066751,0.01546257935575354,0.00023909136033297557,0.60008454203131834
32,0.62529132084668049,0.096909068861663145,0.0093913676276345687,0.00098988379029055868
33,-0.080272087888655502,-0.012762845523505727,0.00016289022585687016,0.66520897465477247
