,Slope,R Value,R Squared,P-Value
0,-0.0010902930421595339,-0.013413133974086429,0.00017991216300679159,0.64926529743017336
1,-0.0057410164874195169,-0.064028066256576976,0.0040995932685566113,0.029776148732364643
2,-0.00602202962437603,-0.063142316548910546,0.003986952139162823,0.032118456189201471
3,0.0053049985866022746,0.059199192692144756,0.0035045444154016849,0.044551145515150402
4,-0.0090305339223976273,-0.10291355397862643,0.010591199592511657,0.00046787853676484023
5,-0.011920606492271085,-0.13935073918347157,0.019418628510979918,2.0567307746491222e-06
6,-0.0052048818944942137,-0.055812216041474405,0.0031150034594602128,0.058258316592508914
7,-0.0079601355469277081,-0.098274194954682356,0.0096578173939909154,0.00083777366351325713
8,-0.0098393579379017319,-0.11501916049195997,0.013229407280275244,9.1295095191682837e-05
9,-0.011391494316068547,-0.13056711298700088,0.017047770993760255,8.7553937837249493e-06
10,-0.0015790631725444942,-0.019675507706635311,0.0003871256035138655,0.5046772992352393
11,0.0014346850599320287,0.016375427235615914,0.00026815461714895146,0.57873442760745764
12,-0.0040961849064251816,-0.047134408306539158,0.0022216524464075474,0.10983241765887239
13,-0.0083010233370244459,-0.10860991007887405,0.011796112567341107,0.00022138812366378867
14,-0.0052973151391999878,-0.058123506843254499,0.0033783420477578527,0.048575014342617288
15,0.0051097628865795454,0.060783617334964263,0.003694648136323368,0.039138082573010005
16,-0.0063298627357773344,-0.070336793130972894,0.0049472644679492755,0.016955289793585977
17,-0.00061381932504270503,-0.0068500584734173106,4.6923301089236298e-05,0.81634460928990471
18,-0.0053543832927733619,-0.061710912782378079,0.0038082367564342742,0.036236807298825911
19,-0.011467982375501087,-0.11786698369477619,0.013892625845304636,6.0672242087786217e-05
20,-0.0024857075080665903,-0.027612182431412856,0.00076243261862562475,0.34909319004255113
21,-0.011690005323400409,-0.11986454552025105,0.014367509272776337,4.5301121256236204e-05
22,-8.9268983644588782e-05,-0.00099329027921449481,9.8662557878200902e-07,0.97313488044375207
23,-0.0015889221563528415,-0.018489087451929242,0.00034184635480508736,0.53071642353235049
24,-0.00099032856425377278,-0.011241430124455162,0.000126369751243008,0.70309593857535035
25,0.00069441119349510712,0.0077658306193239962,6.0308125208030121e-05,0.79232024202109474
26,-0.010666897679203261,-0.12408605617208207,0.015397349336341107,2.4066528177044896e-05
27,-0.0013724774989125707,-0.014792678950456221,0.00021882335053127056,0.6159752676578073
28,-0.000675555270934553,-0.0078414502830988584,6.1488342542311171e-05,0.79034487373388451
29,-0.0040673279197425329,-0.047129712037559827,0.0022212097567433117,0.10986786323320256
30,-0.0084774459525378543,-0.10411227851956115,0.010839366538534673,0.00040092478890561232
31,-0.0057936951444747253,-0.067175432576628419,0.0045125387418571503,0.022601139518641067
32,-0.0045534731046473903,-0.059376699435441119,0.0035255924358467135,0.043914913113041104
33,-0.0058243929286431592,-0.068701759594336206,0.0047199317713579672,0.019698620469500317
