,Slope,R Value,R Squared,P-Value
0,0.40560569712548872,0.055361725902269246,0.0030649206948779894,0.060320985458602927
1,0.14884767043947242,0.023357062182136883,0.00054555235378020894,0.42835345182424933
2,0.12147819398912406,0.017597876767886142,0.00030968526673770682,0.55071469010864227
3,0.70102630412048128,0.11194867263872958,0.012532505305573441,0.00014037126202450257
4,0.30906373123077274,0.044412026006942301,0.0019724280540413192,0.13193859733876159
5,-0.21165780360767739,-0.032495352959718636,0.0010559479639766947,0.27045187648918395
6,0.66322289344939989,0.11088658238605432,0.012295834153259213,0.00016248739296503768
7,-0.050909771589535996,-0.0070395963349395539,4.9555916558894404e-05,0.81135729913216026
8,0.47947426634451384,0.074063394722526391,0.0054853864378247496,0.011919453085598728
9,-0.19952653644360863,-0.030919441881864084,0.00095601188628597082,0.29438432647544677
10,0.65140859978707655,0.094821679819431071,0.0089911509637787008,0.0012724453670248266
11,0.45345818678690131,0.075102193632632958,0.0056403394884334945,0.01077577006670213
12,0.34019416322091495,0.05152998880670448,0.0026553397464190889,0.080420984076188182
13,0.039629015919119388,0.0062151433757353797,3.8628007180947369e-05,0.83310421606072271
14,0.96141917220845452,0.14576710246267804,0.02124804816036488,6.7406878805320944e-07
15,0.16849297604710151,0.026516300279089917,0.00070311418049086403,0.36855991658579978
16,0.22207840200351142,0.034139172643481153,0.001165483108781412,0.24694504707848933
17,0.17178865258017337,0.02760616059598078,0.00076210010285108186,0.34919834491471469
18,0.62265070905773179,0.090385772898331565,0.0081695879424287694,0.002135207151921132
19,0.35449811943893716,0.052861003117413159,0.0027942856505791635,0.072898097881490959
20,0.83731371076356542,0.1160271389541975,0.013462296973896655,7.9085559807703779e-05
21,0.28616222018922799,0.040147859893668633,0.0016118506540416463,0.17328208277775153
22,0.16934014174164955,0.023381334278005539,0.00054668679261983685,0.42787357999291098
23,0.42918836841163266,0.065762501611418514,0.0043247066181918226,0.025611880529529972
24,0.011484926066674702,0.0017687263240453587,3.1283928093710073e-06,0.95218156950992727
25,0.46065129687959266,0.074031794878409024,0.0054807066529188285,0.011955867829922908
26,0.31171559732586246,0.0046467372571838417,2.1592167137300411e-05,0.8748152471769961
27,0.24795225041961899,0.0360420742148157,0.0012990311137062829,0.22156483500078022
28,0.3786918258602745,0.058278737463880306,0.0033964112403838858,0.047976162760416781
29,0.22302254300318944,0.030005809858017044,0.0009003486252354728,0.30888974210154729
30,0.20308468223944062,0.02955083249270914,0.00087325170101215427,0.31628636130817345
31,0.13826401784436471,0.022331088085954933,0.00049867749510267836,0.44892175131514178
32,0.31590798970871931,0.049537695529035905,0.0024539832783274638,0.092846142648334226
33,0.72770559131179313,0.1154893474890156,0.013337789383438593,8.5393714187166967e-05
