,Slope,R Value,R Squared,P-Value
0,5.6259659757424032,0.16958897061538042,0.028760418954384363,6.9638872869346715e-09
1,0.96196549953374044,0.029698302662976257,0.00088198918106174265,0.31387630931068289
2,2.597280705152583,0.078495860891908617,0.0061616001771618691,0.0076883280208996209
3,0.98134320703000488,0.03157488566381611,0.00099697340468306002,0.28426354705228901
4,2.4288264807446494,0.07931340112861078,0.0062906155985879182,0.0070747008221837288
5,2.0082590211536271,0.063768049564304388,0.0040663641452355808,0.030448035691611013
6,0.48257705046520011,0.015719900413620144,0.00024711526901413476,0.5940302460638045
7,3.9985936635154533,0.11527343858766194,0.013287965643823469,8.805745755072783e-05
8,2.1387295741656689,0.067533068783224404,0.0045607153792797187,0.021889649106162028
9,3.5996068323051582,0.11267835251289499,0.012696411125020228,0.00012685316282919326
10,2.0996495366719174,0.070904760221184818,0.0050274850220237127,0.016083962481865579
11,1.6709579056935517,0.051894226172848196,0.0026930107100787228,0.07830228982397551
12,2.9137525120455372,0.091237056312855655,0.0083242004446351936,0.001936555372807442
13,1.5103706049954326,0.053062397588379641,0.0028156180378272775,0.071811593403981674
14,2.467601966681868,0.079953089753809548,0.0063924965611807253,0.006625589477475477
15,2.0628438342066593,0.063284258087557846,0.0040048973216926303,0.031732811737317304
16,1.2203008975411558,0.036968655791642289,0.001366681511040927,0.20990591010230833
17,0.74572244973777857,0.023506973199172002,0.00055257778898659075,0.42539463517099485
18,2.3639282132083257,0.07283693840517888,0.0053052195962398222,0.013407083698455797
19,0.76030395023242914,0.023269207663339363,0.00054145602527961136,0.43009299336004603
20,3.6128994246247936,0.1181259855360786,0.01395374845886985,5.8432016719697538e-05
21,2.3478503960664097,0.077805818431043103,0.0060537453817244465,0.0082428775278497093
22,1.7408022130918221,0.048993008864450974,0.0024003149175921717,0.096498585982509877
23,0.70715255061993088,0.022540944518278878,0.00050809417977612666,0.44466967486276499
24,1.0060456577196832,0.030851706570617084,0.00095182779831945734,0.29544382062890223
25,3.0259349690370922,0.10480231769761486,0.010983525794791798,0.00036655271064244953
26,2.2938788202298501,0.077667019638684651,0.0060321659395558272,0.0083586473694028003
27,0.023265506453300906,0.00074898484766074548,5.609783020253901e-07,0.9797408607700353
28,0.88699051303158405,0.027695150117614524,0.0007670213400372038,0.34764643154720887
29,3.0554259031767841,0.097125905094254866,0.0094334414403782034,0.00096412916251962339
30,3.0682115497317359,0.10135234185157249,0.010272297198798012,0.00057073678209740265
31,1.0767441834427607,0.035098673227585357,0.0012319168623368172,0.23390415699825512
32,4.1994712257305755,0.12308132932890799,0.015149013629371105,2.8028516659485617e-05
33,4.4805847779324317,0.12622567076324936,0.015932919959632225,1.7329166483884356e-05
