,Slope,R Value,R Squared,P-Value
0,-0.15520601160478265,-0.16920545151326902,0.028630484821809233,7.5368241560551467e-09
1,-0.096450609505415716,-0.12631448348213403,0.015955348737358311,1.7092567881130427e-05
2,-0.12712405203153632,-0.14359751566497361,0.020620246505152342,9.8829906289584186e-07
3,-0.11479091442051133,-0.14556551589973943,0.021189319419157294,6.9863025027810581e-07
4,-0.029749140417134626,-0.033907569776088151,0.0011497232881202866,0.25016761372552038
5,-0.10184257704147988,-0.11860027330900044,0.014066024828969603,5.4531045688816883e-05
6,-0.045314744583861664,-0.060297048388383991,0.0036357340443511203,0.040737691635838652
7,-0.18423499518395076,-0.19944820657431012,0.039779587105708683,8.4389150185101979e-12
8,-0.14187357285713481,-0.18011234044727448,0.032440455181394906,7.413705260508106e-10
9,-0.14334789368646178,-0.17388588454301607,0.030236300843307112,2.8365490614120734e-09
10,-0.069818354451463963,-0.081081676548815027,0.0065742382719666606,0.0058952689868012852
11,-0.056059371109457676,-0.075703301633563008,0.0057309898782222238,0.010159436376491153
12,-0.088183266762912105,-0.10899908878094214,0.011880801355075707,0.00021007360838116502
13,-0.13750241726098092,-0.15066745876643281,0.022700683131134731,2.7823096708998157e-07
14,-0.088418260897287312,-0.11014184492504975,0.012131226003493707,0.00017990507515511971
15,-0.10491340510335129,-0.12612787248375268,0.015908240217277776,1.7593307434419884e-05
16,-0.067547736962755872,-0.086612531338401286,0.0075017305848455451,0.0032603089271788168
17,-0.076892750336096355,-0.087609304775027208,0.0076753902831636052,0.0029198332495362291
18,-0.086544369384042544,-0.097968408994893716,0.0095978091609907716,0.00086983190732464115
19,-0.045126429335915118,-0.058734665480448242,0.0034497609291001584,0.046252990862596238
20,-0.11088533046530342,-0.13412153272347954,0.017988585540095393,4.9252483364546956e-06
21,-0.11836763363969574,-0.13095288952349288,0.017148659274552131,8.2312983418546352e-06
22,-0.10144087738593201,-0.12032465667695709,0.014478023004427595,4.2325472453894331e-05
23,-0.069019440960995077,-0.084896392091786579,0.0072073973902023625,0.0039321021620992037
24,-0.080086143123112782,-0.096695310316364788,0.0093499830371780827,0.0010158942238287694
25,-0.069354547778746001,-0.088553157461685711,0.0078416616964341029,0.0026276354549888163
26,-0.097617466787578849,-0.1171638506944465,0.013727367909550552,6.7170575597956731e-05
27,-0.072388186966844847,-0.087691210091344715,0.0076897483272843573,0.0028933504363298909
28,-0.096123242275487325,-0.12463965404259347,0.015535043359857387,2.2117127369390173e-05
29,-0.14190358736391856,-0.15598743477418534,0.024332079807430726,1.0305903205340586e-07
30,-0.14020240696669573,-0.1606448034876744,0.025806752887593525,4.2009722924377472e-08
31,-0.072498421003057451,-0.088634701737477242,0.0078561103520915516,0.0026036879230403173
32,-0.18932589288500284,-0.21369498637160697,0.045665547200361291,2.3014353476965001e-13
33,-0.12352427184999813,-0.15680194643274198,0.024586850405096485,8.8256384404940177e-08
