,Slope,R Value,R Squared,P-Value
0,10.647040625933036,0.077786672130725057,0.0060507663611729179,0.0082587614798816395
1,26.336225038828591,0.17365020042749413,0.030154392108508881,2.9815387396733726e-09
2,22.31866310268143,0.15129219938128502,0.022889329593626499,2.4803759451801226e-07
3,24.806974411533659,0.2001312133788766,0.040052502568501437,7.1429054574950715e-12
4,35.613226606376877,0.25661778682234898,0.065852688513600544,8.8278317692584887e-19
5,14.638250751552098,0.10092023464632549,0.010184893761069395,0.00060271647848898985
6,23.776938194289695,0.17482497639029887,0.030563772369868559,2.3239639479581683e-09
7,21.002356903839225,0.14218774758349598,0.020217355562867967,1.2634975152757431e-06
8,26.793358495148997,0.19283454446249901,0.037185161538059508,4.1128333873157306e-11
9,22.012435347181473,0.15667652595711293,0.024547533785989881,9.0393643714500439e-08
10,26.063051573856381,0.19601465633828849,0.038421745499417341,1.9337544564728029e-11
11,26.121003950391579,0.18309533197550976,0.033523900591222122,3.8322288456762305e-10
12,10.297583850275059,0.075602783710600543,0.0057157809047918466,0.01026026573364356
13,7.3121665228065549,0.050055514949294604,0.0025055545768390554,0.08947743770539697
14,8.783223140818043,0.069344536946229066,0.0048086648042869277,0.018577084471983613
15,24.026763438055028,0.17082360512033129,0.029180704066306875,5.3924099274535583e-09
16,13.619111384828209,0.10680783513765513,0.011407913646792518,0.00028163085665923199
17,30.784062109307797,0.2114656453763881,0.044717719174452331,4.1142074694876009e-13
18,31.717015752707638,0.20669486208209392,0.042722766011135831,1.3956944256501014e-12
19,0.87063427253210013,0.0057167819468094622,3.2681595827366586e-05,0.84631294886874164
20,14.343037973657951,0.100401089283923,0.010080378729398277,0.00064333858654247141
21,7.3751574269812767,0.050969938835345736,0.0025979346648788855,0.083769183707418898
22,16.708771950677356,0.11364322146929354,0.0129147817859189,0.00011085263718362048
23,14.226765781961392,0.10939716532743951,0.011967739781679133,0.00019906311285999162
24,16.891247766474951,0.11306936155123526,0.012784680521603958,0.00012012336017713389
25,17.909579087101523,0.13563558758681252,0.01839701262001989,3.8375490507440735e-06
26,11.844836346588865,0.027198716080819502,0.0007397701564450294,0.35635987318286333
27,28.536405632572151,0.19445741243259182,0.037813685249979113,2.8027492617989791e-11
28,24.655499208734291,0.16626224891158972,0.027643135413139418,1.3743439608870546e-08
29,18.028299873504285,0.12885455698261605,0.016603496855186247,1.1491365748001784e-05
30,25.571073221294331,0.18600974443739984,0.034599625025666804,1.9897760640296837e-10
31,6.7720577616906752,0.055281380317075947,0.0030560310097611917,0.06069514485349433
32,21.806666070120578,0.15963970442774431,0.025484835229777566,5.109997677053895e-08
33,22.316910286172916,0.16623275687998168,0.027633329459919097,1.3825682774572105e-08
