,Slope,R Value,R Squared,P-Value
0,1.4128476850349372,0.029389386048477292,0.00086373601230643163,0.31893869455096119
1,7.8098757726353005,0.14937732981658061,0.022313586663131504,3.5219753837063187e-07
2,5.7343528061173883,0.11479998251630165,0.013179035985743165,9.4175605086216442e-05
3,3.8731713271606965,0.09011008536639456,0.0081198274847389153,0.0022034351518865842
4,8.7997274953818589,0.18548614804877431,0.034405111117971822,2.2401797780618843e-10
5,5.2820248594446912,0.11859832860955241,0.014065563548979377,5.4546525344468945e-05
6,4.4879781120857976,0.10132606265517882,0.010266970973201225,0.00057263569311552585
7,10.471121011218084,0.21795940956864265,0.047506304219511318,7.4401008264204574e-14
8,9.272933192204265,0.1997765758339996,0.039910680251957792,7.7894262799137523e-12
9,8.0611792030746106,0.18127125101315272,0.032859266443873422,5.7446909167387065e-10
10,6.072157786134893,0.12844122296063065,0.016497147755622436,1.2264584250941409e-05
11,5.6002374261878192,0.12340265937397718,0.015228216340569837,2.6698535238689742e-05
12,3.4824470910134009,0.076481085727584247,0.0058493564740700905,0.0094085663377088142
13,9.3861447409466638,0.20671344435575167,0.042730448077418444,1.3891488032119234e-12
14,6.7476294497219671,0.15762465780322324,0.024845532747583225,7.5400805302001718e-08
15,1.9592713316613724,0.045044835785950345,0.002029037230983233,0.12651545169984243
16,3.366845768575216,0.077022437663204144,0.005932455903582168,0.0089155391675966346
17,9.3368755620401114,0.21071802659993163,0.044402086734169496,4.9918878408090056e-13
18,11.821852417824886,0.23712451607111235,0.056228036121959216,3.4591861386403912e-16
19,-0.53592363450277825,-0.010295319101707712,0.0001059935954059877,0.72704079866361881
20,8.2574726954382633,0.16587045877141787,0.027513009093040636,1.4875798112388362e-08
21,2.7451330969972436,0.053776855523715722,0.0028919501900185941,0.068063549427110404
22,2.837230600977426,0.057016457722893578,0.0032508764512665109,0.053030088880808193
23,4.6143186017520179,0.10331836774143605,0.010674685112754613,0.00044418264788138851
24,9.0537727783474633,0.18486841674053092,0.034176331508150616,2.5752845235612188e-10
25,3.1063077394930549,0.071105858576635775,0.0050560431239205271,0.01578501538956455
26,7.1186558843640508,0.014834909937319217,0.00022007455284837248,0.61496807038531021
27,8.9249372155182112,0.17812262880868493,0.031727670893716552,1.1442569834433539e-09
28,5.2203440378421648,0.1031704132336828,0.01064413416680887,0.00045271039622110898
29,0.79327713535906341,0.016118378907102056,0.00025980213859291249,0.58471025396690424
30,10.690896381018201,0.23303120624322302,0.054303543083171542,1.1350406186393397e-15
31,5.8413627930995151,0.1462910890938186,0.021401082748255574,6.1405120695404614e-07
32,6.4913261404135216,0.15753796205313347,0.024818209487854521,7.6665045971166959e-08
33,8.6784167606799461,0.20828532330914018,0.043382775905993057,9.3186270041071534e-13
