,Slope,R Value,R Squared,P-Value
0,-0.30055878927527713,-0.43440105242933974,0.18870427435171797,1.5632115458134682e-53
1,-0.40460394000741406,-0.45468540271670765,0.20673881544365463,4.3040552338288663e-59
2,-0.31232282434299963,-0.40441671471216939,0.16355287913858421,5.6160218634075828e-46
3,-0.39953486397864346,-0.52049591992690525,0.27091600266055538,6.0698214586349274e-80
4,-0.38668815621672031,-0.53553227280237392,0.28679481521287625,2.2071920218380165e-85
5,-0.38719889416156344,-0.53840453763468976,0.28987944614562405,1.8761355250706154e-86
6,-0.42692969442852285,-0.53034589488695627,0.28126676822344648,1.7823824968302524e-83
7,-0.37772889335813681,-0.5550210234471683,0.30804833646834218,7.4503344119987907e-93
8,-0.38572151419914247,-0.49968348405243235,0.24968358423477741,7.5116526311593467e-73
9,-0.40335689286224358,-0.48532729687562209,0.23554258509259823,3.0908441475401338e-68
10,-0.28569037222181848,-0.49162824162894003,0.24169832796716345,3.1035741718330052e-70
11,-0.40532777526314911,-0.48961087873872911,0.23971881257931049,1.3682831056843933e-69
12,-0.42760656662629232,-0.52625905160942543,0.27694858940085187,5.3785309184411174e-82
13,-0.33008562762333349,-0.55250074062628429,0.30525706839259265,7.3509975418491161e-92
14,-0.36942612773715061,-0.48341126320484545,0.23368644939330438,1.2287901814899617e-67
15,-0.45356934452382136,-0.57482788766097981,0.330427100432784,5.6797329424569972e-101
16,-0.35417006543526836,-0.42080044546570167,0.17707301490413296,5.2005919214964785e-50
17,-0.38619697127166874,-0.51385584998510514,0.2640478345639149,1.2577313537611078e-77
18,-0.39266476319820925,-0.54031406454956121,0.29193928835006738,3.5957199238317524e-87
19,-0.41641865237788112,-0.50285125961920396,0.25285938930062007,6.7238066761589461e-74
20,-0.330198269122146,-0.44376433208339156,0.19692678242941861,4.722733698860396e-56
21,-0.32713409780704888,-0.48846121673941395,0.23859436025854874,3.1727551464272415e-69
22,-0.45965145878045344,-0.5304894662895423,0.28141907384416343,1.5799784038195963e-83
23,-0.3755776061820339,-0.52555946386361518,0.27621275005661061,9.5924882494361399e-82
24,-0.40586323105785432,-0.50143531893039428,0.25143737907082625,1.9836703617504916e-73
25,-0.4624763001731535,-0.6071691348501832,0.36865435831471993,1.7458767617549686e-115
26,-0.27091345599116634,-0.40973307983272039,0.16788119670920643,2.9184377731377026e-47
27,-0.34066738843199129,-0.44283977822716164,0.1961070691802817,8.4436821918648418e-56
28,-0.32925819176783439,-0.45264376630696435,0.20488637917655375,1.624378423747265e-58
29,-0.35819814402575523,-0.52128419108203095,0.27173720787204736,3.1971524754103518e-80
30,-0.33793746117913132,-0.56958694428389434,0.32442928709866414,9.0402735392941257e-99
31,-0.37203679944255341,-0.51627120852843933,0.2665359607554153,1.8319237260038089e-78
32,-0.45072948931100487,-0.6009498256863065,0.36114069299240215,1.4531182101222039e-112
33,-0.51384882159805634,-0.56410980290262169,0.31821986973083471,1.6418416070128768e-96
