,Slope,R Value,R Squared,P-Value
0,-0.042807543202785132,-0.007923583236781058,6.2783171310197783e-05,0.78919268245198704
1,0.28786409929821144,0.042205694460128312,0.0017813206448617058,0.1542366086983756
2,-0.18181595136620413,-0.031814954128781638,0.0010121913062164799,0.28292963010270705
3,0.158341608270924,0.030597314807274359,0.0009361956734154507,0.30176950443639927
4,0.022885008776129694,0.0043127637578466403,1.8599931230995476e-05,0.88429991839403899
5,-0.37912799105742523,-0.069585385430955424,0.0048421258655746233,0.018734265320432715
6,0.22161192637088542,0.041313889266602934,0.001706837446333129,0.16313802428211174
7,-0.19043763911958769,-0.034478134498988747,0.001188741758530358,0.24454734416753485
8,-0.062859633854599417,-0.011565531957833696,0.00013376152946767254,0.69634919095575509
9,-0.4090117483046668,-0.072292663836902527,0.0052262292446353942,0.014587087397344189
10,0.33491991223219275,0.070279586406270883,0.0049392202654364951,0.017582894266959258
11,0.83136138447876728,0.13616744104647979,0.018541572001146551,3.9114654278727249e-06
12,-0.16363360702055676,-0.029306635587661913,0.00085887888946801171,0.3226302702232825
13,-0.85107203470696446,-0.17842737007702214,0.031836326392602615,1.2854725952067958e-09
14,-0.44563621342869697,-0.090255118647038196,0.0081459864419909413,0.0022763429902965347
15,0.1971975267745967,0.033962574255259448,0.0011534564500440118,0.25167742822915873
16,0.25420770277548699,0.045798086734596698,0.0020974647485496418,0.12207677496553562
17,0.077553599821175226,0.014469407651786189,0.00020936375779356873,0.6253745451045738
18,-0.48201219752287938,-0.082447617992623762,0.0067976097126576174,0.0053253412466927547
19,-0.55885432442743088,-0.091324485719533027,0.008340161691937192,0.0020157968035189266
20,-0.3729656143638036,-0.066885411201661832,0.0044736582316153902,0.023861269193485773
21,-0.23581169433467714,-0.048802024159344502,0.0023816375620492446,0.09942586125443173
22,-0.31247715701000761,-0.048339654066903,0.0023367221553078519,0.10267640323610117
23,-0.25614618807157863,-0.050366802308405713,0.0025368147747740232,0.089029539882418546
24,-0.53131029159412702,-0.085943716870615569,0.007386322469536531,0.0036694686074975895
25,0.33730168858584492,0.066391698723127765,0.0044078576593425652,0.024919955762202923
26,-0.024370732032172982,-0.0049367034280937321,2.4371040736952407e-05,0.86770555230314816
27,-0.066333972424972104,-0.011482685198036201,0.00013185205935719967,0.69841738237747508
28,0.61636444127613821,0.10558241078990868,0.011147645468209025,0.00035356766115073707
29,0.20738823403942122,0.039917039723981314,0.0015933700603259022,0.17784999531080306
30,-0.51805036904373314,-0.11023964346903999,0.01215277899218105,0.00019068617871333211
31,-0.51319533076635326,-0.11203587550337515,0.012552037399807777,0.0001493053513594488
32,-0.090785009226344027,-0.015807507494236765,0.00024987729318035149,0.59375326784618221
33,-0.08429021200437295,-0.013941632961188066,0.0001943691296244855,0.6380429753703446
