,Slope,R Value,R Squared,P-Value
0,-6.1434454803368572,-0.26570392598919779,0.070598576286073092,6.8566054586744769e-20
1,-5.5800241243874513,-0.24007995800718565,0.057638386236732023,2.0143179944638392e-16
2,-4.4379949208643135,-0.209068141315289,0.043709487713029654,9.8005536719815941e-13
3,-6.3978444501069767,-0.31312592197086642,0.098047843010105121,2.2461270887089107e-27
4,-7.7595770480643811,-0.37547305716148949,0.14098001665419516,1.6277042346910631e-39
5,-4.7840252978118105,-0.2231217986062359,0.049783337013281692,2.4437190485643702e-14
6,-5.1137679753666809,-0.25763794315587862,0.06637730975359174,9.3322426926981933e-19
7,-6.3791021881543362,-0.26810871232655958,0.071882281625405886,3.0933838822422023e-20
8,-4.3785924744619722,-0.2121617413852418,0.045012604507618223,4.4446791008615831e-13
9,-4.2098587375235592,-0.18970861026514893,0.03598935680873417,1.0481890565414049e-10
10,-6.2238732637990086,-0.33274142833472675,0.1107168581302341,6.7109589799787085e-31
11,-3.1740389198649872,-0.13814918287606748,0.019085196729325137,2.8152344598162123e-06
12,-6.7710535817078243,-0.29827280412053836,0.088966665677929047,7.0781663805971361e-25
13,-7.2348923823295035,-0.39233465346553975,0.15392648030992517,2.7338403318388672e-43
14,-7.8094172501570736,-0.36127147834313433,0.13051708106423379,1.668860683150933e-36
15,-8.1681056805086101,-0.34217590763530958,0.11708435176604791,1.0901881493699843e-32
16,-4.5088543363616091,-0.19387853972922453,0.037588888167536492,3.987302269899401e-11
17,-7.007508175688101,-0.33266222339837315,0.11066415487634912,6.9429491006209262e-31
18,-6.985950882545664,-0.30926954700911147,0.095647652707221004,1.0328127036904316e-26
19,-4.2272293380940162,-0.19596879952787974,0.038403770388398317,2.4361858221484776e-11
20,-6.6010248953006139,-0.29482466787287948,0.086921584786353687,2.5671907728953354e-24
21,-5.6650322233595798,-0.30509207935578225,0.093081176885634942,5.2569282159898844e-26
22,-6.8627008132892877,-0.2627939486148877,0.069060659428604232,1.7770829724464156e-19
23,-4.5654998599735883,-0.21411089393560523,0.045843474901903991,2.683675644934969e-13
24,-6.3262446181842735,-0.27850102818302902,0.07756282269900433,9.0333327949830147e-22
25,-9.8194643950261487,-0.47533820138368704,0.22594640569467861,2.240723820094722e-65
26,-4.1666242590849532,-0.22099094759317714,0.048836998918130363,4.3479082160826091e-14
27,-4.959208065561147,-0.22336278218140734,0.049890932463818823,2.2887073034827184e-14
28,-4.2106319037027564,-0.20110097769794899,0.040441603231070974,7.099573721865582e-12
29,-7.215853113543945,-0.33005535448159962,0.10893653702197438,2.1130262088432904e-30
30,-7.5315799878770804,-0.37650179674610801,0.14175360295304762,9.7178177745564678e-40
31,-6.7532158578940908,-0.32878611689521403,0.10810031066303334,3.6187028879266311e-30
32,-11.311762930695155,-0.46697227544013287,0.2180631060297353,7.3151521810110807e-63
33,-6.4389932595637598,-0.24896045368015912,0.061981307496630653,1.4006080177480307e-17
