,Slope,R Value,R Squared,P-Value
0,-0.051879985124172301,-0.061818861751954821,0.0038215716683073025,0.036809691780723963
1,0.11763010579118779,0.11786634918684787,0.013892476270635952,6.5815898657521369e-05
2,-0.0911716118320402,-0.11452593075155987,0.013116188814511086,0.00010572680477564116
3,-0.17749618819510082,-0.21771195473878066,0.047398495236180879,1.0430988835577289e-13
4,-0.11376062797949982,-0.13894440820269599,0.019305548570797412,2.4640197474040624e-06
5,0.067246927561257455,0.070288139574109051,0.0049404225647894347,0.017569103541984255
6,-0.10411196915591175,-0.14321809011503864,0.020511421336199327,1.1889028521259292e-06
7,0.086496615156596637,0.10397721126553565,0.010811260462557834,0.00043497040395411589
8,-0.027234826481134684,-0.032071725179447862,0.00102859555598603,0.27906064686603788
9,0.092113187947715516,0.086140846849608307,0.0074202454959676738,0.0035918038768407452
10,-0.077370455243401623,-0.10290396242813619,0.010589225483411265,0.00049880578885548761
11,0.0014090833011511912,0.0015411296233440602,2.375080515948605e-06,0.95852844334489684
12,-0.088586321451533112,-0.10851978628763048,0.011776544015912993,0.0002401994975653098
13,-0.12740844952760771,-0.18257157120571513,0.033332378612523507,5.2129814520526782e-10
14,-0.10650327568582789,-0.1362840765772069,0.018573349528501995,3.8369704038565046e-06
15,-0.0047164555069573845,-0.0034363048460525013,1.1808190995003905e-05,0.90769454859302123
16,-0.056776416646918799,-0.06306461939869952,0.0039771462199028277,0.033169477033289547
17,-0.10612482154454621,-0.136674055875734,0.018679797549523262,3.5976281565055738e-06
18,0.010716823372818622,0.012767969547280081,0.00016302104636027151,0.66659188201002828
19,0.0081777819966538327,0.010084926895427136,0.00010170575048610962,0.73363746871428948
20,-0.028628981425640958,-0.030150722614832658,0.00090906607419658154,0.30888378261375377
21,0.019495161594301612,0.029297605059336561,0.00085834966221286322,0.32277946029366289
22,-0.34762342462606494,-0.28938314978685692,0.083742607380562467,1.8923514894071079e-23
23,-0.031999287325786746,-0.042288582179513458,0.0017883241827534632,0.15342837419751268
24,-0.15113676131523712,-0.17310038161642571,0.029963742115752211,3.9763111863782861e-09
25,-0.32970197462776363,-0.31896792079221647,0.10174053449450968,2.1323785481752299e-28
26,-0.024456788856310207,-0.034830523735465191,0.0012131653836868041,0.23975609759202074
27,-0.053501209309797376,-0.063834326400423122,0.0040748212269957566,0.031077748029972398
28,-0.075116499513495874,-0.099427773172781606,0.0098858820780981099,0.00077045757583994376
29,-0.10176291161628941,-0.089580156373119571,0.0080246044158325553,0.0024562914597163394
30,0.042919202724189261,0.048726368633534731,0.0023742590002111172,0.099952050230307843
31,0.038663585457193658,0.043889062623088747,0.0019262498179334056,0.13844567118768475
32,-0.21957661553197305,-0.2359911019294218,0.05569180018986275,6.633513189726892e-16
33,-0.18063652151204559,-0.19648151977298736,0.038604987612302827,2.1570599649581461e-11
