,Slope,R Value,R Squared,P-Value
0,-10.764118731396159,-0.4695810082168882,0.22050632327798922,1.2240828106436972e-63
1,-14.80231076664994,-0.49234170873039657,0.24240035815556665,1.0497318303558864e-70
2,-10.688537195101823,-0.42475229258514136,0.18041451005633352,3.4329424150530497e-51
3,-13.081494895492051,-0.52502131364872329,0.27564737978543108,7.8335133781123108e-82
4,-14.184547048106202,-0.6144431083289692,0.37754033337296539,2.1419695684645666e-119
5,-13.290893613315577,-0.55799037736773727,0.31135326123498985,2.3180474040601472e-94
6,-14.390972681423216,-0.55425904049996921,0.30720308397594653,7.1466417524894037e-93
7,-13.524851025396915,-0.58371752438255597,0.34072614827129982,3.6698549593714509e-105
8,-12.476327743017618,-0.49351411303980786,0.24355617976946825,4.389629845782998e-71
9,-13.410547527960119,-0.50753434714750567,0.2575911135344448,9.9611117866179854e-76
10,-9.6381685626211784,-0.50906265585561039,0.25914478758676762,3.0120888548787304e-76
11,-13.993522605343717,-0.5048914524231658,0.25491537872997388,7.7690568478765593e-75
12,-14.953334964551928,-0.55188894701713986,0.3045814098396874,6.1678261198621333e-92
13,-12.906066811021608,-0.6584218114820245,0.43351928183527061,9.851795018549046e-143
14,-13.195020205777462,-0.51180101544941636,0.26194027941505371,3.4795860267509506e-77
15,-14.856552129227804,-0.57866497220949475,0.33485315006221533,5.7801768990318887e-103
16,-12.198264478131296,-0.42718576911670691,0.18248768133583243,8.0683430145588243e-52
17,-12.922469157894035,-0.51793472887494485,0.26825638337476265,2.5745034746150483e-79
18,-13.947208340984337,-0.57354546819036611,0.32895440408170629,8.9027326508896909e-101
19,-14.002245098177379,-0.50934612228170162,0.25943347228340613,2.411198379340548e-76
20,-12.416812765317216,-0.51349545448478828,0.26367758177653927,9.0621041734755911e-78
21,-10.520952931862688,-0.47759983453019245,0.2281016019432672,4.5576353670839167e-66
22,-15.134403923383509,-0.53813986981702533,0.28959451948668496,1.1874043105005733e-86
23,-12.993613874505167,-0.52383068986052517,0.27439859163975372,2.0939621123470109e-81
24,-13.470963130999598,-0.51248620125203004,0.26264210647373626,2.0213880065402743e-77
25,-16.166050942350989,-0.62524003550734863,0.3909251020012306,8.8493094096936628e-125
26,-10.536150844599677,-0.47325828677325565,0.22397340599955709,9.5918412332928258e-65
27,-12.283602408587463,-0.47138835087672881,0.22220697734228201,3.5152336920144782e-64
28,-10.097668421773664,-0.42094293616679301,0.17719295550872077,3.2346068680865829e-50
29,-13.188414263777839,-0.57787685559942803,0.33394166023748217,1.2624952023249245e-102
30,-12.286437491619131,-0.60286418516468177,0.36344522575427568,7.5366066669409277e-114
31,-12.897096243506477,-0.51847141120273676,0.26881260423455733,1.667905436089953e-79
32,-14.632628646468293,-0.60530370929304034,0.36639258048391349,5.3405814805071786e-115
33,-17.700132646529145,-0.57168139798466311,0.3268196208016988,5.4514083213022774e-100
