,Slope,R Value,R Squared,P-Value
0,0.74315140697180004,0.15792003630801901,0.024938737867526043,8.2230069278365944e-08
1,0.31626761426043759,0.064458932527371449,0.004154953982568225,0.029464430868008405
2,0.35547185051687835,0.070714001545167313,0.0050004700145299249,0.016894328691580491
3,0.16305381822337894,0.038219773658071513,0.001460751098474217,0.19702627192441499
4,-0.078121621003434033,-0.016099155899225392,0.00025918282066756374,0.58695935994438986
5,0.68575150555995146,0.14498976206259909,0.021022031102969099,8.7340894464859252e-07
6,-0.45106705415403192,-0.10483585450832426,0.010990556390490533,0.00038947475724423992
7,-0.038595402920521736,-0.0079459014055116694,6.313734914611232e-05,0.78861296012606974
8,0.18359393988723263,0.040270630266052085,0.0016217236620250702,0.17403582404899481
9,0.75213932381816617,0.15920923519364472,0.025347580570945279,6.4266504451092018e-08
10,0.51293909525708037,0.10488433616928665,0.011000723973671932,0.00038704330932675339
11,-0.0073090857013936271,-0.0016752750011350586,2.8065463294280705e-06,0.95492229663718964
12,0.77623009727014181,0.1715470683320332,0.029428396653315269,5.4909967484753456e-09
13,0.88355207232606625,0.16466368911351251,0.027114130512471496,2.2157063138122865e-08
14,0.58037755209316633,0.14282794045428066,0.020399820574411542,1.2718173407733926e-06
15,0.076404779766557518,0.016719165519582552,0.0002795304956711981,0.57263711429366615
16,0.25771391428757184,0.064437898091476709,0.004152242710447538,0.029517567412334213
17,0.066014378231019341,0.013138527968475779,0.0001726209171784203,0.65752346252971505
18,0.28773226422317028,0.05550981799005069,0.0030813398932885553,0.060869920269974211
19,0.88361923198789338,0.19128063918475346,0.03658828292692784,7.2996275526399642e-11
20,0.54148492911280843,0.11416126794554618,0.013032795098934789,0.00011125663562135178
21,0.79503538544131125,0.15364926745352009,0.023608097389003348,1.8344008992188783e-07
22,0.067677851474731709,0.014327897533186093,0.00020528864772148013,0.62876065939957648
23,0.74230309545044493,0.16980189471425858,0.028832683448552155,7.8635027251928001e-09
24,0.31388627798490981,0.064306791910459266,0.004135363485815109,0.029850622764640962
25,0.083352896158118042,0.018721742179013734,0.00035050363021746193,0.52754491525560088
26,0.8461158514237489,0.17964103290196437,0.032270900702084646,9.8905156745075216e-10
27,-0.03378855718126373,-0.0067594342924976016,4.5689951954592549e-05,0.81958623390652496
28,-0.32585212367665456,-0.072239059393590169,0.0052184817020706478,0.014660631602581818
29,-0.045652322074132889,-0.0091623656890649618,8.3948945020154852e-05,0.7571998322959359
30,0.71286453962270413,0.15103489474574056,0.022811539430856929,2.9659340641506812e-07
31,0.45274420418622346,0.10774959951962687,0.011609976196639974,0.00026607311076184216
32,0.37246755529446962,0.080435594898740956,0.0064698849267143619,0.0065591200615102421
33,-0.45460243878317774,-0.1096276799965706,0.012018228221430484,0.00020708871934386843
