,Slope,R Value,R Squared,P-Value
0,-0.22722780628742567,-0.27555792524593553,0.075932170165844595,2.4957342773119476e-21
1,-0.1982130873354383,-0.23808210504572538,0.056683088743003818,3.616196356146472e-16
2,-0.17320995616319848,-0.21890355563558836,0.047918766669903128,7.601804250145973e-14
3,-0.27178500067442291,-0.3604752797262244,0.12994242729369973,2.4365546964368857e-36
4,-0.29393638137902589,-0.37869639705469277,0.14341096114220553,3.2136102107053205e-40
5,-0.19564032658648531,-0.24838803445471896,0.061696615660278654,1.6685683357874075e-17
6,-0.21813517644567365,-0.30155372673089731,0.090934650105292697,2.0436421932228774e-25
7,-0.25200883976490712,-0.30291689472373273,0.091758645109068976,1.2139336577875173e-25
8,-0.17182711712361251,-0.22660487976063667,0.051349771531332605,9.4075902483150525e-15
9,-0.17736524309449847,-0.2151121052061023,0.046273217806201222,2.0670662851826724e-13
10,-0.23331976330086543,-0.33750975369853686,0.11391283384164702,8.5157080538661101e-32
11,-0.13928374792381787,-0.17138658509467597,0.029373361550414607,5.6762371290031254e-09
12,-0.26013823866728519,-0.32263818925944787,0.10409540116861531,4.7285324631054659e-29
13,-0.25710172345881382,-0.38185398583451957,0.14581246649770949,6.4423965940883101e-41
14,-0.26815310854452395,-0.3520329238501636,0.12392717947449508,1.2618189734452557e-34
15,-0.29491470538657522,-0.34751299735186075,0.12076528332847437,9.9444999913056228e-34
16,-0.16079467696849878,-0.19437728723048414,0.037782529791082133,3.546836550383778e-11
17,-0.25646472671361803,-0.34028472598199705,0.11579369473664282,2.5186071370001329e-32
18,-0.24573459387783736,-0.30430513265834302,0.092601613762211751,7.1216897193883071e-26
19,-0.16517776421448424,-0.20976723710772741,0.044002293763809527,8.2056360372777399e-13
20,-0.23597148226018896,-0.29032333708802743,0.084287640057928409,1.3441679951547927e-23
21,-0.20427894337867597,-0.30533867296744627,0.093231705209521107,4.7789524327303084e-26
22,-0.25556169521103106,-0.27214803489638623,0.074064552897964653,7.9773244567135478e-21
23,-0.1688112863628797,-0.22689078265705348,0.05147942725473028,8.6924490729969753e-15
24,-0.23822059774539023,-0.2910390315547009,0.084703717888298183,1.0351391947140135e-23
25,-0.35086265120322813,-0.48476363775972037,0.23499578449403738,2.7125182765407515e-68
26,-0.14637209467438891,-0.21165722493003283,0.044798780865082509,5.0606813616872613e-13
27,-0.16274152217980531,-0.20662485986121984,0.042693832712668738,1.8143097905808001e-12
28,-0.17404889677747784,-0.2315644292345265,0.053622084886712031,2.3508381624815601e-15
29,-0.27454689344405747,-0.34917702441893034,0.12192459438205827,4.6688014422132332e-34
30,-0.27539206318098869,-0.39092860426168191,0.15282517362998671,5.7550359086623189e-43
31,-0.24612541274692987,-0.34587170537221423,0.11962723657708377,2.0870747865891045e-33
32,-0.4227864890561509,-0.47797413135266176,0.22845927024233156,3.4976129075997241e-66
33,-0.23806964419448434,-0.2602594925133479,0.067735003443305394,4.0342471702426241e-19
