,Slope,R Value,R Squared,P-Value
0,-6.0157255917976746,-0.39415858910548501,0.15536099336562656,1.0353265514470559e-43
1,-5.8635593496705969,-0.43839925165305849,0.19219390384996171,8.7404969230811021e-55
2,-6.1830179471041857,-0.4264584609334926,0.18186681890176323,1.2453236720529848e-51
3,-5.7105967113232827,-0.46268153885709207,0.2140742063991668,1.3387598983930979e-61
4,-6.6631129831358997,-0.43810352114845119,0.19193469524267143,1.0499708447941631e-54
5,-5.1790440923824077,-0.33872586291965551,0.11473521021066525,5.0006678510568147e-32
6,-5.5829307330920024,-0.4357689420373963,0.18989457084439165,4.4373765145211587e-54
7,-7.4046191412607953,-0.44323205754002359,0.19645465683116278,4.2542677757009682e-56
8,-4.8929102227190677,-0.35809771950708347,0.12823397671617381,7.4954226163724594e-36
9,-5.1069051508618708,-0.33427785400815097,0.11174168368029469,3.46434960715876e-31
10,-5.950780476460042,-0.43112336776412535,0.18586735823228129,7.5548832422622225e-53
11,-4.2551944018349879,-0.30052595875795646,0.090315851887388943,3.0210653114470612e-25
12,-6.293546221584605,-0.43116066961509542,0.18589952302293747,7.3861612346665886e-53
13,-7.617107514900308,-0.49881336123901054,0.24881476935055963,8.1741522708271713e-73
14,-6.0415556501461607,-0.42206375329304874,0.1781378118438155,1.6768595000945272e-50
15,-7.5754000602940685,-0.49154346941224658,0.24161498232182818,1.8968977324539011e-70
16,-4.3880815445413255,-0.32370468722843571,0.10478472453365939,3.040485225924464e-29
17,-6.6665736887644673,-0.44321098998108444,0.19643598164001294,4.3111529277691012e-56
18,-6.6105311396615862,-0.41871743691563618,0.17532429197719976,1.183513076244221e-49
19,-4.0805733817991063,-0.30915045653553769,0.095574004776131372,1.0822485004648658e-26
20,-4.6958664714108975,-0.30385459959336136,0.092327617694041964,8.4700696505136355e-26
21,-5.4396129276631395,-0.37693593215419097,0.14208069694894884,7.8125694960874703e-40
22,-6.311349315855332,-0.39611675273047747,0.15690848179373823,3.6256938732807985e-44
23,-4.4571075760682346,-0.33334548313086371,0.11111921112374894,5.1770182684355282e-31
24,-6.1688632364497611,-0.42285495226042447,0.17880631065116587,1.0530079637157085e-50
25,-8.0601799173185018,-0.57959576620739472,0.33593125220553699,2.2910572429874401e-103
26,-4.8567877929693548,-0.22903458819922903,0.052456842591590426,4.7883875800746887e-15
27,-4.9217115766198702,-0.32729646282016517,0.10712297457459176,6.7821683954619947e-30
28,-5.0819235929237134,-0.39219931376508427,0.153820301717803,2.9373676858449354e-43
29,-6.9727188024598634,-0.4430450871464609,0.19628894924461512,4.7863656980059408e-56
30,-6.9588856561334671,-0.4649442702410253,0.21617317442995956,2.9051761120416448e-62
31,-7.3702332383576792,-0.53940104924470722,0.29095349192629105,3.9810982080559567e-87
32,-8.760534045617014,-0.54689358299502044,0.29909259112113129,5.4768791435730063e-90
33,-5.7404089898461788,-0.37750210927273753,0.14250784250536586,5.8745803052620908e-40
