,Slope,R Value,R Squared,P-Value
0,-0.31860119770910084,-0.4595847555586986,0.21121814754194873,2.1728808032432143e-60
1,-0.40048697643476416,-0.45013920461290302,0.20262530352953698,1.0272291040126447e-57
2,-0.310441595771211,-0.40174478037266576,0.16139886855668145,2.9038364932414797e-45
3,-0.38321256027436151,-0.49902658833291974,0.24902753586319334,1.6461243588420954e-72
4,-0.40204425511653313,-0.55677474404676963,0.30999811560834584,2.1721209097499628e-93
5,-0.37550577568548055,-0.52219024158418337,0.2726826484057478,2.1013710901885199e-80
6,-0.42993742606866608,-0.53388104779457912,0.2850289731942377,1.2610524338882829e-84
7,-0.3768517483182165,-0.5534268435820171,0.30628127119715443,4.583675577681191e-92
8,-0.35525766322785901,-0.46021388776246203,0.21179682248943998,1.4318144768917052e-60
9,-0.40234064591968288,-0.48398168057065294,0.23423826712799353,1.0659001986659255e-67
10,-0.27111452324020852,-0.46649462076890813,0.21761723120632742,2.1209873641011688e-62
11,-0.40198718381617382,-0.48492135864202618,0.23514872406722859,5.4223821388915576e-68
12,-0.42108732311120234,-0.51781532175345557,0.26813270744263473,7.2516376183732441e-79
13,-0.3563132024963086,-0.59640001894684203,0.35569298259979354,2.8158353668828985e-110
14,-0.37360885958733864,-0.48880079128003245,0.23892621355598584,3.255732144483625e-69
15,-0.44384356712617934,-0.56224108786383076,0.31611504088230385,1.3863787992043039e-95
16,-0.32329943755931251,-0.38414069169079584,0.14756407101268307,3.220588649051672e-41
17,-0.36860790895154666,-0.49032706162319095,0.2404206273600325,1.0659560445622806e-69
18,-0.39074028354439339,-0.53754519622843933,0.28895483798827132,5.5352025166735169e-86
19,-0.40117614694032661,-0.48443056635144133,0.23467297361557821,7.7199154368344855e-68
20,-0.36115512993944887,-0.48539689813260201,0.23561014871675162,3.8485529040650442e-68
21,-0.31728045420499124,-0.47315572749325097,0.22387634245966756,2.2094070848247322e-64
22,-0.44027276362173479,-0.50807436750616897,0.25813956291679363,1.6041381575067634e-75
23,-0.36255439396928102,-0.50741925927014186,0.25747430467825944,2.6688441905477686e-75
24,-0.39790998276553557,-0.49156086842399488,0.24163208736575201,4.3047752320838295e-70
25,-0.45060232042695586,-0.59147182160997247,0.34983891575861908,4.7694363016974368e-108
26,-0.29362810038834897,-0.44486433462293357,0.1979042762195054,2.9451492928500055e-56
27,-0.33838924584086927,-0.43990456206931378,0.19351602372939475,6.550567127363072e-55
28,-0.29530172427429807,-0.40604168223378229,0.16486984771123983,2.7414197993003267e-46
29,-0.35832884384234776,-0.52093734801847247,0.27137572056051912,5.8241670527697248e-80
30,-0.34741089346785348,-0.58519919845521629,0.3424581018726276,2.8861413643928326e-105
31,-0.36428482763461983,-0.50542530403297425,0.25545473795682444,1.2481728012504099e-74
32,-0.42214159972580539,-0.56110347799253102,0.31483711301531475,4.0000240314389169e-95
33,-0.47624917259513722,-0.52254417605485615,0.27305241592884849,1.5743389084094901e-80
