,Slope,R Value,R Squared,P-Value
001,0.035025163966391742,0.98207723613278197,0.96447569773020403,0.0
002,0.035249605124834209,0.98407648458424524,0.96840652751168621,0.0
009,0.036324931421035218,0.97450418770194003,0.94965841184861799,0.0
010,0.036025187565871274,0.9762721670881982,0.95310734423108678,0.0
011,0.036793586256252057,0.97964611679671731,0.9597065141548875,0.0
012,0.0358362161665014,0.97554184922821396,0.95168189959560334,0.0
013,0.035616754530529766,0.97729242705180952,0.95510048797281644,0.0
014,0.034237884152583858,0.97918166271848328,0.95879672860413356,0.0
015,0.035972004541203167,0.97906076890764937,0.95855998921403762,0.0
016,0.036383972352064843,0.97923499555552329,0.95890117652062568,0.0
017,0.036086580815335147,0.97641490365962469,0.95338606408863413,0.0
018,0.034737188579429125,0.98205310827144598,0.96442830746560837,0.0
019,0.034793581403210372,0.97961021208832355,0.9596361676277303,0.0
020,0.035532271938655227,0.97317450644676007,0.94706861999789504,0.0
021,0.034571979172850133,0.98109178839840894,0.96254109726278847,0.0
022,0.034969744945578599,0.98364640455995489,0.96756024920372641,0.0
023,0.034939421147750768,0.98225900725811177,0.96483275733969132,0.0
024,0.034973810214149123,0.97750252947284499,0.95551119512581018,0.0
025,0.035098980776317054,0.98180638679744403,0.96394378115625223,0.0
026,0.035645810222152741,0.97648020349839548,0.95351358782426787,0.0
027,0.035650222539606091,0.98204688967136067,0.96441609351319368,0.0
028,0.035138111593985923,0.9752323079934756,0.95107805455428129,0.0
029,0.035349155801860918,0.983033220031857,0.96635431168620134,0.0
030,0.034102039688118299,0.97733915576269448,0.95519182538693637,0.0
031,0.035405858717954541,0.98257619128095297,0.96545597167218389,0.0
032,0.034442204038834259,0.98303484345042569,0.96635750343760296,0.0
033,0.03588534889814194,0.9783670927670487,0.95720216820944692,0.0
034,0.03486629417177857,0.98285965317421287,0.96601309783773404,0.0
035,0.035174250061698963,0.97984755798326106,0.9601012368857601,0.0
101,0.03512152693298224,0.97657008400504974,0.9536891289736299,0.0
102,0.034399442065730569,0.97682432885319004,0.95418576943948519,0.0
103,0.034011454465950608,0.98170486427973491,0.9637444405504928,0.0
104,0.03596428776039351,0.9849041200568569,0.97003612570497155,0.0
105,0.034836937456807535,0.98498616005795503,0.97019773550571542,0.0
