,Slope,R Value,R Squared,P-Value
0,-4.8372174134452726,-0.25104545896371067,0.063023822466300131,7.3748573104807242e-18
1,-7.8936107192458387,-0.31758626335861834,0.10086103467408969,3.7390824862152863e-28
2,-5.4396526863804855,-0.26285077900108583,0.069090532021477663,1.7445339021772429e-19
3,-7.623156404967915,-0.36725759706722944,0.13487814260359546,9.3695266587527588e-38
4,-7.1509642265463391,-0.37257883185095103,0.13881498594341923,6.878135263187125e-39
5,-7.5235412287895276,-0.3845478882712044,0.1478770783738427,1.6124868979605057e-41
6,-8.8807789307359535,-0.40257478734794672,0.16206645940824452,1.0830358924277184e-45
7,-7.4275728643433583,-0.38355303791124012,0.14711293289094121,2.6934183361859673e-41
8,-8.1732314265578996,-0.389957369183761,0.15206674978072007,9.6036702425111349e-43
9,-8.1484001916264148,-0.36440516457126509,0.13279112396621079,3.7239380854831772e-37
10,-5.9635428641348609,-0.37921738942738326,0.14380582844411965,2.468103312190451e-40
11,-8.5747159694140755,-0.36881537485286214,0.13602478072785723,4.3840087534762734e-38
12,-8.9545082579575013,-0.39174511845810817,0.15346423783575719,3.7368728221997828e-43
13,-5.6565339717313989,-0.34575708767522068,0.11954796367765023,2.1976054654744365e-33
14,-6.6831245763136282,-0.30869260616725391,0.095291125102331328,1.2951064655057169e-26
15,-9.3059049269024321,-0.41932206012518325,0.17583099010762779,8.3279982646907312e-50
16,-8.2343899866282531,-0.34901590524619891,0.1218121021148237,5.0244337873170401e-34
17,-8.4031324169544614,-0.40029878578563621,0.16023911790145468,3.7658535055954314e-45
18,-7.2423669877000787,-0.35662640497254477,0.12718239272364151,1.4952982171084244e-35
19,-7.8405358487671126,-0.34572178538605547,0.1195235528905218,2.2328043052533488e-33
20,-5.7619410369235906,-0.28110069326173609,0.079017599752228648,3.6435553892648825e-22
21,-6.1601761717293293,-0.33231717917170223,0.11043470757263724,8.04990001339042e-31
22,-9.8619997450528256,-0.40987914088248778,0.16800091013056626,1.8579149061067331e-47
23,-7.2704110921102343,-0.35503280762031231,0.12604829448676169,3.1463568933578614e-35
24,-8.655735453074378,-0.38499078786869873,0.14821790674376137,1.2824960236738368e-41
25,-10.069518875131081,-0.46370682354274256,0.2150240182001002,6.7090764788439502e-62
26,-3.1656316755474223,-0.17576807698024136,0.030894416885332052,2.2686520348758746e-09
27,-6.2628318634669347,-0.28888550273938607,0.08345483369298784,2.2667444582414619e-23
28,-7.4765302495853518,-0.36883207958835601,0.13603710293347138,4.3483498556453411e-38
29,-7.1924747605015629,-0.37748287709232198,0.14249332249789706,5.9318033909647259e-40
30,-5.9901439585355201,-0.35586509686844758,0.12663996716918957,2.1345340743326005e-35
31,-7.4802098379188218,-0.35982811857325991,0.129476274915972,3.3114915914854027e-36
32,-10.530028534827244,-0.51876026128025454,0.26911220868355795,1.3199772013951744e-79
33,-11.938854020639475,-0.46510374502606561,0.21632149363727146,2.6074696895803056e-62
