,Slope,R Value,R Squared,P-Value
0,-1.3977478261141398,-0.27497223575864238,0.075609730438106412,3.0506290791055426e-21
1,-1.2140150860458065,-0.21274627590717365,0.045260977912371256,3.8225565342180612e-13
2,-2.031448335110039,-0.38155764539152853,0.14558623675672744,7.4968186346185381e-41
3,-0.40530840227466064,-0.079297932369173832,0.0062881620780260673,0.0073651776476367824
4,-1.7110053417092583,-0.32054802781735797,0.1027510381375977,1.1177907859812203e-28
5,-2.0101026165522184,-0.45314748373518365,0.20534264201552854,7.384834383546954e-59
6,-0.82973926920600816,-0.17135166590020331,0.029361393406774898,5.7173400909812523e-09
7,-1.8296466010661203,-0.37704388654577992,0.14216209238154695,7.3995330219383538e-40
8,-1.8322114324614291,-0.34505416047123272,0.11906237365850722,3.0143388314788128e-33
9,-2.164005945010854,-0.41974356957704195,0.17618466420127707,6.5155218350266367e-50
10,-1.2289690679431293,-0.26889731304588071,0.072305764963294369,2.3785341769547287e-20
11,-0.44562093298201794,-0.098650194973435246,0.0097318609682967884,0.00084759873499559875
12,-1.1547872103789398,-0.21559774934115492,0.046482389520971466,1.8203650339845736e-13
13,-2.0185478125658407,-0.44892712671890822,0.20153556510409468,1.1336076036890011e-57
14,-1.4112267708623447,-0.26209194464379021,0.068692187447163586,2.2321183048933576e-19
15,-0.91869186351670706,-0.21065882552123188,0.044377140769984821,6.5364171379243811e-13
16,-1.1420914957495127,-0.21530681369671764,0.046357024024233077,1.9644486360206337e-13
17,-1.5932024868094761,-0.35399956392576504,0.1253156912596318,5.0850878297732867e-35
18,-1.5288465614033022,-0.30684159447614456,0.094151764100662755,2.6678126884178407e-26
19,-0.90668361247006768,-0.17527413948947523,0.030721023973776022,2.518703882386935e-09
20,-1.6161345690447617,-0.29927595547893693,0.089566097527830638,4.8495393672538518e-25
21,-2.5202663240023098,-0.44509442974592173,0.19810905139084725,1.3100059869787226e-56
22,-0.78619308308084657,-0.14610420347007158,0.021346438271624076,7.1804493110903568e-07
23,-1.2061381608086679,-0.22389131830686865,0.050127322413187576,1.9817681774886994e-14
24,-0.86303332819806156,-0.17939321134630065,0.032181924277138493,1.0435875488208846e-09
25,-0.67732220672865195,-0.1376790912917577,0.018955532178924154,3.0449052103081763e-06
26,-1.5603861787562328,-0.067775052892942819,0.004593457794641197,0.022051701496299793
27,-1.53731974470196,-0.2805228455782004,0.078693066891290867,4.4620907214684183e-22
28,-1.2259393778050327,-0.25313553882181494,0.064077601014610575,3.8541368302961011e-18
29,-1.3362555226428918,-0.24985818444614383,0.06242911233472323,1.0633893665721285e-17
30,-1.5022627641834307,-0.33158314340567413,0.10994738099078785,1.1020290628228073e-30
31,-1.4466159193275554,-0.29131003468254207,0.084861536306743868,9.3746114204599064e-24
32,-1.0256853473379821,-0.24909347716394312,0.062047560365623852,1.344686471626839e-17
33,-0.63033457621669653,-0.12236594300215163,0.014973424006805822,3.4068319199934137e-05
