,Slope,R Value,R Squared,P-Value
001,-0.038543199207808167,-0.58525261500697012,0.34252062337249678,7.751533914504591e-106
002,-0.040144839910311696,-0.5097036881836392,0.25979784974800452,1.8205696202207138e-76
009,-0.034630255627148034,-0.49787825523708562,0.24788275703792456,1.6593213176548045e-72
010,-0.032823553887656641,-0.47899221981389817,0.22943354664224574,1.6995586656274157e-66
011,-0.037868896446904395,-0.60001470854674788,0.36001765047243878,1.6122075928131674e-112
012,-0.041789021894181017,-0.6175948122162993,0.38142335207648598,6.0377373655286803e-121
013,-0.037714102698839902,-0.50891086729508739,0.25899027085103804,3.3929359990191928e-76
014,-0.043807651853435686,-0.66019160583076797,0.43585295640940808,9.3615095482013767e-144
015,-0.033009394757972051,-0.48801647976743645,0.23816008452460072,2.5429015546608337e-69
016,-0.041885436400939849,-0.59862859971754634,0.35835620039979033,7.0742536366477855e-112
017,-0.031127040335245566,-0.54220079921009212,0.29398170666406265,3.4609807487249832e-88
018,-0.043777799447930227,-0.53704132412640881,0.28841338381944648,3.0644795302379465e-86
019,-0.038553854233864038,-0.53422016644142423,0.28539118623270299,3.4423138531041256e-85
020,-0.032651470387150557,-0.61538173962196951,0.3786946854601615,7.4310902760295357e-120
021,-0.032125820077628889,-0.47453771576817433,0.2251860436864766,3.9260094437905679e-65
022,-0.043461046650670361,-0.58766028837081086,0.34534461452806459,6.6526732330209304e-107
023,-0.036177115694416589,-0.44687221488152495,0.19969477643311981,4.2264992598674829e-57
024,-0.034056022968407623,-0.52700233261790708,0.27773145858471515,1.5125000426862371e-82
025,-0.038395617569315699,-0.56841991375195333,0.32310119834977807,1.2629690667269481e-98
026,-0.03891263765937044,-0.51158868941495961,0.26172298713731601,4.1163524301815468e-77
027,-0.041093621635036895,-0.5774603912716666,0.33346050348762629,1.9061057696707713e-102
028,-0.027804872287770215,-0.52649214119074428,0.27719397473561463,2.3125905739124598e-82
029,-0.048525001099225147,-0.59557662322419813,0.35471151413113844,1.7898252644360356e-110
030,-0.028486250307644397,-0.42106075605914756,0.17729216029310096,3.0191104431993837e-50
031,-0.041248431350173614,-0.56597605192501499,0.32032889135262727,1.3006273232580885e-97
032,-0.039557501936496813,-0.58401853769102685,0.34107765236676535,2.7072104360404064e-105
033,-0.027515852677395192,-0.45004275601483873,0.20253848224143167,5.5276074350977355e-58
034,-0.035425928465731032,-0.53665390553654813,0.28799741432763032,4.2776690527112774e-86
035,-0.034441169371785957,-0.47650878858822748,0.22706062560182008,9.8412191534877249e-66
101,-0.033120825356877097,-0.54628765937331947,0.2984302067835799,9.3894123423118275e-90
102,-0.032895460953276889,-0.58598799158392201,0.34338192628055864,3.6696747443668874e-106
103,-0.032028257185141122,-0.51811050369690859,0.26843849404106435,2.2334984921161622e-79
104,-0.042402165879033456,-0.59440750324466751,0.35332027991355941,6.1140336863828982e-110
105,-0.049831662863772365,-0.58523977798951243,0.34250559774121381,7.8532497501532432e-106
