,Slope,R Value,R Squared,P-Value
0,-5.6388116295086137,-0.20852964181699163,0.043484611516322824,1.1232684921986319e-12
1,-3.4486797336414372,-0.12531211100814341,0.015703125165317255,2.186103578238754e-05
2,-3.1388959175549984,-0.12718013657971533,0.016174787140435045,1.641594584616466e-05
3,-5.7025401302847367,-0.24288701793973935,0.058994103483659265,8.7729592254908359e-17
4,-7.5751065572937879,-0.31596040734200154,0.099830979007723544,7.2133507294640553e-28
5,-1.8585314804583137,-0.07167695969124209,0.0051375865505799432,0.0154516966684156
6,-4.254507889047705,-0.18926864714536509,0.03582262079223672,1.1592537870054914e-10
7,-5.4495980775376429,-0.20293227283321688,0.041181507357255176,4.5358838606207188e-12
8,-1.690869624252098,-0.068767395952241045,0.0047289547460522977,0.02017501505435319
9,-1.0724534067030111,-0.041158087306666633,0.0016939881507431929,0.16473206099668422
10,-4.8866852977262667,-0.22392166253876097,0.05014091095412275,1.9654303082633554e-14
11,-0.30299568671189547,-0.011255261745357528,0.00012668091695650858,0.70410626060977188
12,-5.2556278430432171,-0.19883530608108871,0.039535478944360235,1.2285831455761679e-11
13,-8.4404696662412206,-0.39040771765766336,0.15241818600666579,7.5754973447455e-43
14,-7.1814534630957345,-0.27537310773968354,0.075830348466211367,2.6591010294065161e-21
15,-5.7634613992818018,-0.19896542693530897,0.039587241115549773,1.1906994372158418e-11
16,-4.2853738837083943,-0.14938578132622918,0.022316111662447961,3.9992431479495829e-07
17,-5.3460447631334356,-0.21481893009954112,0.046147172729111535,2.2315737366402705e-13
18,-5.7255073871083466,-0.21254411012368848,0.04517499874827062,4.027397627410849e-13
19,-1.3956958170026779,-0.054601812887414378,0.0029813579705922108,0.065222249903154353
20,-8.068514812118595,-0.31405357936292611,0.09862965071066572,1.5508812002897326e-27
21,-4.9921184613701302,-0.22177065565566856,0.049182223709945114,3.5238411059171016e-14
22,-5.3558178495315092,-0.17363172909602373,0.030147977348874973,3.55826889437788e-09
23,-2.0305731894041519,-0.081470477109929329,0.0066374386405195183,0.0058956720356431493
24,-7.7941290570368595,-0.28842242552253256,0.083187495544300841,2.6805027569178648e-23
25,-8.8163821968880995,-0.35296900483812882,0.124587118376419,8.1936428671971847e-35
26,-2.8307168620648873,-0.12451757179816862,0.015504625686512077,2.466370045881799e-05
27,-5.1703982213374129,-0.20025012000942197,0.0401001105637879,8.7298439761881397e-12
28,-2.4178550459964749,-0.097930929424116409,0.0095904669378712691,0.00092526500551414371
29,-7.180434234561071,-0.26537696620589718,0.070424934192645894,7.6354799259185463e-20
30,-7.8339089570497613,-0.32535758918051971,0.10585756083735984,1.5282159963634912e-29
31,-4.2491857139350619,-0.17535883015437795,0.030750719313111973,2.4740041822191117e-09
32,-8.6450128308760714,-0.30817778882124952,0.094973549522754663,1.5842422778243034e-26
33,0.00082593548872580752,2.6008816136988871e-05,6.7645851684769273e-10,0.99929979190259233
