,Slope,R Value,R Squared,P-Value
0,0.065547899473034896,0.07886395604017446,0.0062195235623065696,0.0076953255790190621
1,0.024775707148484746,0.029581657588477143,0.00087507446568190731,0.318108250928064
2,0.08112755361902288,0.10096653843140535,0.010194241882820454,0.00063662541610647299
3,0.041871803594969836,0.055325879018739504,0.0030609528891962002,0.061731632819818257
4,0.064075197927189853,0.082295278792356319,0.0067725129115116514,0.0054108492232915499
5,0.032147635365531044,0.041660037032275575,0.0017355586855305723,0.15963813635876378
6,0.040674162657933138,0.05531893187373059,0.0030601842236504463,0.061764375246009945
7,0.084932107994130007,0.10087020828547145,0.010174798919554395,0.00064432483050708492
8,0.070772645112619437,0.092828188742172343,0.0086170726251523725,0.0016954998797765622
9,0.078629701212304393,0.096739947368795112,0.0093586174169172486,0.00106848643019983
10,0.035014780063246834,0.050973397010773552,0.0025982872028179381,0.08524242715153621
11,0.051608613899858963,0.063019341409993421,0.0039714373917493113,0.033296184021143226
12,0.072419608424815374,0.089903361615205971,0.0080826144297144898,0.0023685607104168777
13,0.032866076879321991,0.048886050009276795,0.0023898458855095119,0.098844045644489051
14,0.10835705861537502,0.14207966384404522,0.02018663087803689,1.4466440615811875e-06
15,0.072280726389726865,0.086869223323161729,0.0075462619607693454,0.0033176196672053209
16,0.062432825921952095,0.0744152916983465,0.0055376356385499976,0.011924091437084054
17,0.0035730011559445343,0.0047205250833230756,2.2283357062282329e-05,0.87344884919005961
18,0.04180418372676499,0.052079042863270628,0.0027122267055543791,0.078674868673450096
19,0.011703736575036278,0.014744734067966817,0.00021740718273506127,0.61880903837965728
20,0.079711259963835421,0.10240424166664849,0.010486628711321347,0.0005314138520203796
21,0.057714111235934624,0.085429743693022336,0.0072982411074554894,0.0038791853951062375
22,0.067789171536930218,0.072627322853826087,0.0052747280249138889,0.014135243752068347
23,0.038567808913564358,0.051739362571748992,0.0026769616393309006,0.080647316041051867
24,-0.0050112947493793272,-0.0060424766538762255,3.6511524112639224e-05,0.83844329063248735
25,0.036869100485942052,0.0524100375254795,0.0027468120334221695,0.076790745937149615
26,0.032207454406382501,0.046436291386149409,0.0021563291576993738,0.11695499150851953
27,-0.019007954578697115,-0.024626732890985176,0.00060647597288393106,0.4059323547579422
28,0.023895160756854446,0.031634537664922538,0.0010007439732734027,0.28566973058726353
29,0.028153877058197194,0.036304245790302128,0.0013179982624026698,0.2204359483031374
30,0.050292727411296013,0.071481033737702968,0.0051095381842106297,0.015736119129302683
31,0.010832598204588786,0.01506587060114831,0.00022698045697054495,0.61118936874981333
32,0.13791551856609302,0.15284946979600073,0.023362960416918536,2.1266903241865977e-07
33,0.15128904833437196,0.16505863346185096,0.027244352480293665,2.0484366789580381e-08
