,Slope,R Value,R Squared,P-Value
0,0.014336341335468459,0.20441196812022011,0.041784252710781886,3.1484662034919188e-12
1,0.0048522975451862002,0.083822417786954082,0.0070261977236506764,0.0046070767396213476
2,0.010313842648040181,0.15366586148427025,0.023613196985702932,1.8287677140808043e-07
3,0.014322688871762189,0.22882572793500974,0.052361213764987098,5.0761364110689471e-15
4,0.0090827952709418291,0.13576464577440162,0.018432039042248747,4.1795225225370931e-06
5,0.010530029431737323,0.16272994116534092,0.02648103375167532,3.2452372230561327e-08
6,0.016481254885414853,0.28378448748329183,0.08053363533615461,1.4125921408794903e-22
7,0.0098936680414888813,0.13607561915572275,0.018516574128613301,3.9710839655106772e-06
8,0.012730894957382947,0.22554417220094553,0.050870173613809772,1.2602587290839358e-14
9,0.011311225839430802,0.18832245251272645,0.035465346120408109,1.4384342055958771e-10
10,0.0097542635506980765,0.14477120514256384,0.020958701838430301,9.0745661328629592e-07
11,0.014157877529691564,0.23008064512895157,0.052937103262954546,3.5717456442698159e-15
12,0.011587666535546501,0.19451088873590741,0.037834485836832556,3.4371620681251346e-11
13,0.0059060675731944425,0.10171890462794995,0.010346735558709979,0.00057936695996760757
14,0.0068827888065081059,0.10772890883314196,0.01160551779837941,0.00026680291655491927
15,0.0092074707387497529,0.14234046592913066,0.020260808240922006,1.3832412143084127e-06
16,0.0045827557944223309,0.077023723120436524,0.0059326539233336677,0.0092472305810130939
17,0.0085823035225976695,0.13858077578050296,0.019204631415926036,2.6190649345610845e-06
18,0.011789710298299191,0.17148656294276593,0.029407641269923221,5.5601357359796874e-09
19,0.013386721660493728,0.22061052609152737,0.048669004222380477,4.8159673193780282e-14
20,0.011982049699261496,0.17268615560206863,0.029820508336621858,4.3349568095084071e-09
21,0.0029580337856071944,0.042592662471788528,0.0018141348964357028,0.15049082954867524
22,0.008903579368448258,0.1301304149444196,0.016933924893606823,1.0357155404390929e-05
23,0.015678720595261573,0.24548845463080557,0.060264581357021084,4.0224738289250714e-17
24,0.0069359101809177374,0.11191765381487666,0.012525561235426575,0.00015174569771464244
25,0.0078837278625849914,0.13309643351719255,0.017714660614996457,6.4529149709036355e-06
26,0.014477296480965645,0.23744128007218651,0.056378361482318513,4.3578568915452241e-16
27,0.011930551648203981,0.17278818301933802,0.029855756191124249,4.2438061711173677e-09
28,0.011658675542067775,0.19051146360567345,0.036294617765175841,8.716740899474512e-11
29,0.0054186476424969961,0.075946073129022032,0.0057678060237187625,0.010280349980870176
30,0.0037335819197570788,0.054968689595797905,0.0030215568358791809,0.06343379342334747
31,0.005496178955926914,0.093753163477708137,0.0087896556620778669,0.0015224330271573086
32,0.0064392056018458248,0.097509144145917506,0.0095080331920693179,0.00097382079969883376
33,0.0095871688179414785,0.15685574312487277,0.024603724151256071,1.0063575914275522e-07
