,Slope,R Value,R Squared,P-Value
0,-4.3459133333798095,-0.028689099369155764,0.00082306442261329362,0.33293583979400354
1,6.0688327150337527,0.031872352041817105,0.001015846824677523,0.28206163309870014
2,-4.632522701580581,-0.030216069322732908,0.00091301084531620073,0.3078359403074154
3,4.5918681615747445,0.0327425889619338,0.0010720771319301492,0.26912239528896859
4,-0.45019208221653617,-0.0031864370090957297,1.015338081293494e-05,0.91437965633020624
5,-10.485871162601565,-0.070698947386722499,0.0049983411615905559,0.016917788908220047
6,3.2484282321486653,0.022070188285484949,0.00048709321095675707,0.45640734973207586
7,-7.827850510642441,-0.049553820154031737,0.0024555810918581219,0.094316192690167097
8,-5.7133273750539066,-0.038622276335279433,0.0014916802293186858,0.19234734767838527
9,-10.086279612298899,-0.066238827441509149,0.0043875822608260258,0.025255894515679122
10,6.8504903493562717,0.053127725369281037,0.0028225552029137479,0.0728315255982354
11,23.613364038208836,0.13680468863239251,0.018715522831805862,3.52070121135661e-06
12,-2.6731261951104122,-0.017004299768132995,0.00028914621060452785,0.56610659420500598
13,-22.760259842149935,-0.17422265332520676,0.030353532931675177,3.1434936184887152e-09
14,-16.714897827164258,-0.11929155348865186,0.014230474733735888,5.3558835614117774e-05
15,3.6030164743278936,0.022060677254158736,0.00048667348091215664,0.45660148086612307
16,8.9490113271103411,0.057348672937869251,0.0032888702877346969,0.052790120595683013
17,-0.13724291010453529,-0.00091614405636824506,8.393199320188622e-07,0.97533953294392295
18,-17.831890879827796,-0.10904007331029644,0.011889737587514822,0.00022407618589256466
19,-14.138969113893044,-0.084343459925551187,0.0071138192322130591,0.0043586052138609045
20,-10.334938353430815,-0.067282251921546382,0.0045269014236344321,0.023038770100141267
21,-5.9589183046909922,-0.044433473594691415,0.0019743335756901392,0.13361431505825225
22,-10.799740960767913,-0.06007716832360737,0.003609266153783053,0.042464745038637806
23,-9.4060916297121651,-0.064535806850864227,0.0041648703658920538,0.029270931684046896
24,-16.941905341147478,-0.098749987651942761,0.0097515600612588481,0.00083731330086547556
25,5.6304422802410876,0.038829321324065233,0.0015077161944875069,0.18997255029262997
26,-2.4350148985127134,-0.018091951812865902,0.0003273187203990618,0.54152893228050702
27,-1.4128968504256845,-0.0086762526958705111,7.5277360842600311e-05,0.76970809542356911
28,16.858680367784409,0.1036678059621579,0.01074701399300762,0.00045254499824542169
29,3.6216124367337064,0.025069528064383929,0.00062848123737093342,0.3975412326439286
30,-13.880127840167175,-0.10401457759655364,0.010819032352589478,0.00043289155830301517
31,-15.581033133380423,-0.11784602242038879,0.013887685000306777,6.6008528555975215e-05
32,-6.9424756619080972,-0.044140894524623712,0.0019484185694339557,0.1361943469676116
33,-5.9885119690422686,-0.035032026541674845,0.0012272428836166108,0.2370462644121373
