,Slope,R Value,R Squared,P-Value
0,0.61130671354922084,0.048425393642654947,0.0023450187494460863,0.10206734530110058
1,0.56463488994669653,0.047687310978046085,0.0022740796283168747,0.10740542049960435
2,0.25377636231630113,0.024885783989443171,0.00061930224476922612,0.40101049482728668
3,1.8758301919601126,0.16333053182658594,0.026676862626755404,2.8839071251193451e-08
4,-0.93532739394308906,-0.074935810665810787,0.0056153757201422416,0.011340757090439435
5,0.85250204203850433,0.080775623009355965,0.0065247012725495965,0.0063340842707244162
6,-0.45450235364793296,-0.048285203919326905,0.0023314609175309822,0.10306469083984214
7,2.2151931162586536,0.18668968086410601,0.034853036941141745,2.081920237871326e-10
8,0.9765063653660907,0.090675614961225351,0.0082220671485963952,0.0021704200860055405
9,2.3244703540416065,0.23408896364610965,0.054797642900909646,1.1461429839299565e-15
10,1.0386546021917828,0.091454032432775292,0.0083638400482151151,0.0019861622440893578
11,-0.88908043545689375,-0.09866729536194925,0.0097352351740421315,0.00084582796409693429
12,-0.27704318129436789,-0.026113266676433055,0.00068190269651450901,0.37817958436308874
13,2.0413351373064677,0.19581685441481061,0.038344240472911136,2.5254831242751793e-11
14,-0.2388497092934429,-0.022251386929738142,0.00049512422029692144,0.4527177393451427
15,1.1673459904692327,0.12280477369864506,0.015081012443175426,3.1909800469222782e-05
16,0.54369898271833117,0.047295768842231037,0.0022368897503777523,0.11032553248511839
17,0.53298478427617169,0.055406525444424398,0.0030698830618236484,0.061352589047446185
18,1.5627970913925238,0.12338742763410113,0.015224457298160542,2.9243768026697569e-05
19,0.41462509288430632,0.041361292040732835,0.0017107564792787893,0.16265535037491169
20,0.031844046374340129,0.0027955284328909742,7.8149792191018665e-06,0.92485021722035188
21,1.4021030362535656,0.12131661023405156,0.014717719918680785,3.9805009539018646e-05
22,-0.31843062679420403,-0.023795889492508236,0.00056624435673966389,0.4219593081580445
23,1.20126561088546,0.1103615754670231,0.012179677339563436,0.00018756722357530256
24,-0.26600924524674163,-0.023894161491425332,0.00057093095337831324,0.420044546429308
25,1.17732231659436,0.11739857483678157,0.013782425373707403,7.0386257191620255e-05
26,-1.6713273587232651,-0.03229769051924463,0.0010431408128769046,0.2756856989376168
27,1.4405507228068342,0.12402495908839276,0.015382190476877496,2.6569343865018473e-05
28,1.8560092133951576,0.17092408123703454,0.029215041546724382,6.244697872775966e-09
29,1.0014358208656218,0.085991306541069207,0.007394504800640132,0.0036505809871163484
30,1.1809885140137759,0.10484062915775184,0.010991557522193246,0.00038923466815568325
31,1.8152915744428335,0.16524052034601097,0.027304429564220467,1.9755840107793883e-08
32,0.70358065220806754,0.077507438391395414,0.006007403005995956,0.0088143749759095075
33,-0.74740855339261592,-0.073188053288407343,0.0053564911441467532,0.013405773281506024
