,Slope,R Value,R Squared,P-Value
0,0.36022089459046808,0.5015092420833368,0.25151151989500292,1.0485874153638459e-73
1,0.34043081838096534,0.56841841344145549,0.32309949273930144,1.2647860378014665e-98
2,0.38068349502258969,0.54694655588732966,0.29915053499701183,5.2244877081879413e-90
3,0.33069540383706092,0.53204337025769932,0.28307014783517132,2.1909750525459094e-84
4,0.29641993151374812,0.41761155458293642,0.17439941052117688,2.2466663114675962e-49
5,0.30127197365030589,0.44062527373380556,0.19415063185299108,2.1853777923808035e-55
6,0.36889761315394654,0.63578550077379292,0.40422320299418263,3.018664630346525e-130
7,0.39865416944886117,0.54490482562303155,0.2969212689872664,3.199785678835871e-89
8,0.29530174790914143,0.46427990902083111,0.21555583392039121,4.5552165867268077e-62
9,0.31067755067682956,0.45125052504478019,0.20362703635318979,2.5324456850141807e-58
10,0.31849239130457196,0.44894223733647315,0.20154913246467818,1.1226532136937749e-57
11,0.28565278999206201,0.49187469141042139,0.24194071205009726,1.4842293242094485e-70
12,0.34817229096249791,0.53285021286905077,0.28392934935459274,1.1050785784727187e-84
13,0.38492561230412331,0.50820588148586288,0.2582732179768229,5.893760096893659e-76
14,0.25857785439464109,0.41248007599450187,0.17013981309243004,4.2623601828288952e-48
15,0.38928102681736543,0.58281778084757419,0.33967656567209104,9.0941012795714375e-105
16,0.22744280588069501,0.38158467353111863,0.1456068630738504,7.3939369843053969e-41
17,0.32769575027654452,0.46381522942612202,0.21512456704760621,6.2356110520350756e-62
18,0.32190272542134757,0.44960257221449301,0.20214247294188842,7.3409011357214801e-58
19,0.24529949923369607,0.41266721929859251,0.17029423388363266,3.8320170689580284e-48
20,0.18768547882423259,0.27147066183049995,0.073696320234689666,1.0028959635188737e-20
21,0.27220641097730519,0.37995144359994454,0.14436309949368184,1.7002035061753839e-40
22,0.33897846067568088,0.49400595729044106,0.24404188583844508,3.0418544767928235e-71
23,0.29958412897866954,0.468423801566621,0.21942085787412513,2.7104966833703358e-63
24,0.32237701302921884,0.49883234274540789,0.2488337061688721,8.0573311209951858e-73
25,0.36041822072434665,0.56823755621130279,0.3228939202889935,1.5040304875920856e-98
26,0.30976014469847224,0.46946973174837342,0.22040182902788968,1.3214975740137335e-63
27,0.24764531296857881,0.36336873899794686,0.13203684048095804,6.1270865838015615e-37
28,0.33434625481604385,0.57569779275830846,0.33142794858678826,1.0827639877893618e-101
29,0.3499866897370667,0.46414234276581212,0.21542811434813663,4.9992247944417385e-62
30,0.32464898966283778,0.45884347231428263,0.21053733208542785,1.7411957582375919e-60
31,0.40126976223575894,0.6147285190265448,0.37789115210456903,1.5530215208885958e-119
32,0.40601933304948601,0.56929921024555197,0.3241015907862092,5.4315432215887677e-99
33,0.33111144272612886,0.52775056717153646,0.27852066114987839,8.1037117710048788e-83
