,Slope,R Value,R Squared,P-Value
0,-0.19739211414627414,-0.28724470278931452,0.082509519280521637,4.1000490055019565e-23
1,-0.31141706805546254,-0.34978647586292616,0.12235057869660543,3.5354192300112709e-34
2,-0.24104020779901564,-0.3124686828095885,0.097636677736759228,2.9177896842753214e-27
3,-0.33334704539088661,-0.43520835629348259,0.18940631338767489,6.2618647080152332e-54
4,-0.28227422853506462,-0.39158126166587032,0.15333588448783481,4.0755468266418864e-43
5,-0.31069434210470342,-0.43229999173657035,0.18688328285543879,3.7002227714065348e-53
6,-0.33393055111661979,-0.41535730932502513,0.17252169440972459,8.2365860834623527e-49
7,-0.29700308192438735,-0.43862745860607361,0.1923940474432228,7.5862196229775929e-55
8,-0.34198959628726849,-0.44410047655903195,0.19722523327995928,2.4585864423006792e-56
9,-0.31604374052614209,-0.38039620808730296,0.14470127512719869,1.3558958877917867e-40
10,-0.26037536290378677,-0.44799426265555536,0.20069885937229473,2.0625237590604607e-57
11,-0.32733393992435633,-0.39803441153105995,0.15843139276287718,1.2886912191037147e-44
12,-0.34996214758406102,-0.43105937481129025,0.18581218461270041,7.853307761371973e-53
13,-0.21517338943451891,-0.36022761191034147,0.12976393238262759,2.7403508349919947e-36
14,-0.27616638407416272,-0.36199525876412808,0.13104056736770806,1.1819739116313402e-36
15,-0.36641718912647536,-0.46442060773004762,0.21568650088434677,4.141679830752746e-62
16,-0.31362688522158921,-0.37371229526923783,0.139660879635402,3.9184040663757511e-39
17,-0.32790657979091226,-0.4365843238888471,0.19060587186548175,2.6857236148384796e-54
18,-0.29172960960998007,-0.40183228434754553,0.16146918474396668,1.628055993333231e-45
19,-0.31947392039575562,-0.38589696771218052,0.14891646968945568,8.0190485339512332e-42
20,-0.22139155781438033,-0.29752546485322673,0.088521402236128657,9.3722077855299156e-25
21,-0.25585850402953397,-0.38307973574157395,0.14675008393583414,3.4358552309615051e-41
22,-0.39373012374940758,-0.45507043522703555,0.20708910101772357,2.1006204236663366e-59
23,-0.29705216999152034,-0.41572600441890661,0.17282811075010876,6.6644126729492364e-49
24,-0.34228921741713919,-0.42250386506649229,0.17850951599612472,1.2946807277893854e-50
25,-0.38546633357807347,-0.50663967417484079,0.25668375944798882,2.0006259767042325e-75
26,-0.14338354617637511,-0.21705190377272437,0.047111528931364,1.2419238201047417e-13
27,-0.248764727036728,-0.32346665215120446,0.1046306750539083,3.3559420329940328e-29
28,-0.30513466094367059,-0.41932794259369299,0.17583592343985949,8.2995416759428713e-50
29,-0.28283031654705265,-0.41273841941894085,0.17035300286444552,3.6798823647769871e-48
30,-0.23947568369486236,-0.40399373074171502,0.16321093447860932,4.9555083179963706e-46
31,-0.29065136451649848,-0.4035612156305608,0.162861654761216,6.2916417998537641e-46
32,-0.4132762186028372,-0.55757084622102071,0.3108852485556251,3.4156943401073948e-94
33,-0.44709157717264891,-0.49246326731846868,0.24252006965798154,9.5915117928376357e-71
