,Slope,R Value,R Squared,P-Value
0,-0.38952835159823235,-0.47647112298565603,0.22702473103921214,1.0105748971783772e-65
1,-0.51265701552920273,-0.47603470249266727,0.22660903797728224,1.3738457577313679e-65
2,-0.40743240950333387,-0.43436211360900484,0.18867044573888203,1.0518879986566912e-53
3,-0.49685772388714811,-0.54040114569815545,0.29203339827187902,1.6680975255699449e-87
4,-0.52345779626271216,-0.60373308862065478,0.3644936422954354,2.9434701187694163e-114
5,-0.49425230556495725,-0.56486541985073524,0.31907294254314739,3.7292057890480691e-97
6,-0.52533051573688694,-0.55516931787336843,0.30821297150798121,3.1088320767260678e-93
7,-0.48473704730458383,-0.59831901955742139,0.35798564916415399,9.8332525409003215e-112
8,-0.47188199749505466,-0.50803217735056772,0.25809669322355872,6.7514266855568776e-76
9,-0.50711519963830709,-0.51653810995289218,0.26681161903370615,7.9379826143125343e-79
10,-0.36539351399221021,-0.52218719803051616,0.2726794697869615,8.0838255399518067e-81
11,-0.50865936192251426,-0.51884581134800567,0.26920097595337028,1.2315578507870389e-79
12,-0.53248993265133948,-0.55332361464527846,0.30616702252411659,1.676611287599402e-92
13,-0.45277957906010913,-0.63265198926770638,0.40024853952438605,1.3381751073453664e-128
14,-0.46887157551076264,-0.51609587380442878,0.26635495095795686,1.1326148600098163e-78
15,-0.53383246642068938,-0.58487181117265352,0.34207503550438007,1.1408628447941649e-105
16,-0.4288089400966747,-0.42217535458687888,0.1782320300205569,1.5704617986836204e-50
17,-0.4714292592604063,-0.52810587958117305,0.27889582004820446,6.0221510406001546e-83
18,-0.49584476215735251,-0.57037127003893284,0.32532338568582525,1.9347105651166136e-99
19,-0.51568791863361407,-0.51387470249217437,0.26406720986142074,6.6988430606650984e-78
20,-0.45626246817643601,-0.51976998392911322,0.27016083619367059,5.8159341057034585e-80
21,-0.38943986577979284,-0.49065831092541928,0.24074557808018543,3.6491849954941429e-70
22,-0.55216272916759768,-0.54599175559732538,0.29810699718024947,1.2212092830658683e-89
23,-0.47130797892222093,-0.54454116642849537,0.2965250819353063,4.4130769611178631e-89
24,-0.49887715668354471,-0.52670598314091499,0.27741919267643783,1.9357359571449523e-82
25,-0.57754879072656584,-0.63754301407632663,0.40646109479752723,3.5304801798552555e-131
26,-0.38308299265933504,-0.46913062284679496,0.22008354129262178,1.6685345450067322e-63
27,-0.42897523147022665,-0.46405668106989634,0.21534860324560748,5.2971982076206983e-62
28,-0.37840714343149262,-0.43943547553804518,0.1931035371613479,4.5904505241561591e-55
29,-0.46379618177393045,-0.56506696302386639,0.31930067270101559,3.0812775249133045e-97
30,-0.4515818943478645,-0.62920925019907459,0.39590428053608162,8.2023504861263146e-127
31,-0.46094609303947659,-0.53485831286761099,0.28607341484358723,1.9957155639484193e-85
32,-0.54095106120569636,-0.61281791323269452,0.37554579477887429,1.3280347155628512e-118
33,-0.62130608340153426,-0.56737906239732339,0.32191900044686578,3.4179726084577486e-98
