,Slope,R Value,R Squared,P-Value
0,-1.4240959511011608,-0.04239387159368118,0.001797240348701528,0.15240634459398969
1,3.1226939442300656,0.086405052896871143,0.0074658331661111004,0.0034900544811407638
2,1.0147560244987364,0.031283761771046283,0.00097867375054757678,0.29104831128865732
3,2.463179867299317,0.085620237926210971,0.0073308251425409756,0.0038002217702912443
4,5.0869874908087542,0.1557197483337987,0.024248640021141604,1.2466267305904258e-07
5,1.3587369979359152,0.049191792459186506,0.0024198324453476782,0.096749883862698297
6,1.1822108260884256,0.043067706398588035,0.0018548273344349807,0.1459876774376839
7,4.2845643719108608,0.12950774383983168,0.016772255714483462,1.1424022395416528e-05
8,2.496405563417492,0.080345725429586276,0.0064554355948064669,0.006619784537658554
9,3.6932486493492256,0.12430736296603404,0.015452320487569331,2.5460431082891616e-05
10,1.60339806366729,0.051512153594206946,0.0026535019679131675,0.081988915284489053
11,2.8783448383358485,0.10231689266417271,0.010468746524451839,0.00053731335582971615
12,-0.36214885809520564,-0.011653463871464789,0.00013580322020353511,0.69415651759935881
13,4.3290261387083184,0.14445884007161086,0.020868356474835245,9.5834157999200216e-07
14,0.5661023053612072,0.01934490826821832,0.00037422547590578153,0.51389132192186338
15,-0.26080255419299386,-0.0094008053140197962,8.8375140552102841e-05,0.75108740835313259
16,1.1797212058613671,0.040697323274063793,0.0016562721216736545,0.16951474669363281
17,4.4012426636824502,0.16287385941792182,0.026527894081688961,3.1548523702443361e-08
18,7.9641400734223424,0.23768260166573457,0.056493019134592252,4.0624692565523793e-16
19,-4.8196450229682641,-0.1527901889791676,0.023344841848289749,2.1500589034167621e-07
20,3.1905981402968879,0.093010626779408301,0.0086509766938983844,0.001659996920851026
21,-3.0601921575483488,-0.088774485688469421,0.0078809093092522611,0.0026880614109080743
22,2.7704667082840633,0.08054761678007849,0.0064879185689503821,0.0064842014137801076
23,-1.8765493745936075,-0.059283078501670243,0.0035144833966351966,0.045277106094505637
24,3.3728976278950844,0.10741696240514408,0.011538403812348136,0.00027803556943652624
25,0.68792000962864186,0.024933604784369592,0.0006216846475431382,0.40010584945995498
26,1.8087357354238818,0.012995124406705085,0.00016887325834574217,0.66102700207237786
27,8.1322766884762441,0.23745691287881457,0.056385785473936932,4.3380974854441367e-16
28,1.5493769841398799,0.047191027914126889,0.0022269931155919033,0.1111172127688597
29,-0.50699334835778131,-0.014976412492575093,0.00022429293114775931,0.61330778601222058
30,5.6996204149055982,0.19213200280085468,0.036914706500267631,5.9929413959518586e-11
31,3.3533400256702568,0.12704734736040663,0.016141028471315821,1.6755857851562875e-05
32,3.2384111230131247,0.12088042160923357,0.014612076328426062,4.244945201268077e-05
33,8.4457679133238237,0.29695960262994892,0.088185005594137167,1.158557848183584e-24
