,Slope,R Value,R Squared,P-Value
0,0.59662385699375009,0.29386786801463671,0.086358323851467939,3.6590568913323855e-24
1,0.27789497551080472,0.12436255715617148,0.015466045622422018,2.5248899936430609e-05
2,0.41248832092228899,0.22959044128872552,0.052711770731151721,4.0984352022270219e-15
3,0.36615110425993252,0.17723200955319149,0.031411185210262559,1.6612035745905569e-09
4,0.31166652551138591,0.15372251375280996,0.023630611234482846,1.8096614954550978e-07
5,0.37207258241282215,0.17872590216710205,0.031942948105444534,1.2054043744063874e-09
6,0.13070577976569561,0.071058963159557481,0.0050493762453113471,0.016364502563853949
7,0.72350057112732569,0.36521575449337129,0.13338254733016244,2.5195122881590456e-37
8,0.33559495175007781,0.17814637180165382,0.031736129786093081,1.3655546182289761e-09
9,0.62531039864175686,0.33069126050889763,0.1093567097769636,1.6122333455884344e-30
10,0.32682289054886265,0.18795940102343167,0.035328736433087204,1.562134512099507e-10
11,0.22476216052171205,0.1149302302275735,0.013208957820163049,9.989908470966112e-05
12,0.43848145405163735,0.23003319630997784,0.052915271404584803,3.6196683726632632e-15
13,0.2655997083009774,0.16006802672510226,0.025621773179668052,5.4475037804804932e-08
14,0.51953067124324137,0.28685549620396317,0.082286075702421926,4.7162082874584221e-23
15,0.42658785915223191,0.21442235576256177,0.045976946650766605,2.4746895703571496e-13
16,0.28768863087964192,0.13069489919617336,0.017081156675897914,9.4726843607206488e-06
17,0.13410739815936992,0.070286442103614635,0.0049401839435847719,0.017571839710059139
18,0.49830181656393369,0.22548744625161193,0.05084458841707358,1.2800665259526882e-14
19,0.072251946699285127,0.037153203969270007,0.0013803605651821805,0.20982600926263276
20,0.52836300640428036,0.28534496456673614,0.081421748803591903,8.1034874976807299e-23
21,0.31340970675020935,0.19345760638596304,0.037425845468586211,4.4002784065885273e-11
22,0.41342514036544503,0.1643877678164779,0.027023338207684249,2.3403452629866947e-08
23,0.1318648977680815,0.075403894892138099,0.0056857473649046097,0.01083794111522454
24,0.076903144116727842,0.035086120948513773,0.0012310358832137371,0.23632249136476147
25,0.50459975486235287,0.27325154102754856,0.074666404673930056,5.4868566803350716e-21
26,0.38909267907464229,0.21199525810458353,0.04494198945882899,4.6393479358446933e-13
27,0.1329335960802927,0.067850034512243848,0.0046036271833126809,0.021904781783140575
28,0.28752362360853406,0.14891838606354937,0.022176685707772335,4.3502749698869536e-07
29,0.48053510706911085,0.26885940225226201,0.072285378179443638,2.4088205213029063e-20
30,0.44756226715386294,0.25081265523833673,0.062906988027704766,7.9247304652816095e-18
31,0.25177003321091512,0.13205675038699752,0.01743898532277377,7.6258294754787847e-06
32,0.57477789245104016,0.29536213721223425,0.087238792098578696,2.1025373149479307e-24
33,0.66724659449797918,0.30735958864681268,0.094469916733137899,2.1804842642634686e-26
