,Slope,R Value,R Squared,P-Value
0,0.27694800274683956,0.053589601151496462,0.0028718453515764711,0.070372921047265169
1,0.1722396984428384,0.038811093362848964,0.0015063009680197788,0.19018075429127457
2,0.33517356054848269,0.073491456206677283,0.005400994135377965,0.013025088721470249
3,0.36756024580811303,0.087362937594873624,0.0076322828652057835,0.0031427454915391572
4,-0.091850156995794185,-0.019162108943154219,0.00036718641914931089,0.51787734597716051
5,0.10705629671208444,0.027365783901419562,0.00074888612853919409,0.35572579650129821
6,0.160572803227787,0.042675735373153584,0.0018212183896394321,0.14969580534119548
7,0.6401173663245604,0.12692545203959252,0.0161100703754549,1.7073771925644039e-05
8,0.23985911279351899,0.055033171384900978,0.0030286499526798838,0.063123676847532173
9,0.58211986476972677,0.1363833964601876,0.018600430830016713,3.7746073684195815e-06
10,0.21837829610184936,0.048672289037224523,0.0023689917201231265,0.10032953469464433
11,-0.17247541881161405,-0.045708815269499804,0.0020892957933412583,0.12280695535734713
12,0.13974608286117038,0.031169788508298192,0.00097155571565203799,0.29281045216527551
13,0.34981927220250991,0.082820829162600404,0.0068592897431806413,0.0051209852767691707
14,0.046891336232496181,0.010374034961545009,0.00010762060138335817,0.72630368432807479
15,0.34686321980604129,0.087248056702121435,0.0076122233982965967,0.0031826701800734122
16,0.19184652545709716,0.043785565609486952,0.0019171757557426864,0.13937917236936065
17,0.24081879443538728,0.063106604489270871,0.003982443530165262,0.033052353441404128
18,0.1991523230636657,0.043287952180731892,0.001873846804001331,0.14393514242020572
19,0.14390181599972063,0.035169846800188559,0.0012369181239487335,0.23520533480481504
20,0.23745093047959215,0.049587247652218759,0.002458895129722475,0.094093973938763661
21,0.26112892911676322,0.054181253604576478,0.0029356082421634314,0.067323278273161619
22,0.049592112022442722,0.0099854308769312325,9.9708829797971643e-05,0.73616704168391478
23,0.11503898048320634,0.024794502662920551,0.00061476736230157427,0.40274070278941121
24,0.090702831787529747,0.021532263373884385,0.00046363836600232295,0.46745956593097493
25,0.15100865353152312,0.039528071608522494,0.0015624684450884821,0.18211718686296563
26,-0.1676685609223558,-0.0085741212935741985,7.3515555956922484e-05,0.77234380430629246
27,0.35334259333515444,0.077220502742222988,0.0059630060437616678,0.0090689059652155762
28,0.25685694255001768,0.060463207527907604,0.0036557994645628226,0.041151745152291502
29,0.38571526808743894,0.076333883594212337,0.0058268617845747593,0.0098973075225046638
30,0.25237405482194775,0.056822234171307502,0.0032287662962189058,0.055006186759171682
31,0.20252842283475386,0.048883373780384078,0.0023895842321527416,0.098862534570057836
32,0.031642466927803148,0.007517888217473674,5.6518643250429494e-05,0.79975076963347891
33,0.18492334874212632,0.04288883358340706,0.0018394520461451852,0.14767104815073484
