,Slope,R Value,R Squared,P-Value
0,9.5459054784823429,0.074586503516014854,0.0055631465067444959,0.011729350809149637
1,30.875767172919897,0.21403444106566821,0.045810741962292997,2.7375645101234846e-13
2,20.971966084942405,0.1580335331736136,0.024974597607335631,8.047135377692717e-08
3,25.885130146100003,0.24227965483259414,0.058699431145800958,1.0510942538815968e-16
4,36.662585226696422,0.27681422703080183,0.076626116286660301,1.6197895104620679e-21
5,6.8599988680748529,0.050465255115301061,0.0025467419738524201,0.088405832608259863
6,29.646972393286127,0.24388306986960304,0.059478951769021675,6.5155241657185978e-17
7,20.584428871909477,0.1475199944351743,0.021762148758153858,5.5868638935192505e-07
8,25.743859961793078,0.2009438130611135,0.040378416007539726,7.3764039097503137e-12
9,22.567899499373652,0.16620621355268211,0.027624505423519772,1.6289418141641646e-08
10,25.223901082268238,0.20806176393380954,0.04328969761124829,1.2642055800491018e-12
11,34.260420844337176,0.24323562159064555,0.059163567610587713,7.906698454507789e-17
12,9.4138137413822349,0.073236268429757348,0.0053635510135154729,0.013344628262167974
13,4.3674870452297831,0.029925070335918687,0.00089550983460968058,0.31252022971054227
14,0.026639302467677185,0.00023075238715617173,5.3246664178271768e-08,0.99378775721545054
15,28.269731990602367,0.20802175317498273,0.043273049793993434,1.2770324171867361e-12
16,13.973119521268853,0.120265892143797,0.014463884813143413,4.6458811855314978e-05
17,35.763133321928635,0.2623694981705903,0.068837753570287388,2.0398915747184095e-19
18,29.131740624661731,0.19841391914181919,0.039368083309216366,1.3595379087366252e-11
19,-10.963684866410571,-0.079533685989829336,0.0063256072071287755,0.0071911984797391722
20,15.469322207532736,0.10922006640696115,0.011929022905941004,0.00021873865473354354
21,0.56555594094003969,0.0042085579826404542,1.7711960293246689e-05,0.88707653656522234
22,11.739680612393036,0.084423500528608808,0.0071273274415040114,0.0043215298629399428
23,14.279640818596494,0.12043896482256439,0.014505544247530902,4.5294767334026509e-05
24,19.104426416935873,0.12714947005011915,0.016166987734026146,1.6493857753510254e-05
25,21.861818422637668,0.16794529066181221,0.028205620655480587,1.1475674782897775e-08
26,1.5220593428933931,0.0076183924485904303,5.8039903500739689e-05,0.79713168867948114
27,28.850704521558537,0.21045223347100606,0.044290142572934843,6.890741403951919e-13
28,31.043318620616752,0.22320440810906819,0.049820207799319463,2.3894530890295535e-14
29,21.0056304104071,0.1622961094050252,0.026340027128007908,3.5331356140815629e-08
30,21.869442078049797,0.16797904842434447,0.028216960709548263,1.139749810499176e-08
31,5.9270829399577396,0.054203231813450901,0.0029379903390226959,0.067212118683443275
32,23.494310516262072,0.1756810803059066,0.030863841977450401,2.3108681183194066e-09
33,22.712100240745272,0.18271204096795637,0.033383689914676169,5.0540439851092837e-10
