,Slope,R Value,R Squared,P-Value
0,0.80947806205181339,0.11706219294568147,0.013703557017251957,7.3856457536333777e-05
1,1.6333385465988985,0.18189805946306734,0.033086904036429582,6.0452549041090181e-10
2,0.75548223765330613,0.10431291863777357,0.01088118499473077,0.00041662279527412169
3,1.4057569809202732,0.21539031141642376,0.046392986252064006,1.9219896174630193e-13
4,1.4513858939133275,0.21472691425430013,0.04610764770517356,2.2858055966370556e-13
5,0.17116111490477662,0.024442581844029341,0.00059743980720207283,0.40945295465644016
6,1.2031275250731726,0.1752903171525744,0.030726695287450118,2.5101050589845879e-09
7,0.28357507853875463,0.040809324794507836,0.001665400990183632,0.16834272394595284
8,0.9682639249360776,0.1361877272433745,0.018547097051715769,3.8984099545949137e-06
9,0.94409114108137648,0.1288298667252856,0.016597134560454849,1.270434105269879e-05
10,1.5852998792121495,0.26109503613227636,0.068170617892914703,3.081828692123615e-19
11,1.8920272606538135,0.23403222894231684,0.054771084183709004,1.1649048199629874e-15
12,0.6065162775959152,0.085422235365834084,0.007296958294895955,0.0038823280176557319
13,-0.53958434685236734,-0.083850806627666197,0.007030957772110269,0.0045932156742723561
14,-0.2137856752900637,-0.034799509770570787,0.0012110058802720517,0.24017510611043316
15,1.4354208464977969,0.19181588798664487,0.036793334884105092,6.4489954974337298e-11
16,0.69650272959324666,0.098236182415915529,0.0096503475356530307,0.00089153250884551195
17,1.2725697589651994,0.18632295285090772,0.034716242759081584,2.261164522294801e-10
18,0.85710083318275365,0.11412897180875371,0.013025422206123299,0.00011175929900371644
19,-0.21555067514995102,-0.026210863493581753,0.00068700936507917667,0.37639927612735768
20,0.097964382729075095,0.01315139155165519,0.00017295909974494753,0.65720955361669797
21,-0.03102985327932228,-0.0049807659801336555,2.4808029748856773e-05,0.86653576962681356
22,0.23982449322093419,0.029262340506853345,0.00085628457193903012,0.32336248337252427
23,0.97327981680738396,0.14752355293571887,0.021763198670777847,5.5833245850197483e-07
24,-0.031342126279686945,-0.0037178738925178578,1.3822586280665887e-05,0.90016912930232773
25,1.1303508678589509,0.16684271423553851,0.027836491293481563,1.4335447735627201e-08
26,0.54263721896722872,0.08328450305129699,0.0069363084485014976,0.0048769679665226582
27,0.82040031778492417,0.11425678040574273,0.013054611868686117,0.00010978249619635973
28,1.1013189420115994,0.13651161624603153,0.01863542137010378,3.695531960250523e-06
29,0.98376292759165129,0.15214097440642663,0.023146876093336963,2.4227515035934897e-07
30,0.71995153786844246,0.11749124517200307,0.013804192692067735,6.9457660575721736e-05
31,-0.18218259858601971,-0.031990357408541656,0.0010233829671262361,0.28028277388174816
32,1.0725499075645046,0.1452415400911832,0.021095104968058779,8.3570827589355459e-07
33,0.45497884721801118,0.060845307130907758,0.0037021513998544944,0.039886131791382631
