,Slope,R Value,R Squared,P-Value
0,0.34419554836759247,0.57502415564443976,0.33065277957460087,2.0971937176197462e-101
1,0.41466396295549163,0.64744329534870482,0.4191828206919902,1.521682428772272e-136
2,0.40931103534323082,0.60321389554874638,0.36386700378309389,5.1640541492508114e-114
3,0.38817735622752703,0.61475162837066055,0.37791956458437875,1.5130910630481692e-119
4,0.38460797595041718,0.58344004272943473,0.34040228346012463,4.8565114994608773e-105
5,0.34110031716020006,0.54672934626048775,0.29891297806242029,6.3392104534506005e-90
6,0.40153801154713431,0.62267029367548843,0.387718294625919,1.7679967727862082e-123
7,0.37583116673267453,0.6311669852584213,0.39837176328020418,7.9484403400523106e-128
8,0.42479309109468805,0.6576307442688224,0.4324781958075653,2.8065058670225195e-142
9,0.38439803481883522,0.55409171972259375,0.30701763386514136,8.3258736848837167e-93
10,0.3859894556351306,0.64714948344376189,0.41880245392152782,2.210241724963046e-136
11,0.33175031209534378,0.56452157993717222,0.31868461421476113,5.1628589377438002e-97
12,0.40869066488783967,0.62116946933710515,0.3858515096365408,1.0033763749499818e-122
13,0.35600388486117701,0.52980214528512948,0.28069031314872545,1.4524771002043683e-83
14,0.41293809866572723,0.65770057851456942,0.43257005097839929,2.5590898822586037e-142
15,0.44014828444515419,0.70880959680593292,0.50241104452418917,7.7724706160224248e-175
16,0.32450191671774919,0.53664394948718874,0.28798672852120838,4.314466753051315e-86
17,0.43144138946426092,0.61277239744720313,0.37549001107319308,1.3974461484736244e-118
18,0.40385687391746933,0.62741218694943979,0.3936460523326788,6.8868692169423436e-126
19,0.30558541264782962,0.48897404717348381,0.23909561880921637,1.2606000358255994e-69
20,0.3614346548935764,0.57103493658855153,0.32608089880469104,1.0192008568584721e-99
21,0.43150132543636299,0.60331343342668076,0.36398709895308995,4.636835049678187e-114
22,0.39264310678447761,0.62105290275564951,0.38570670802121826,1.1477646302167238e-122
23,0.40290678370537347,0.65596976139956287,0.43029632787059946,2.5021466857734623e-141
24,0.37896329280694424,0.5924520731409737,0.35099945896903767,4.7183451486760592e-109
25,0.40739443804848147,0.61102381666831074,0.37335010453590939,9.8312673074229026e-118
26,0.31171053119013858,0.49456457616678468,0.24459411999903136,2.0040463871174263e-71
27,0.40563281018731456,0.60954677799881452,0.37154727456873604,5.0604374275392147e-117
28,0.36041473697695187,0.64100634632708298,0.41088913603159627,4.9361246082801439e-133
29,0.3743559791301711,0.56964494420504619,0.32449536245837018,3.8951715823408353e-99
30,0.32017090863763381,0.53777368272509363,0.28920053383170968,1.6293794817055565e-86
31,0.39065533374754513,0.59131536354927172,0.34965385916940739,1.5377643625666915e-108
32,0.38657211339703734,0.64684576569619645,0.41840944459909868,3.2496216877731063e-136
33,0.38965782606736188,0.62576709192549862,0.39158445333689545,4.771481842061005e-125
