,Slope,R Value,R Squared,P-Value
0,-0.20133364796390718,-0.20876709139484551,0.043583698449463776,1.0577544192358205e-12
1,-0.11620602171418053,-0.117880891745668,0.013895904638753898,6.5678409909562094e-05
2,-0.12540142576704827,-0.13630875553478075,0.01858007683544062,3.8213830090074997e-06
3,-0.24342226226216185,-0.28097061640801185,0.078944487284698134,3.8137812847420139e-22
4,-0.29987909426778658,-0.33303295440221387,0.11091094871786705,5.9213807042965131e-31
5,-0.089566725148024509,-0.094032959802653193,0.008842197529247392,0.0014733765476516779
6,-0.18996014074612155,-0.23187931973025075,0.053768018918563858,2.1503467022897596e-15
7,-0.23055543609007634,-0.2455378035943456,0.060288812993935438,3.9630601300839878e-17
8,-0.070865075276310877,-0.078442191543422052,0.006153177414134914,0.0080288120379616631
9,-0.072441664627657526,-0.07482418326940081,0.0055986584019328796,0.011463679636963594
10,-0.17697800702888505,-0.21942681715538523,0.048148128086942861,6.6118692774811856e-14
11,-0.049501485675540517,-0.051984957673231143,0.0027024358242876334,0.079217234039142784
12,-0.20782470992629454,-0.22137075692266167,0.049005012020512162,3.9252473426095367e-14
13,-0.29887306194849261,-0.37862239654658963,0.14335491916668297,3.3362457834265239e-40
14,-0.23304332145146442,-0.25358948098118278,0.064307624864305662,3.3448334831861651e-18
15,-0.20374110790649771,-0.19784242965367713,0.039141626971270181,1.5591624560160628e-11
16,-0.15470097470096544,-0.15160862489867066,0.022985175143665822,2.6709784837259177e-07
17,-0.20051346589125937,-0.22519484419044439,0.050712717849958525,1.3871992331319201e-14
18,-0.19321206875377153,-0.20063222681931228,0.040253290438475968,7.9568188342269143e-12
19,-0.075108564736778086,-0.080493479495074446,0.0064792002412239705,0.0065203111409308642
20,-0.2896952481553538,-0.31061433718006831,0.096481266461813167,6.0824798873642396e-27
21,-0.16412125247250828,-0.20235488039878355,0.040947497621205996,5.226458974869306e-12
22,-0.19532421519462742,-0.17609560933207929,0.031009663626036292,2.1163398019639155e-09
23,-0.080981872836887306,-0.093118156891258561,0.0086709911428250446,0.0016393925337357025
24,-0.30132426269008439,-0.3094472583065917,0.095757605673466487,9.6317165075614272e-27
25,-0.32376700485836923,-0.36996166525222185,0.13687163375619707,2.5003024089267689e-38
26,-0.090898255063185301,-0.10901202851928829,0.011883622361890124,0.00022491874148137167
27,-0.17268696274699058,-0.18853590068782961,0.035545785848171148,1.3702261496765196e-10
28,-0.10181605066639936,-0.11487870483164377,0.013197116823795933,0.00010062458152020037
29,-0.27342988403411633,-0.28098848420687794,0.078954528256878889,3.7899408908256628e-22
30,-0.2970118629613836,-0.35028479507119009,0.12269943765806564,2.8151374914424016e-34
31,-0.16055710181834321,-0.19125252846659829,0.036577529644866991,7.3472088126361942e-11
32,-0.32372455161265729,-0.31603400936795845,0.099877495077186851,7.0025545953341645e-28
33,-0.0071506667583696977,-0.0063666526428423032,4.0534265874610883e-05,0.82990481161387375
