,Slope,R Value,R Squared,P-Value
0,0.39975846564032558,0.066666223654885864,0.0044443853764032639,0.02432637439250954
1,-0.002630646370795648,-0.00050362052875601063,2.5363363698448372e-07,0.98644220224275136
2,-0.11011106584846768,-0.021086779566118437,0.00044465227247007002,0.47672352186371247
3,0.95107990717676083,0.19747387926191737,0.038995932990750319,1.7028165670931981e-11
4,0.50017885722790401,0.090228718069827962,0.0081412215645244989,0.0022831485206435257
5,-0.27938132381653946,-0.057856990673137973,0.0033474313697515745,0.05072154711364478
6,0.74054756774738029,0.17664703577969113,0.031204175249751477,1.8820973658732729e-09
7,-0.28795765208747298,-0.051199971432111795,0.0026214370746490637,0.083861677877585236
8,0.31960361564344164,0.061884661274806914,0.0038297113010975865,0.036609253161872947
9,-0.40645844443348672,-0.079946522030392472,0.0063914463847560285,0.0068953924247786534
10,0.4511578424324334,0.085640469289708351,0.0073342899801614797,0.0037919217397525667
11,0.3879322193129594,0.088417127958085595,0.0078175885163564822,0.0027971154333836044
12,0.27612582137932434,0.052845077767756925,0.0027926022442802774,0.074370404505326324
13,-0.17798922860581923,-0.035889880255733218,0.0012880835047708692,0.22575184619849359
14,1.0546591718903466,0.19363644125131443,0.037495071380473748,4.2199546939053033e-11
15,0.26253356076726941,0.0533555601366053,0.0028468157974909044,0.071610106591162764
16,0.067715054125717766,0.012707026021220487,0.00016146851030397457,0.66808802616781793
17,0.10204791627792954,0.022732454098662778,0.00051676446934781014,0.4430042083884882
18,0.26897661994902661,0.048732578709119595,0.0023748642276405366,0.099908775380119566
19,0.40564633890413948,0.084335533128002613,0.0071124821479844258,0.0043622925872110361
20,0.83879351139968716,0.14619517658162634,0.021373029655732907,7.0660967925561824e-07
21,0.14846007552150906,0.025658159940264606,0.00065834117152019941,0.3865495846898821
22,0.17073005499786617,0.028927900551705795,0.00083682343032938041,0.32892577609713958
23,0.35985995730623371,0.066480511036355619,0.0044196583476550011,0.024726568492148777
24,0.13731793524182181,0.02776410030075608,0.00077084526551044385,0.3487649074648973
25,0.53236332583705959,0.11201705003060501,0.012547819497559067,0.00014969146300095008
26,1.5837043327611842,0.067364305815370826,0.0045379496979868032,0.022871805843335816
27,0.010774929236734962,0.0019843311671864016,3.9375701810673471e-06,0.94661776010294374
28,0.21265155545128203,0.042661899254923918,0.001820037648037278,0.14982799718609899
29,-0.0087763524636034554,-0.0013841651759947345,1.9159132344365346e-06,0.96274909193272651
30,0.22057221694998019,0.041208448398656727,0.0016981362194247542,0.16421553193962868
31,-0.055115062172251747,-0.011393615521149376,0.00012981447464377598,0.70064341974251232
32,0.42732218478889267,0.089431054628609605,0.0079979135319853557,0.0024977560958936965
33,0.78215743647067837,0.14804049451588783,0.021915988016508615,5.0914752642893013e-07
