,Slope,R Value,R Squared,P-Value
0,-5.0712997609833739,-0.24311176027526796,0.059103327984139357,5.8410975624253349e-17
1,-3.857823975663119,-0.20868910714274286,0.04355114344003521,8.4059415381618193e-13
2,-4.232236611936508,-0.20759784100912534,0.043096863591650082,1.1100934995494065e-12
3,-4.114002501728387,-0.22781563312081682,0.051899962694238612,4.9937156346264422e-15
4,-5.6154141265542998,-0.27584651736287247,0.076091301141225504,1.4557057069162078e-21
5,-3.5131580177476707,-0.16561344808300762,0.027427814185943061,1.5667232254276464e-08
6,-4.4089828209921897,-0.24006840581736971,0.057632839471693315,1.4513907958697348e-16
7,-5.8978040287658393,-0.26524587689624729,0.070355375210459176,5.3119656133489089e-20
8,-2.8027257215492209,-0.14462692655876319,0.02091694788583388,8.2478493223379475e-07
9,-2.3767538774709287,-0.11657909429749044,0.013590685227223169,7.3070398505619823e-05
10,-3.6935876994559536,-0.19116327867018201,0.036543399111933668,6.0835250131178843e-11
11,-1.7592801060588088,-0.092687185509162162,0.0085909143576098409,0.0016367695313681955
12,-4.4216107094531356,-0.22389614986409781,0.050129485923966544,1.4846097966544188e-14
13,-6.3865600878191024,-0.31133593476329086,0.096930064274932101,2.5978815687999712e-27
14,-3.3835785732616452,-0.17338375854255925,0.030061927726344487,3.1541350764786855e-09
15,-4.5248576962812974,-0.22021060967864678,0.048492712615041324,4.0599472071166354e-14
16,-3.116573679557737,-0.16424205502414246,0.02697545263855344,2.0631199579115045e-08
17,-4.2665939222752423,-0.20869239495952852,0.043552515713943842,8.3988821156324234e-13
18,-4.2316799395382674,-0.19957899940556725,0.039831777003727413,8.1741025654739198e-12
19,-2.2922542317438306,-0.11683237736073306,0.013649804399760729,7.0457232873906146e-05
20,-4.2125780870696827,-0.20342050205060874,0.041379900654521719,3.1733917844973294e-12
21,-3.3708441774989852,-0.16683977650505244,0.027835511024255848,1.2225353518669224e-08
22,-4.49091752612728,-0.20986395792765891,0.04404288083706219,6.220368323032961e-13
23,-2.2907849878940225,-0.1205437335954869,0.014530791709139717,4.097464384423743e-05
24,-6.1099265452885039,-0.30847395480167183,0.095156180790983882,8.1021128277471395e-27
25,-5.2476226874691481,-0.27902039532270384,0.077852381006037932,4.8057683518315879e-22
26,-2.767618167852576,-0.045459869045615463,0.002066599693644507,0.12305383345180287
27,-4.3792461222950854,-0.21734636577975136,0.047239442717665475,8.7642573258517926e-14
28,-2.8671268509168857,-0.15055490788255463,0.022666780287524509,2.8403479702467144e-07
29,-5.0932122406315186,-0.24104434559599747,0.058102376543802667,1.0854692918503298e-16
30,-5.878584919244318,-0.28546451198904998,0.081489987605146461,4.8421017731282632e-23
31,-4.6945159600749973,-0.24714171902832494,0.061079029284275506,1.7164623778141082e-17
32,-6.4626129841933269,-0.30569137611377112,0.093447217430331075,2.4191336850156528e-26
33,-1.2388424675336245,-0.061019223084191575,0.0037233455857983381,0.038382866217020188
