,Slope,R Value,R Squared,P-Value
0,-11.273389289458413,-0.64643823986597804,0.41788239796102378,2.7645013791121344e-137
1,-12.938670658721506,-0.65360009062924318,0.42719307847055488,2.572932826608617e-141
2,-11.789585284037175,-0.5911892425797235,0.34950472054198717,1.6385406019046748e-109
3,-11.429419823628605,-0.62134409878011654,0.3860684890888752,5.5785820897422172e-124
4,-13.313964566068544,-0.7022439092485252,0.49314650807665089,6.7924553152584541e-172
5,-12.640060673794855,-0.65220697839117914,0.425373942662152,1.5964676879376891e-140
6,-13.090187878434012,-0.63920712711513228,0.40858575135478087,2.5298028731482589e-133
7,-12.598911199493541,-0.69482638158064158,0.48278370054044734,7.775602242108108e-167
8,-12.16684843777943,-0.61736801458731405,0.38114326543548199,5.5547233985439602e-122
9,-13.442322608372454,-0.64848874618628982,0.42053765393026621,1.9887404310465822e-138
10,-10.189359418294057,-0.62537343822661629,0.39109193723937946,4.9205543357969194e-126
11,-11.505051580806455,-0.59801037330434925,0.35761640657960714,1.1910135558198492e-112
12,-12.748615076429095,-0.6402664103747856,0.40994107625421339,6.7521202248006573e-134
13,-13.211713096192881,-0.72190154737041812,0.521141844095804,4.2818756508363351e-186
14,-12.748003812748015,-0.65088235090815205,0.4236478347237228,8.9751575466052638e-140
15,-13.185079734425678,-0.68985066971464337,0.47589394650574196,1.5788961928517947e-163
16,-11.070912860033156,-0.57406084721403017,0.32954585630409011,5.9428632661663809e-102
17,-12.860582518785904,-0.63050808422992788,0.3975404442792938,1.0709704819944635e-128
18,-13.249208295113952,-0.69231222178249252,0.47929621242941112,3.7192874428377438e-165
19,-12.613356373887077,-0.61072868480976472,0.37298952644946493,1.0423756906888819e-118
20,-12.254747239798304,-0.64278701167522267,0.41317514237836284,2.8528867294996581e-135
21,-12.655104877007153,-0.62564136787300961,0.39142712119401052,3.5836753848944484e-126
22,-12.805790086320055,-0.64872671983465424,0.42084635702742995,1.4633504649515116e-138
23,-12.129474517875984,-0.66339118705713584,0.4400878670650758,5.2261134657145676e-147
24,-12.290265695664619,-0.62520687947869791,0.39088364214749111,5.9915406698908958e-126
25,-13.646596276530717,-0.68866296958810025,0.47425668568190071,9.5057041113915922e-163
26,-11.407868519517359,-0.19622707518450028,0.038505065035463526,1.8378555811806829e-11
27,-12.678119112422104,-0.6422375745130996,0.41246910211646914,5.7006501745688661e-135
28,-10.349941423797418,-0.55969793123958811,0.31326177423387469,5.9933988494432812e-96
29,-12.346675635197725,-0.6686322873516416,0.44706913568908824,3.8156907870264546e-150
30,-11.874975789528692,-0.68473001269541034,0.46885519028585682,3.4118737904526476e-160
31,-12.774243847380617,-0.66301650682596658,0.43959088832370696,8.7091569811660893e-147
32,-12.567490415774262,-0.70822290954620859,0.50157968960609711,4.3500920421820034e-176
33,-13.209522204600159,-0.65508599780600785,0.42913766452149293,3.6328508866440922e-142
