,Slope,R Value,R Squared,P-Value
0,0.0007022757791833277,0.00717185857395858,5.1435555404863198e-05,0.80788159308799745
1,0.00286779664354176,0.034120138427104381,0.001164183846284765,0.24720879241816099
2,-0.0030208402919801257,-0.030583686685764819,0.00093536189129302821,0.29966108736646913
3,0.001550859939025744,0.017681570637161397,0.00031263794019692812,0.5488210015374233
4,-0.00073843436278028438,-0.0078542968590362122,6.1689979149866112e-05,0.79000942339377733
5,0.0016076856074284922,0.01760847616065421,0.00031005843270032765,0.55047468682921519
6,-0.0043135564461705923,-0.051000214871618439,0.0026010219169512504,0.083585344159387495
7,0.00195294208333431,0.019507510940609429,0.00038054298309799661,0.50832311241044192
8,-0.00034283852672083544,-0.0040710536492229287,1.6573477814851323e-05,0.89021930873432042
9,0.0048807114011790833,0.05756656308759267,0.0033139091857177869,0.050775436415393317
10,0.0013760588260659725,0.014593932776059195,0.00021298287387213483,0.62072498720467717
11,-0.00079102960032284108,-0.009130408352083591,8.3364356675797794e-05,0.75689074045751636
12,-0.00090686820487080719,-0.010552810049994183,0.00011136179995125824,0.72049645243887861
13,0.0016505779017760788,0.019336223295229289,0.0003738895313229678,0.51205449675607828
14,-0.0046187070165798084,-0.051033658762020387,0.0026044343266383402,0.083382648479557578
15,0.00047660994410953736,0.0053995303869683415,2.9154928399794487e-05,0.85474425799562015
16,0.0013489058026896826,0.015080947255273263,0.00022743497011633418,0.60911459983290106
17,0.00072411398877957219,0.0080490238098997746,6.4786784292333483e-05,0.78492949739959328
18,0.0030223349493365913,0.031702511603760863,0.0010050492419865923,0.28232054852571575
19,-0.0071510740762650423,-0.077638031588423473,0.0060276639489250409,0.0083830084137202186
20,-0.004057130988058235,-0.043460099608246254,0.0018887802579586862,0.140433170767258
21,-0.0030548956477543391,-0.031270112913596548,0.00097781996162907758,0.28893995015199914
22,-0.0023118613269557491,-0.024021011181615679,0.00057700897818730552,0.41533991451859287
23,0.0010456688116606842,0.011701315228716631,0.00013692077808179575,0.6915605026992282
24,-0.0046184185484497865,-0.051467058614760329,0.0026488581224551754,0.080791705112853884
25,0.0024431171776356777,0.029805046021385846,0.00088834076833692831,0.31213938837436972
26,0.0047173777788921383,0.0524829665613901,0.0027544617790839915,0.074973837149764577
27,0.00090078612264929251,0.0097282986943694784,9.46397954868709e-05,0.74152180291820347
28,0.0048258027614938182,0.054230817247052997,0.0029409815392832609,0.065766643280353476
29,-0.00027871076627007793,-0.002872866573976941,8.2533623518740075e-06,0.92240662465639867
30,-0.0010881716573336823,-0.011309245677381575,0.00012789903779137385,0.70139052637539911
31,-0.00078318922460315714,-0.0091394529898228497,8.3529600953181823e-05,0.75665751132362002
32,0.0025868178922344373,0.027983342847751651,0.0007830674769348135,0.34265068153706568
33,-0.00058329716324373557,-0.0068460990512676564,4.6869072219767907e-05,0.8164488735791896
