,Slope,R Value,R Squared,P-Value
0,-11.097864510836425,-0.40299802372499544,0.16240740712625198,3.2221586855399194e-46
1,-15.224134461306312,-0.44057911140623296,0.19410995340750584,6.831276130146904e-56
2,-10.444335205861616,-0.32690700168684156,0.10686818775188063,4.2699539492903491e-30
3,-13.66107819153758,-0.43021751968614047,0.18508711424489466,4.2178950624222944e-53
4,-14.046934205272104,-0.49146813739674555,0.24154093007622637,4.3632618947990324e-71
5,-12.929504255202714,-0.43818303150632232,0.19200436910007065,3.0792932542132409e-55
6,-15.14302842823405,-0.44738120039712626,0.20014993846877363,8.897340932897503e-58
7,-13.209894298635039,-0.47068228594357736,0.22154181430107153,1.4379564036394012e-64
8,-12.147342870560065,-0.37759664635485568,0.14257922733843395,2.3921082521011897e-40
9,-13.65877238003876,-0.41549233777184791,0.17263388274711536,2.6751054550315448e-49
10,-9.2280869262381966,-0.3661266658418923,0.13404873544050067,7.3147142750288179e-38
11,-13.698387149663315,-0.42068939528820554,0.17697956730795605,1.2790994221391031e-50
12,-14.862023143199156,-0.46018355879435224,0.21176890778463506,1.9185433726424729e-61
13,-12.717838223225767,-0.49902101354269918,0.24902197195718276,1.4384871202779213e-73
14,-13.574940936555072,-0.43677502821190195,0.19077242526950774,7.4180755003994243e-55
15,-15.529315446711268,-0.50023555633347072,0.25023561182025694,5.66193499246894e-74
16,-12.482369942631935,-0.37584177607274405,0.14125704064151468,5.8285853114169237e-40
17,-13.099847477963831,-0.41457506791760529,0.17187248693888704,4.5498121308176126e-49
18,-14.299541266421036,-0.48410652960103717,0.23435913200235989,9.9946884342289104e-69
19,-15.099478170798287,-0.43747999750216016,0.19138874821449006,4.7789633282890167e-55
20,-11.847796127816002,-0.40170401039174014,0.16136611196480727,6.6036992407024529e-46
21,-11.424851662571587,-0.37925838328758726,0.14383692129391445,1.0240722451727649e-40
22,-15.235432831450082,-0.45918275415840609,0.2108488017164992,3.760435246649188e-61
23,-13.397346296517192,-0.44406864804054957,0.1971969641725615,7.4593962237431348e-57
24,-13.647103877160438,-0.42629299690754063,0.18172571921241246,4.5391587149062398e-52
25,-16.139253150292433,-0.51241334555991669,0.26256743670790661,3.9916527787282178e-78
26,-10.955497682623728,-0.38785144517093784,0.15042874352118499,1.176572439723354e-42
27,-13.160250116542439,-0.42281564938183663,0.1787730733621842,3.6304436840295537e-51
28,-10.232888487807937,-0.33002125766029311,0.10891403050768157,1.1316092210034448e-30
29,-12.746312060949043,-0.45548256429707795,0.20746436637864174,4.4402285831657227e-60
30,-12.03150332959282,-0.46964432203614281,0.22056578922078821,2.96208282829031e-64
31,-13.38236861153263,-0.43342353132351319,0.18785595750494441,5.9153515772894064e-54
32,-14.309093314530537,-0.50553266646949224,0.25556327686775487,9.2818542519007977e-76
33,-17.448566672027557,-0.49401100736222064,0.24404687539503603,6.4736361972926967e-72
