,Slope,R Value,R Squared,P-Value
0,-1.8143750489634558,-0.29622280386572558,0.087747949530072131,9.1639182513052049e-25
1,-1.4480097993902148,-0.21218405652346742,0.045022073842754015,3.4142231528736157e-13
2,-2.3291684029106534,-0.3449355348446283,0.11898052319854978,1.5764443771998727e-33
3,-0.85038941130410894,-0.13331883182817164,0.017773910920028311,5.615802456957227e-06
4,-1.9671605460908428,-0.30351993243347214,0.092124349384419491,5.6342001950888137e-26
5,-2.2655015826233176,-0.38070599088988327,0.14493705149944788,4.8709232328094644e-41
6,-1.3230348519794319,-0.19837635265431056,0.039353177292427384,1.0949720377227909e-11
7,-2.0933546906796705,-0.35495590760796936,0.12599369634579727,1.5474626483314037e-35
8,-2.1365701122106868,-0.32452856467018787,0.10531878928689231,1.1651458615895722e-29
9,-2.3641463105091445,-0.3603271581290825,0.12983566088538082,1.2107248289310046e-36
10,-1.6873844403137677,-0.29127599291344597,0.084841704047713823,5.8015428291658825e-24
11,-0.91531736621679594,-0.14956243313914866,0.022368921406502314,3.4052585163933769e-07
12,-1.4498013505003859,-0.21780772457197961,0.047440204883223328,7.7481836627508507e-14
13,-2.2676064581380762,-0.39862280413564111,0.1589001399769617,3.6000526399086494e-45
14,-1.7596002431582871,-0.26582077491069867,0.07066068437412433,4.388457390840706e-20
15,-1.2273309376840726,-0.20764994718557539,0.043118500566172252,1.0954889564037633e-12
16,-1.5544840892765324,-0.23512590099138417,0.055284189317010193,6.1966558847883791e-16
17,-1.8532004692253248,-0.2984960885819406,0.089099914898717728,3.8767055306439648e-25
18,-1.8632382596745081,-0.29966362229315718,0.089798286525855975,2.4846772175383546e-25
19,-1.6798000497846379,-0.23795578950082644,0.05662295775696162,2.7100719388275474e-16
20,-1.9996897376706559,-0.30098855052282802,0.090594107545832997,1.496082664893972e-25
21,-2.6132552905699953,-0.36621044535476238,0.13411009028693341,7.0211035210378893e-38
22,-1.2449035123461101,-0.18633639630536047,0.034721252588068359,1.8476221391758607e-10
23,-1.5971909847379258,-0.25436340685262426,0.064700742745673653,1.8085988895110202e-18
24,-1.3750981560140396,-0.21337626041200222,0.045529428507410589,2.5017260761126729e-13
25,-1.2292290139666999,-0.1874941932265709,0.035154072493682707,1.4192099379149941e-10
26,-1.7793190090770208,-0.027776391035265999,0.00077152789894400543,0.34623347977724994
27,-1.8294877034661121,-0.27143076537969557,0.07367466039460735,6.6413793876164592e-21
28,-1.6694568188134336,-0.26458620333527488,0.070005858995375425,6.6096747163156892e-20
29,-1.7541338165365687,-0.27005451450293066,0.072929440803413584,1.0598203452187638e-20
30,-1.8966712923315272,-0.32771168325696798,0.1073949473431153,3.0342192546897129e-30
31,-1.7267786377049557,-0.27496111137154811,0.075603612766676875,1.9779706756936664e-21
32,-1.4540282346268798,-0.27164042407309419,0.073788519990610452,6.1834981599407362e-21
33,-0.94415232911831215,-0.15086514094112713,0.022760290751186154,2.6831298791875804e-07
