,Slope,R Value,R Squared,P-Value
0,0.5820100193209351,0.76436231790404108,0.5842497530316384,2.0731285636028411e-221
1,0.58615235660383691,0.71957795313407757,0.51779243063662872,2.3639153998921933e-184
2,0.60044538506249645,0.70243842929841649,0.49341974695522645,4.9802347895909901e-172
3,0.5468084658415997,0.67868533839262191,0.46061378854910773,2.4087738892924168e-156
4,0.59331195382924362,0.7245511921393859,0.52497443003060529,4.2010237748240185e-188
5,0.59022506248193707,0.73360829186848708,0.53818112589819933,3.775065857987879e-195
6,0.59863892687373088,0.72244258467537448,0.5219232881524356,1.6728704323924242e-186
7,0.57613067051201261,0.77087780276614914,0.59425258679756598,1.7033974687959695e-227
8,0.57935526955084538,0.72405766172491115,0.52425949750254586,9.9817144843863908e-188
9,0.62667567172382288,0.73872326844447611,0.54571206734128952,2.9386109526603236e-199
10,0.55389068672887154,0.75573280734843995,0.57113207610275429,1.1992120398760129e-213
11,0.51570444379748326,0.68866192204892962,0.47425524288012599,9.5207301464725207e-163
12,0.57625168062085086,0.70434177973749368,0.49609734268378008,2.3585991648209503e-173
13,0.61224903089428306,0.74927187267601136,0.56140833918341704,4.8003841553181356e-208
14,0.58075398561713198,0.71839331975667431,0.51608896187101527,1.798707762856477e-183
15,0.60212626825414772,0.76008220609250277,0.57772496001844587,1.613328407790449e-217
16,0.52164409713946336,0.66479156195419487,0.44194782084549811,7.6975284573201469e-148
17,0.6320035737599814,0.72293927566509486,0.52264119629917205,7.0451415716339556e-187
18,0.60102253125672533,0.74754859066723278,0.55882889540856595,1.4015852308679931e-206
19,0.54699935140347489,0.67398813907778432,0.45426001161753476,2.0380493170067864e-153
20,0.58320870039240102,0.73152206286054255,0.53512452845174352,1.6807601882115099e-193
21,0.64482781413856527,0.71460960113154093,0.51066688202938004,1.0957663925314439e-180
22,0.5783138550555037,0.73460067187556288,0.53963814712002844,6.1268715001308169e-196
23,0.56764438024814301,0.72604990124946545,0.52714845910435848,2.9988704884383853e-189
24,0.59348945220092775,0.72990650990128647,0.53276351319627679,3.1012059727397119e-192
25,0.58239969840685202,0.68167277582450636,0.4646777733002877,3.0993535224303776e-158
26,0.57338586950238679,0.71958188794913258,0.51779809346443795,2.347993848960371e-184
27,0.60729327982283954,0.73419805217836864,0.53904677982251048,1.2824851581027355e-195
28,0.53947185146912535,0.72252942326195979,0.52204876747926021,1.4383302368725928e-186
29,0.59721157275908254,0.73798637484398877,0.54462388945537232,1.164189521401864e-198
30,0.55914563216190638,0.75707140288310415,0.57315710906339135,7.8742619419409679e-215
31,0.61023715800487377,0.74126794660908768,0.54947816867005328,2.4424260512244061e-201
32,0.57948097389459574,0.78842981774461718,0.62162157750881031,6.0556784572088516e-245
33,0.55616432291213502,0.70952246951118958,0.50342213474125697,5.1628543064403893e-177
