,Slope,R Value,R Squared,P-Value
0,17.77689950505366,0.082247605130376308,0.0067646685496823029,0.0052176616563967973
1,30.422402502396057,0.11491695735406231,0.013205907087515375,9.262778431605231e-05
2,24.854814361929183,0.10516574665778874,0.011059834270090205,0.00034957567809958259
3,34.895107583418124,0.16307999666642101,0.026595085312719886,2.6003592035570257e-08
4,38.145497433981177,0.18232740430633981,0.033243282361087499,4.5466122140613204e-10
5,17.182837066884467,0.077807478400142904,0.0060540036949887042,0.0082415016886821305
6,20.65433956288571,0.091881510455265825,0.0084422119635411234,0.0017976012175931956
7,10.292458286586109,0.045019273518664249,0.0020267349881483042,0.12673110647609576
8,21.545167123078656,0.094992290495652623,0.0090235352536104565,0.0012468218425228717
9,26.548821548888565,0.11915281579125779,0.014197393510985411,5.0297283896506757e-05
10,31.859792377248965,0.15489355863943463,0.023992014507987974,1.267585111902656e-07
11,33.457516356011951,0.13856485351878492,0.01920021863068232,2.3499851375206086e-06
12,15.222745750032784,0.068905025633768213,0.0047479025575902544,0.019337735292800806
13,-4.6033649547654845,-0.022629135686578906,0.00051207778192159897,0.44288963043576857
14,1.7701046062752936,0.0088067731427769712,7.7559253188337775e-05,0.7652505456181683
15,35.0399877169272,0.15337920135824737,0.02352517940929379,1.6841917553114984e-07
16,18.059743150723122,0.08224308960286611,0.0067639257874250631,0.0052201444239961545
17,30.314399349195405,0.13442182440361064,0.018069226875995131,4.6884177799266651e-06
18,27.188490718053462,0.11479665340122221,0.013178271632120342,9.4220011184858679e-05
19,12.868278387001515,0.050560915156687203,0.0025564061414817215,0.086285012144416695
20,7.4818069023379481,0.033853972123817549,0.0011460914285602157,0.25091754254789189
21,6.135144759502138,0.028470332746900313,0.00081055984671922433,0.33431356271208923
22,20.478847262762798,0.082866667857362644,0.006866884641782459,0.0048872004263209121
23,19.12358006455727,0.089119492230812031,0.0079422838954777662,0.0024653844019876655
24,5.7304658369208905,0.023554742441538469,0.00055482589148721359,0.42445431611130746
25,16.4836935880728,0.078541179300204461,0.0061687168458668656,0.0076531046637772797
26,13.24206122596822,0.062582629917168828,0.0039165855673493144,0.033678417492517626
27,31.827951664324033,0.13755613020620272,0.018921688957305796,2.7855070728834864e-06
28,26.772707157498395,0.10767131117521475,0.011593111250189926,0.00025106992965546576
29,22.038865998521295,0.10394034589825754,0.010803595505449423,0.00040994519879303948
30,26.811932208338135,0.1320314528728162,0.017432304547706685,6.9202208458906318e-06
31,0.63503905023948548,0.0032348117794993884,1.0464007248787999e-05,0.91266772527099249
32,24.033856907354025,0.11030388594439444,0.012166947254433978,0.00017597233443294983
33,17.508433240498633,0.074455277324072769,0.0055435883214045847,0.011475952835445381
