,Slope,R Value,R Squared,P-Value
0,3.889028002568093,0.18511883558928666,0.034268983289933344,2.4339252704268329e-10
1,1.5562503546667894,0.0838653858554919,0.0070334029446905413,0.0043937644086269384
2,2.526311022388215,0.12232050307466284,0.014962305472438603,3.1432816758975821e-05
3,1.8502253573190377,0.10276621758977192,0.010560895477708348,0.0004767914572997616
4,1.2557320231106308,0.061817839062400348,0.0038214452263448302,0.035914344781879014
5,1.9959471475037172,0.096492830183939088,0.0093108662769065056,0.0010411135695876826
6,0.76717712874297983,0.041305654574974489,0.0017061570998671109,0.16120320064405458
7,3.8048239426266015,0.16977405193931205,0.028823228711892229,6.7027548182204514e-09
8,2.3658936591994681,0.12194809466986252,0.014871337793609751,3.3238813438399493e-05
9,3.3795365339490728,0.16777194712918636,0.028147426243518504,1.0112040301628797e-08
10,1.7243272879146447,0.090078500696491287,0.0081141362877277818,0.0022113779262167262
11,1.113740095369596,0.058541710120138861,0.0034271318237903687,0.046975803600010836
12,1.9232243904061683,0.097677178636476694,0.0095408312263821782,0.00090141677639926491
13,2.3381963264000727,0.11439251792335399,0.013085648156844864,9.9759827330907767e-05
14,1.8469292031195932,0.094962218321758204,0.0090178229085892698,0.0012513034668426562
15,2.1370749723818059,0.10648763548393189,0.011339616510958751,0.00029382331713828148
16,1.2749400889859501,0.066515521323126381,0.0044243145768872805,0.023966781873329141
17,1.4633591552297593,0.071460080517978752,0.0051065431076360067,0.015270295291856915
18,1.9054593607501018,0.090617134539098559,0.0082114650720770885,0.0020794480767098839
19,0.66597574867201703,0.034062314386496269,0.0011602412613645108,0.24801123238847911
20,2.5709950624631466,0.13004239371581494,0.016911024163339027,9.5195677929177597e-06
21,2.1900257279359674,0.10808513284120755,0.011682395941301483,0.00023755130834919125
22,1.7527491337011116,0.082914231322628124,0.0068747697558222869,0.004862610179056346
23,0.98502470358281802,0.051808677029383583,0.0026841390155349781,0.078795789589361634
24,1.2203311939432546,0.060944425791534904,0.0037142230350599046,0.038621271514475808
25,2.177448447945193,0.1198683611181323,0.014368423997146973,4.5275649553450668e-05
26,2.0829818983306976,0.034266739672299901,0.0011742094477691718,0.24518250999859967
27,0.88600733609642723,0.044972995129181625,0.0020225702908893942,0.12712225867192523
28,1.8482534303819793,0.096765023388437857,0.0093634697513649261,0.0010073428191330514
29,2.6568122973389001,0.12798948480591471,0.016381308220883472,1.3166281691660951e-05
30,2.8949674719690881,0.14126339077732869,0.019955345573908271,1.48242340013819e-06
31,1.203585342623374,0.06287307429666425,0.0039530234715138626,0.03286099557420287
32,3.8532444720751791,0.18013928417185548,0.032450161701948504,7.3700131422755693e-10
33,2.9940856586076161,0.14774457667836224,0.021828459937868461,4.732825916549752e-07
