,Slope,R Value,R Squared,P-Value
0,-5.541520958158844,-0.16823123337360874,0.028301747882405606,9.2057495321286374e-09
1,-3.1939243324171271,-0.098980773310575115,0.0097971934851594587,0.00076783763627034484
2,-2.6222402013677915,-0.080286179124166773,0.0064458705583577925,0.006402019913674918
3,-4.4021277398477388,-0.14121366820408995,0.019941300087654806,1.4951778533182734e-06
4,-6.7112336939234201,-0.21868616638148064,0.047823639366628631,6.1230917389612646e-14
5,-1.9023922925112133,-0.058902725732748844,0.0034695310987474326,0.045631077602454571
6,-4.446688949253411,-0.14648819137160043,0.021458790211322631,5.9283469972537958e-07
7,-5.5180043564890031,-0.16033397869056165,0.025706984722745477,4.4639004578422813e-08
8,-2.9340699827218977,-0.092751264152781107,0.0086027970019389773,0.0016245634432749889
9,-0.26821839331416047,-0.0082956084311700592,6.8817119243299766e-05,0.77850986888449603
10,-4.3157151032900272,-0.14438961459922967,0.020848360804114077,8.5999680217501995e-07
11,-0.062719070638660737,-0.0019523438032536563,3.8116463261029515e-06,0.94722427216918992
12,-4.5964121991178866,-0.14349624801532446,0.020591173194475509,1.0059722499785806e-06
13,-7.0379451005184333,-0.24637396996346972,0.060700133075560679,2.1712100210872424e-17
14,-5.3880937052609479,-0.17399101755133523,0.030272874188549043,2.7741063441077135e-09
15,-4.3105169274571651,-0.12915540478463114,0.016681118585081919,1.0958037671682772e-05
16,-2.7338423237947329,-0.083659245085686673,0.0069988692883069898,0.0044917551841872272
17,-4.3253639340650434,-0.13656986802396967,0.018651328852084495,3.2854669071087485e-06
18,-5.3796167805943789,-0.16438422262597302,0.027022172648345461,2.0052991294589511e-08
19,-0.99227905619471424,-0.030263061887069457,0.00091585291478059599,0.30475851770137286
20,-7.1639030581181427,-0.22361571359862997,0.050003987368224506,1.6037265451736998e-14
21,-3.3393356556816243,-0.11098030350675431,0.012316627766451302,0.00016041131681060247
22,-3.9084062734882727,-0.1086620378742584,0.011807438474986769,0.00021984016068085573
23,-1.4100251100783403,-0.04496667494443813,0.00202200185555876,0.12717575060166453
24,-6.6459560814256884,-0.20603699338656534,0.042451242643775568,1.6479494277034713e-12
25,-5.9154967525254696,-0.19788787275687783,0.039159610184242272,1.232376180320498e-11
26,-2.3354435564243978,-0.078953295528373046,0.0062336228747906109,0.007339360996869433
27,-5.4292171790791226,-0.17089772060664521,0.029206030908546968,5.3099396289759307e-09
28,-1.7397275828622514,-0.054482511902261388,0.0029683441031800538,0.064520889578457238
29,-5.3395194685653218,-0.16674670204655873,0.027804462643403832,1.2458500927676834e-08
30,-6.7076529180927311,-0.22050196364502839,0.048621115971313418,3.7520093690617648e-14
31,-3.9277470385077802,-0.12902952911380813,0.016648619383331061,1.1178247263109671e-05
32,-7.407407824479697,-0.21966304208712339,0.048251852058969341,4.7072869575316355e-14
33,0.27503601503740599,0.0077340293755999894,5.981521038264356e-05,0.79315136596496671
