,Slope,R Value,R Squared,P-Value
0,0.031946853052350392,0.32857102065066968,0.1079589156114228,2.1042585384437829e-30
1,0.02137847670641695,0.25532496224969359,0.065190836347807452,1.3330871707635009e-18
2,0.027504013837978569,0.28209708573114051,0.079578765778002436,1.6186532753364731e-22
3,0.030962346608403139,0.35194545295046092,0.1238656018525051,6.3177895475194341e-35
4,0.023923247278925079,0.25391269079781964,0.064471654548189164,2.0856943552617559e-18
5,0.021070200388140031,0.22503041610435687,0.050638688172099995,1.0853842823127554e-14
6,0.028052452322565858,0.33542087950280847,0.11250716640643756,1.0908713106979961e-31
7,0.031407816130725144,0.31620722641046334,0.099987010034198021,3.6411824327556179e-28
8,0.027059451078700791,0.32168065686775527,0.1034784450028705,3.8307848401207655e-29
9,0.025227776968012851,0.29399532369493608,0.086433250354490246,2.1131123625227344e-24
10,0.030518670612412462,0.3206679537713743,0.10282793657592025,5.8312738880517293e-29
11,0.028481999448031387,0.32951189225935584,0.10857808714034134,1.4076170040904217e-30
12,0.027664452597666034,0.3209585873423107,0.10301441478877169,5.1697145609949924e-29
13,0.024058781206894881,0.28083734012404293,0.078869611607947379,2.5315318564069758e-22
14,0.026136424256807091,0.28781538598105411,0.082837696407423153,2.0647493835486217e-23
15,0.02747840584694828,0.30404531245176175,0.09244355202388943,4.5949390985606756e-26
16,0.019980284507473339,0.22564328611496301,0.050914892568759057,9.157493361348847e-15
17,0.027495133875060841,0.30612926847278887,0.09371512901568485,2.0381650913304902e-26
18,0.032948767357624066,0.34275329841491631,0.11747982357430467,4.2208269889655403e-33
19,0.024302713878546222,0.26293155233800092,0.069133001214870912,1.1405321608707086e-19
20,0.026817561386751745,0.274254660449677,0.075215618778367632,2.5240884560404526e-21
21,0.024273208742240499,0.24917498394825213,0.062088172625611705,9.1755031087132899e-18
22,0.023909775273403617,0.24541350690366431,0.060227789370754889,2.9100250856791227e-17
23,0.029175216589953749,0.32663261170914804,0.10668886303193907,4.7964093178859682e-30
24,0.020217542261316387,0.22776692317222472,0.051877771291342113,5.0624261075337128e-15
25,0.023819212674460907,0.28066584440571746,0.078773316215974401,2.6899705420866583e-22
26,0.027082390168031406,0.30084266481321287,0.090506308971915153,1.5822323199110505e-25
27,0.028084896530476636,0.29656955981791305,0.087953503810590708,8.0409635554106507e-25
28,0.031229760375968231,0.3519948894374858,0.12390040219010785,6.1742734095624185e-35
29,0.024772958218717927,0.25085995333655287,0.062930716188017474,5.4368974044640383e-18
30,0.025439539643659075,0.26311091693322497,0.069227354609442404,1.0752399214277096e-19
31,0.028733771147090078,0.33791974212889098,0.11418975212045618,3.6367123952335134e-32
32,0.024304579220824993,0.26602044367105188,0.070766876450943289,4.1063623275633335e-20
33,0.029458780398143279,0.34512096269860332,0.11910847889401074,1.4493647453339553e-33
