,Slope,R Value,R Squared,P-Value
0,0.0094891297020603428,0.026409703816797574,0.00069747245569097235,0.37278815257881281
1,0.038650310273031833,0.12518880071198335,0.015672235823704684,2.2275204931901712e-05
2,0.032618717581747697,0.099407615970523902,0.0098818741129431589,0.00077237228614593671
3,0.032739058616142361,0.10628776235053054,0.011297088425482858,0.00032250493412082078
4,0.0042956263007809447,0.015622958145656606,0.00024407682122093809,0.5980707985432181
5,0.012959851336736595,0.041620627909920854,0.0017322766676160827,0.16003371593648894
6,-0.0096658815575180589,-0.033839084187242338,0.0011450836186312745,0.25340655104392512
7,0.052793180726038988,0.1653326624995714,0.027334889289197185,1.9396426433353852e-08
8,0.066865070973507551,0.23179221236598369,0.053727629713517279,2.2040610134350163e-15
9,0.036111094849811912,0.10925254915722889,0.011936119497352715,0.00021778819813236765
10,0.031171874570489807,0.11692133420033121,0.013670598391185541,7.5357067607983329e-05
11,0.028800862261888317,0.11748217412703404,0.013802061237614748,6.9548042708150403e-05
12,0.050997363150924201,0.16219838335788653,0.026308315563911923,3.6013229290813095e-08
13,0.034252260012718166,0.11460017362611731,0.013133199795136233,0.00010463317433104041
14,0.034723262309829042,0.10739805433034619,0.011534342073943991,0.00027873044654212157
15,0.061076752020833347,0.20642925388554234,0.042613036859741694,1.9053771487700851e-12
16,0.043214662582057063,0.13908786130966294,0.019345433163696035,2.4053079747680221e-06
17,0.058066089587175879,0.18063327794616807,0.032628381101577605,7.9718761859868579e-10
18,0.013060370203989332,0.041625759366560669,0.0017327038428428133,0.1599821656984553
19,0.055570147049421696,0.19316711545976992,0.037313534495048081,4.7093550657123571e-11
20,0.015912486630161187,0.053164414422449881,0.0028264549608819967,0.072633693677002967
21,-0.017909411941918849,-0.059450741611169013,0.0035343906781179829,0.044670593671037623
22,0.043789608915724858,0.16137226926643988,0.026041009288200377,4.2309792754742063e-08
23,0.075277988863662965,0.21090327896549785,0.044480193078398608,6.1401822543903179e-13
24,0.05523734209412736,0.1753368704966515,0.030743018155559541,2.4855198196383276e-09
25,0.040026686649183719,0.13985797731247332,0.019560253817936302,2.1123527104852081e-06
26,0.057635053738625867,0.20675625464033626,0.042748148832899568,1.7555457070873488e-12
27,-0.014034613290566515,-0.045816681753408951,0.0020991683268931569,0.12192510760417177
28,0.062278011710069213,0.24100445636832504,0.058083147989391889,1.5337238099296543e-16
29,0.059158808073474067,0.20897071248849755,0.043668758677950309,1.004568045985152e-12
30,0.017889457410588151,0.057561215695389925,0.0033132935523312035,0.051916777691827877
31,0.031665580425702361,0.099358294038266098,0.0098720705941945444,0.00077707594138250679
32,0.040775358202297073,0.13546855780945,0.018351730154972296,4.3876851854085438e-06
33,0.05851305445253726,0.2348359671080702,0.055147931447582628,9.2516544870156062e-16
