,Slope,R Value,R Squared,P-Value
0,0.052243441521522889,0.31964775199318035,0.10217468535429373,1.6157905790605448e-28
1,0.095174015847503346,0.39052966847478304,0.15251342195902395,7.1037048804175896e-43
2,0.039220499433469537,0.1943529995818615,0.037773088446467054,3.5671385872560125e-11
3,0.076453911577263209,0.35897743017843908,0.12886479537751611,4.9511818989817956e-36
4,0.052224517829081614,0.26706172245948551,0.071321963603027269,4.3789071129689386e-20
5,0.043513231430612462,0.23213002950782061,0.053884350599301668,2.0028304919689796e-15
6,0.03572964576878844,0.16160545544236538,0.026116323228734341,4.0431895144958073e-08
7,0.068688373657565929,0.41643822731968239,0.17342079717315947,4.4232814476882783e-49
8,0.053307685289992406,0.27574972604185799,0.076037911412159737,2.3366790816168467e-21
9,0.039125822707497399,0.19877463596815631,0.039511355904273057,1.2466474029750325e-11
10,0.080409482447325861,0.47894264939921,0.2293860614135346,1.7604421401072335e-66
11,0.036085452949368733,0.20319485398901535,0.041288148687617265,4.252183961530197e-12
12,0.014601450676363696,0.072983150222955095,0.0053265402164664301,0.013668392336028358
13,0.053487591727216982,0.30790458493508599,0.094805233424047577,1.7627634357097427e-26
14,0.019442088453011763,0.092719724487414779,0.0085969473090221037,0.0017169365984187068
15,0.026364633858701154,0.15276204946237967,0.023336243755946534,2.1612380862820376e-07
16,0.05341290005309892,0.25418575885994971,0.064610400007208496,2.7754628501249329e-18
17,0.056191841750347533,0.28253051795914808,0.079823493578264487,2.2021655155938676e-22
18,0.031829287928079403,0.16811266819779025,0.028261869208580318,1.1093100519495335e-08
19,0.05473346495199366,0.24783059749933428,0.061420005056877038,1.9778605695254741e-17
20,0.047636951311624834,0.2477974160071518,0.061403559379821449,1.9979560157790802e-17
21,0.0031861113192499877,0.016629632552643513,0.00027654467883594079,0.57469506008333227
22,0.073502330612270794,0.38314995933015467,0.14680389133469918,3.3140464418872857e-41
23,0.014427592765463421,0.078833540787628165,0.0062147271531146336,0.0077189532427595284
24,0.016808156454375615,0.088913995772568449,0.0079056986442443203,0.00264655108414602
25,0.044974721323842864,0.21595933215102561,0.046638433143117004,1.6556817109956546e-13
26,0.05919658496084098,0.31817647362227425,0.10123626836670578,2.9426132666150182e-28
27,0.027360294319276092,0.12220983001774705,0.014935242552966627,3.4869072684224932e-05
28,0.038894654361366486,0.24217838889655419,0.058650372048530637,1.0831991078512405e-16
29,0.044734968690086363,0.26853209538275408,0.072109486250652527,2.6866433281869564e-20
30,0.051097686563618891,0.32022197161403343,0.10254211110437883,1.2775567603880631e-28
31,0.092979627419552124,0.43479163067784116,0.18904376210749621,8.0856309974312824e-54
32,0.048775014826910247,0.31187011638010204,0.097262969490938392,3.7006806298006206e-27
33,0.031907358164270774,0.19590627564231555,0.038379268836042917,2.472550636084999e-11
