,Slope,R Value,R Squared,P-Value
0,-22.028685067562506,-0.43405707033567803,0.18840554030839174,1.2676928581855648e-53
1,-24.072859005384025,-0.45583614428948388,0.20778659044070316,1.2704618897662493e-59
2,-24.237388133956248,-0.5291750343901207,0.28002621702178543,2.4595800489592349e-83
3,-23.817643094441486,-0.52348989375544819,0.27404166886409043,2.7725637626766953e-81
4,-10.824228041820712,-0.2578644248956542,0.066494061626766479,8.6832569776740131e-19
5,-27.192090497057531,-0.57451646225808806,0.33006916540554909,3.4480824460180395e-101
6,-24.956605653507811,-0.51279317421263115,0.2629568395190659,1.5841577646690489e-77
7,-16.388351392394206,-0.42041312884905402,0.17674719890865129,4.4087811829657334e-50
8,-17.836954863314332,-0.44917198929571822,0.2017554759678728,9.6849957931809222e-58
9,-20.035089315101381,-0.43960679556096799,0.19325413470338271,4.1259306131185741e-55
10,-10.289911677249188,-0.29476080812207373,0.086883934004777966,2.6287475220012096e-24
11,-11.598398353545766,-0.26279238581308761,0.069059838041334698,1.7779864679040839e-19
12,-22.139275494227032,-0.51972961622150193,0.2701188739777497,6.0099782488193771e-80
13,-20.915345901967793,-0.4568657655115223,0.20872632769642929,6.4480409035267908e-60
14,-23.762700446910284,-0.5553197286274224,0.30838000100283408,2.7086691306189925e-93
15,-13.476439411931768,-0.30457589451069633,0.092766475516990826,6.4159822164497284e-26
16,-16.126794453870929,-0.40110771853443489,0.16088740186789943,2.4209530017414388e-45
17,-19.356927270642327,-0.42940325679436769,0.1843871569456097,2.1341239517610862e-52
18,-18.265416676151993,-0.39209552471829956,0.15373890050411865,3.10358521807305e-43
19,-26.833883529397543,-0.48720322869766675,0.23736698605343096,4.606737374967661e-69
20,-18.2894620454571,-0.38752171639066868,0.15017308067436985,3.4424640650973119e-42
21,-14.617872204597424,-0.35740023303332047,0.12773492657227178,1.0403457946271916e-35
22,-26.261736827001744,-0.61276926640937346,0.37548617385588168,1.4023517969213679e-118
23,-21.786449094962265,-0.4448773795209241,0.19791588280940434,1.5033355320318913e-56
24,-15.648541867357658,-0.31826371659397046,0.10129179330020714,2.8401137525010665e-28
25,-19.138728974054473,-0.38740698977270793,0.15008417572475102,3.6548518762388392e-42
26,-9.643959484939236,-0.05871587773227574,0.0034475542978715541,0.047380558064796442
27,-20.730076626797036,-0.36300419306727161,0.13177204418442101,7.2967237925965107e-37
28,-10.801995430435442,-0.23024039787729514,0.05301064081469517,3.4149383901066817e-15
29,-17.587956658286664,-0.48045807339956276,0.23083996029481962,5.9866848734541921e-67
30,-18.811090185659214,-0.40838361510480092,0.16677717708606618,4.3063799464762272e-47
31,-19.847389453364723,-0.45745482390592984,0.20926491591480528,4.369858797076401e-60
32,-16.054649270185934,-0.42308142666334919,0.17899789358749493,9.2149467936105053e-51
33,-10.966390316133017,-0.31065945883527357,0.096509299363825032,5.975094904932749e-27
