,Slope,R Value,R Squared,P-Value
0,0.94749684348409502,0.23883051160854146,0.057040013275197657,2.9062135948428251e-16
1,1.3431493219648138,0.30330633233972387,0.091994731237375033,1.0455583206988089e-25
2,1.4898410840978258,0.32660479124995034,0.10667068966742364,9.0683003351093944e-30
3,0.89565941758273326,0.20817592426731071,0.043337215444549083,1.2282975543632359e-12
4,0.24174365082416763,0.056539421774774001,0.0031967062146257886,0.056228336438074573
5,-0.071307368674139782,-0.01832022666778995,0.00033563070515920209,0.53643897966366771
6,1.5652047023862785,0.31089121043901718,0.096653344728237264,5.4524414854634585e-27
7,0.020304118865486054,0.0064052301282324781,4.102697299561705e-05,0.82889003188304078
8,0.62157367087391624,0.15938214779113818,0.025402669034516216,6.2167240092294127e-08
9,0.39674540965405247,0.096718723902121009,0.009354511553254714,0.0010712150663838174
10,0.7655191910775011,0.22983524943034692,0.052824241880709784,3.826505224601895e-15
11,0.090726050681239609,0.020952886711002951,0.00043902346152412407,0.47952735803643309
12,-0.25740729040030252,-0.063353390055581257,0.0040136520315346225,0.032371031416366304
13,0.18697882252762191,0.051963247917135441,0.0027001791340976809,0.079342812753293857
14,0.85734428729715884,0.21174326625314938,0.044835210803552107,4.9500070521579494e-13
15,0.63333030276478697,0.13893686902475932,0.019303453574403127,2.4671430431454491e-06
16,-0.08733374245836685,-0.02028685807612738,0.00041155661060093471,0.49360718287184313
17,0.44538372170663421,0.11265551426325915,0.012691264893919385,0.00013710692683177952
18,0.41807925005817137,0.10821506364847105,0.011710500000442641,0.00025014092045419825
19,0.20869289568300683,0.041887583602271933,0.0017545696600373205,0.15736850829989057
20,0.34310689410346523,0.082560885980747664,0.0068162998939260162,0.0052625559943882006
21,-0.027218269059912779,-0.0074623760892668228,5.5687056897661201e-05,0.8011983498102867
22,0.47690177248952625,0.12735786041555325,0.016220024609627546,1.5971270421211103e-05
23,1.2940832225469787,0.27346109869933533,0.07478097250184762,5.1094432587045226e-21
24,0.026855969345874319,0.0072024070270290032,5.1874666982996765e-05,0.80798651612943451
25,-0.10630924405170548,-0.0224841030207618,0.00050553488864822995,0.44800389333663804
26,0.75559903643698512,0.032167926003872881,0.0010347754633906411,0.27762040622707634
27,0.68408359100420468,0.12870659075945176,0.016565386504920992,1.2951409590074997e-05
28,0.19475562245120395,0.048988151791281957,0.0023998390159256817,0.098140724319241757
29,0.41883608907512354,0.11634472503204854,0.013536095042782982,8.1805282770079413e-05
30,0.13575455083301596,0.03341009196126269,0.0011162342448600298,0.25947747656542508
31,1.1041930749275295,0.24862766460604599,0.061815715607456495,1.550745090143884e-17
32,0.7067929462323207,0.2049269701869148,0.04199506310998867,2.7709485477059794e-12
33,0.37687721458777518,0.095512228075351868,0.009122585711918034,0.0012373444528625025
