,Slope,R Value,R Squared,P-Value
0,-0.075325745661088642,-0.069740832097309316,0.0048637836616250889,0.018470876180954544
1,-0.091422087262226018,-0.059232301394926808,0.0035084655285394484,0.045462151657686981
2,-0.13701639514303193,-0.11144321141574481,0.012419589370654396,0.00016192146498873335
3,-0.28340266654665763,-0.23641521011984995,0.055892151576012801,5.8682093405457463e-16
4,-0.19065548041798491,-0.15930440324479653,0.025377892893180737,6.3102764425300004e-08
5,-0.28076800982800865,-0.24054343930850991,0.057861146194366789,1.7572844705630095e-16
6,-0.12844168663569072,-0.10248101826007212,0.010502359103621236,0.00052627823669033804
7,-0.11663039640640066,-0.10371545630307612,0.010756895876155291,0.0004497959656868095
8,-0.081219554959884629,-0.071799566959180855,0.0051551778155258954,0.015276017145324063
9,-0.18421071324599819,-0.16239590435113188,0.026372429750021974,3.4647958937083071e-08
10,-0.14214923046921732,-0.12432074395082256,0.015455647376485984,2.5408994555078624e-05
11,-0.065031205762561425,-0.058799618090819142,0.0034573950876261856,0.047064938576936978
12,-0.1877862792114332,-0.16177675234544195,0.026171717599438458,3.9104093469465864e-08
13,0.026446311144315175,0.022842588816503237,0.0005217838638398388,0.44079726464852631
14,-0.26951688457913725,-0.23649942006189234,0.055931975689611405,5.7269368903899443e-16
15,-0.15965708568516127,-0.14542040815971799,0.021147095109338973,8.0988120732307222e-07
16,-0.099131552618432539,-0.086326980006081841,0.0074523474769704542,0.0035198453235694986
17,-0.20155314516443182,-0.16878195004016161,0.028487346659359609,9.6833295252962193e-09
18,-0.19491245494037274,-0.15308099713992676,0.023433791685354265,2.0377481580475102e-07
19,-0.22611071438849781,-0.16789642995533025,0.028189211191745115,1.1589749466273383e-08
20,-0.20450439162566098,-0.16746405752385085,0.028044210562351627,1.2648336842187298e-08
21,-0.090845344072963505,-0.077885771477218341,0.0060661933986014783,0.0084885184316427498
22,-0.30586915932875369,-0.24944202894673037,0.06222132580506147,1.2083841773551175e-17
23,-0.073219045981622058,-0.068088188620840845,0.004636001429667201,0.021443767098733857
24,-0.16849491306385642,-0.13656144698221415,0.018649028801876084,3.6652304976316363e-06
25,-0.19771523814782954,-0.16928484880463535,0.02865736003480825,8.7400883071330605e-09
26,0.020526817159281594,0.018249903698914636,0.00033305898501965813,0.53800443864875358
27,-0.34647784963398776,-0.2476449583594566,0.061328025400856995,2.092903903373916e-17
28,0.014403694621375477,0.013229321913189783,0.00017501495828280337,0.65530911846508533
29,-0.11738434011408157,-0.111316794240092,0.01239142867989098,0.00016473910529970018
30,-0.0697024647635483,-0.066712199514075352,0.0044505175640057954,0.024228170681399059
31,-0.091148950075654017,-0.080191963770387981,0.0064307510533512186,0.0067247474152020903
32,-0.080911571303207308,-0.07951750911050888,0.0063230342551398623,0.0072030177540877574
33,-0.079476981623686202,-0.088382781585638157,0.007811516080814619,0.0028078065893615695
