,Slope,R Value,R Squared,P-Value
0,-0.36020693482016169,-0.013739404694187572,0.00018877124135066351,0.64292553778463057
1,1.0308173397539113,0.036754518022271358,0.00135089459504947,0.21476172541493471
2,-1.9637598521545916,-0.07066004916980094,0.0049928425486786866,0.016978539674525731
3,-4.5198783591812077,-0.18664587639055472,0.034836683173598233,2.1025785107632441e-10
4,5.4840086898603264,0.20957317844553888,0.043920917123765682,8.6208872245744863e-13
5,-3.8931003645264211,-0.16063047165800828,0.025802148425074202,4.8862355575414973e-08
6,-0.92201861138555052,-0.032306291876887445,0.0010436964948346437,0.27555778354934413
7,3.4176533148750856,0.15814045053558312,0.025008402095597213,7.8847904149340394e-08
8,1.8800275340470702,0.082384826177130249,0.0067872595842359655,0.0053604375369617407
9,2.5493853246619311,0.10784420978002313,0.011630373583077636,0.00026275974859173525
10,6.4916021500047245,0.28617737194611415,0.081897488213984557,6.0159602671301457e-23
11,-0.78484154416902041,-0.029104892317954531,0.00084709475683972864,0.32597390540474147
12,-0.4752773202403045,-0.020161449998631217,0.00040648406604730671,0.49628281618948267
13,-1.5525479326271312,-0.064739000867859456,0.0041911382333687077,0.028764724725279991
14,1.0736345885762155,0.048789428218218141,0.0023804083058606607,0.099513313354217842
15,2.9715962282553932,0.10247559955427764,0.010501248504008668,0.00052663917549256674
16,0.58064726250397225,0.024681678239540119,0.00060918524072018818,0.40488541696876823
17,4.7728494820375316,0.20106671143028021,0.040427822445387576,7.1590500619060051e-12
18,3.7076792107267762,0.14270507903963345,0.02036473958370803,1.2990585071399071e-06
19,-0.8615316476934991,-0.028357452685794624,0.00080414512282708079,0.33855706545263864
20,2.4594860687662949,0.093165565505738859,0.0086798225960041178,0.0016303832046346072
21,-0.55343225090230341,-0.02492383330709904,0.0006211974667200595,0.40029060078820788
22,-4.1613060815193812,-0.17385722605439674,0.030226335051329607,3.3940675998380092e-09
23,0.94206530883923767,0.033880118128398945,0.0011478624043942669,0.25283107468492555
24,2.5336191262552288,0.10410448194872012,0.010837743161811393,0.00042792769854163533
25,-0.90577224932771894,-0.034158437796698048,0.0011667988727108898,0.24895180896822341
26,7.8629062044012539,0.055370993099013881,0.0030659468767710429,0.061519355667981397
27,-0.45679139635422034,-0.01375238966249534,0.00018912822142910869,0.64261156494361615
28,1.7079923680160096,0.063373134214602153,0.0040161541401819781,0.0323170449547725
29,0.45163711360908881,0.0198195454510618,0.00039281438188670451,0.5036165593970664
30,-2.0386598189983012,-0.076625844175219851,0.0058715199955650743,0.0096173695591729672
31,-0.73108829097474171,-0.030971344858778602,0.0009592242023613917,0.29589562766442018
32,2.3658164329563056,0.10542988587046635,0.011115460834659561,0.00036064227744637229
33,1.4462638555850496,0.066385835718164768,0.0044070791839991609,0.024932768253282642
