,Slope,R Value,R Squared,P-Value
0,0.038367083100264605,0.27926941609964601,0.077991406768637223,6.9140935954273956e-22
1,0.062209037177740741,0.30877207158550118,0.095340192191201864,1.2553975083407918e-26
2,0.029836559674646983,0.17978253975789399,0.032321761601798733,9.5916690152722496e-10
3,0.051375657466781112,0.28956177276684097,0.083846020247875644,1.7734655626241586e-23
4,0.040974289390554558,0.25202057789693411,0.063514371683504628,5.4524438468225752e-18
5,0.042831943942987956,0.27818478510548034,0.07738677466418227,1.0081603652029975e-21
6,0.041111748960735751,0.2188598694269295,0.047899642445572634,7.6907458155207551e-14
7,0.047270628950454009,0.34289961729664542,0.11758014754218589,7.9008012205402174e-33
8,0.02571026463723159,0.16041402834917665,0.025732660491210448,5.0952625413137219e-08
9,0.017138505869624884,0.10288775384500484,0.010585889891270309,0.00049983353335585849
10,0.053571710631868615,0.38416601025936153,0.14758352343859588,1.96387136963959e-41
11,0.02575431663600981,0.17288164414944773,0.029888062883816277,4.1619452887388626e-09
12,0.018922790301612844,0.11211403774486325,0.012569557459456622,0.00014771223188063065
13,0.046245244715643737,0.31896320390514343,0.1017375254454341,2.1364815366972484e-28
14,0.021200693709873847,0.12040232592042041,0.014496720087047141,4.5538862569699996e-05
15,0.023088457162476372,0.15476351368635946,0.023951745168547971,1.4910397697603297e-07
16,0.038069748991558239,0.21927045898717271,0.04807953418444539,6.8936040193456879e-14
17,0.04226550725574469,0.25257579097804739,0.063794530188186288,4.5883640533126991e-18
18,0.012878424317150272,0.081449543015479853,0.0066340280574305032,0.0059084706262704113
19,0.049878869675474287,0.27376899279300776,0.07494946141489793,4.6009866906413978e-21
20,0.033264275781039132,0.20412562247746874,0.04166726975181409,3.3796974383719796e-12
21,0.010553627118240668,0.065459701946136845,0.0042849725788770719,0.027029519501583898
22,0.051233329132619305,0.31216286120245257,0.097445651914101664,3.2947694958317562e-27
23,-0.00078752213553830001,-0.0052122887217937201,2.7167953719338014e-05,0.86039410539631445
24,0.024179553547931231,0.14954130210424132,0.02236260103503197,3.8886157494042431e-07
25,0.026914516507079111,0.15387993974618666,0.023679035856290036,1.7575752772113784e-07
26,0.031303075210646229,0.20798010194118868,0.043255722803467234,1.2905206373435459e-12
27,0.032165457842037899,0.17269390630055911,0.029823185273346292,4.3279661199916194e-09
28,0.0091701275639468824,0.067568973064092069,0.004565566120936,0.02245991415693268
29,0.031004507955303986,0.22292054479203011,0.049693569290375501,2.5810405312303787e-14
30,0.025608795144163369,0.19430933320147176,0.037756116969200573,3.6039253229811745e-11
31,0.068810532258599885,0.38503191995990765,0.14824957938801273,1.2554899932165278e-41
32,0.03055073034952523,0.23263985433691389,0.054121301825900511,1.7328834779390573e-15
33,0.017689383388425631,0.13100258042527568,0.017161676078080824,9.0214230982409405e-06
