,Slope,R Value,R Squared,P-Value
0,1.0236547330501111,0.20296559074000287,0.04119503102443834,4.4988849730111839e-12
1,1.1697536021223451,0.22340054350647287,0.049907802838987478,2.2653093761815312e-14
2,0.96148379404985806,0.19708731011778294,0.038843407809463146,1.867393972064239e-11
3,0.98383314472853001,0.18425346695060055,0.03394934008331605,3.5923897318229095e-10
4,0.44335753104274578,0.099036589084372864,0.0098082459774669218,0.00080841318491654834
5,0.53956549168514856,0.11107439543953389,0.012337521322257947,0.00017027111030597198
6,1.3773932217172553,0.24162067849414334,0.058380552275970186,1.2780973555187755e-16
7,0.23201674533570929,0.061080677325804932,0.0037308491425791005,0.039123060237831513
8,0.2131051927095704,0.049546172264112467,0.0024548231860251077,0.094367093215487363
9,0.51790886954086701,0.10023348115512097,0.010046750744473991,0.00069743221380292458
10,0.77050950848715738,0.23057991204405706,0.053167095838245089,3.1038229168726689e-15
11,0.19691971085854482,0.043861678695657026,0.0019238468580010533,0.13869219382590092
12,-0.35833492916478937,-0.073568305835577219,0.0054122956235170255,0.012930193035075014
13,0.52094206476249294,0.12258957161903586,0.015028203069738722,3.295159161959115e-05
14,0.86791663465838276,0.16332883577757024,0.026676308596456508,2.8848703921188641e-08
15,0.29920751238378895,0.064139146253145415,0.004113830082082378,0.030281197672481434
16,0.30167189450932563,0.063390367094809344,0.0040183386404146872,0.0322699880677614
17,0.67046758347441138,0.13525083261371043,0.018292787722701917,4.5470464777026136e-06
18,0.2655869899952526,0.058975200548762513,0.0034780742797667582,0.046408895542865897
19,0.42939239775977589,0.07744350352110696,0.005997496237623706,0.0088705309820705652
20,0.73736030630138238,0.15639917319476368,0.024460701376005686,1.0969934829928238e-07
21,0.058755565851877585,0.01339962337108761,0.00017954990648699727,0.65116385629958651
22,0.59148393429631707,0.13073170852528568,0.017090779613940253,9.4175849738787135e-06
23,0.58298489940047349,0.10991627297506808,0.012081587064729681,0.00019919519695648451
24,-0.050530322110769264,-0.010693911598416518,0.00011435974527474733,0.71821851721558616
25,0.15601559087812936,0.02812167134805342,0.00079082839940792864,0.34259021364644782
26,0.71925178374466858,0.043190754385725998,0.0018654412644081096,0.14483821644399789
27,0.40177660859065484,0.065687076519280949,0.0043147920216498707,0.02650114560131921
28,-0.097341523611823785,-0.023002838915415217,0.00052913059816854068,0.43759734792071026
29,0.47284048551233726,0.12188435389306829,0.01485579572393071,3.6596312190121682e-05
30,0.36137335856255071,0.081100108804799495,0.006577227648150317,0.0061258307765652232
31,1.4685993201581553,0.26765354407401276,0.071638419655379496,3.5985870749555983e-20
32,0.38972109801529409,0.1023206669166439,0.010469518878266786,0.00053705719023570671
33,0.4085967817918762,0.09533608117597929,0.0090889683739929124,0.0012634966167015213
