,Slope,R Value,R Squared,P-Value
0,0.002215501317114052,0.045787223031419515,0.0020964697929289535,0.12216545119306901
1,0.0057906775007535117,0.11043791674489674,0.012196533454952743,0.00018563890021141291
2,0.0059087177747468682,0.10037607007521254,0.010075355443743978,0.00068519789739680944
3,0.004439609694114036,0.086223945123998516,0.0074345687127463072,0.0035595147846474101
4,-0.0083357722143867687,-0.15531481185539545,0.024122690781676885,1.344993227941796e-07
5,-0.0021239407620425219,-0.048442836485399182,0.0023467084067511222,0.10194379091057519
6,0.0049441474846990598,0.07950554773710726,0.0063211321209774417,0.007211768257734669
7,-0.011707040697083611,-0.29165006674263605,0.085059761430984066,8.2770835660642546e-24
8,-0.0041574689452416142,-0.083956722062460076,0.0070487311794731706,0.004541833916940745
9,-0.0066440352081046971,-0.12760292043639976,0.016282505303898166,1.5376888766570796e-05
10,-0.0047215284914570114,-0.10156368135723855,0.010315181370834686,0.00059077278906443677
11,-0.0080103428458550095,-0.14407557933345544,0.020757772560270813,1.024529855989526e-06
12,-0.0096145943480273246,-0.19004316425541681,0.036116404280211338,9.707555696131411e-11
13,-0.0060331110417904225,-0.13863264655995883,0.019219010692218465,2.5963900587057635e-06
14,-0.0011923922938050563,-0.024786854835008962,0.00061438817261180712,0.40288586748834077
15,-0.0053246021537421183,-0.090168206359431929,0.0081303054380771015,0.0022988174872373801
16,-0.011370936421393488,-0.20638776219195462,0.042595908382602812,1.9252622291546551e-12
17,-0.0065498982876740905,-0.1408258067119639,0.019831907836075417,1.792483083167718e-06
18,-0.0085781946085218014,-0.16814239984749232,0.028271866626473987,1.1026450266084358e-08
19,-0.0038531396697186878,-0.065130962042368845,0.0042420422165644909,0.027809491983345449
20,-0.0060858594834484738,-0.11857884023694718,0.014060941351939442,5.938997094088063e-05
21,-0.0093674292577823025,-0.19768341058287109,0.039078730819675986,1.6196295973340157e-11
22,-0.0031882685421063075,-0.069966662618153888,0.0048953338779225723,0.018093996480484979
23,0.0067220866761015597,0.11835388548250629,0.014007642208806213,6.135179570081832e-05
24,-0.0057862048349529085,-0.11611732673490353,0.013483233568060343,8.4488707464487839e-05
25,-0.010023637549111617,-0.17113669039891327,0.029287766800693494,5.9768287960345858e-09
26,-0.0020779486205747505,-0.045065078270853917,0.0020308612795581901,0.12817358404979926
27,-0.0054669757012260406,-0.087227592274213533,0.0076086528539564364,0.0031898304595533011
28,-0.0046851343768296166,-0.092953355764905168,0.0086403263479570298,0.0016710677713746101
29,-0.0023192991156672335,-0.051662543298314441,0.0026690183800502144,0.08109890380578634
30,-0.0076417184052973161,-0.15762507707212323,0.024845664921992788,8.6976263430371377e-08
31,0.006886771890108799,0.12266880272801241,0.015047635162724024,3.2564336595922604e-05
32,-0.0045931313202987999,-0.10316332494254425,0.010642671613200974,0.00048262564565693832
33,-0.0063547550796490531,-0.13666322655935798,0.018676837493614408,3.604077056223386e-06
