,Slope,R Value,R Squared,P-Value
0,0.074642723790737248,0.1776310464102927,0.031552788648815562,1.5252220279308066e-09
1,0.10093950235924087,0.27611754604169964,0.076240899232090112,2.0591599394076076e-21
2,0.075680544725499857,0.19837107175776847,0.03935108211032573,1.3735944612107064e-11
3,0.065852591456250179,0.186054660997898,0.034616336879042746,2.4017442542538148e-10
4,0.042484796440026354,0.13319057933834119,0.017739730424482958,6.355668879737046e-06
5,0.060843907771068635,0.16157971092016984,0.026108002981045653,4.0635189509881154e-08
6,0.016768974717033997,0.051837515955008948,0.002687128060385807,0.080073284142883977
7,0.10910743611665327,0.30274045582285886,0.091651783591832361,1.2987991029349942e-25
8,0.13074515620106947,0.38042149739039505,0.14472051567675034,1.3385477589813203e-40
9,0.10344601676267223,0.26653971396297899,0.071043419119466655,5.2043683321374807e-20
10,0.07756172945617143,0.24935261629775893,0.062176727254537392,1.241991990197863e-17
11,0.05162359292131135,0.17972057213944725,0.032299484050130264,9.7214394188522474e-10
12,0.11021982740663258,0.30107175730853614,0.090644203048850083,2.4552538877113458e-25
13,0.078046857012780288,0.22272996501297326,0.049608637314680293,2.7180528690291688e-14
14,0.12413680049825464,0.31825157867221832,0.10128406732735916,2.8541595971000523e-28
15,0.14465879745548532,0.40290838815016233,0.16233516924176186,9.0148768560771482e-46
16,0.097007841976344947,0.25311737374146542,0.064068404889776692,3.8760349673300966e-18
17,0.12486349605850605,0.32878406418507677,0.10809896086205668,3.6218453805009344e-30
18,0.075296241510255935,0.20123496623952034,0.040495511637420892,6.8716158164064127e-12
19,0.067870619338812957,0.19909420724902191,0.039638503360116491,1.1543320324240242e-11
20,0.049151508009319507,0.14311248718257591,0.020481183987582953,1.2108180250118796e-06
21,0.037605249178658852,0.10297103332748603,0.010603033704530238,0.00049457387853229313
22,0.082585872556979342,0.25765976035038773,0.066388552103819234,9.2676981363384634e-19
23,0.16910330292436329,0.40532052389768691,0.1642847270926954,2.3773505374752495e-46
24,0.13266684598709105,0.3539838856756618,0.12530459131804,5.122194845732248e-35
25,0.099696151002495959,0.28810263883381798,0.083003130503009365,3.0089844346142835e-23
26,0.099704860999586448,0.2966418024553571,0.087996358963963101,1.3047856613215733e-24
27,0.0014111206417734875,0.0039612991184056791,1.5691890705481609e-05,0.89367036024138335
28,0.089892491698567722,0.29500981363382039,0.087030790140261438,2.3966682134989506e-24
29,0.11192943822397326,0.31946534209618288,0.10205810480063116,1.7407728922822515e-28
30,0.069062427660720474,0.18461887094651869,0.034084127509567325,3.3117050970364962e-10
31,0.086190732202563014,0.22924313064877461,0.052552412949651142,4.5170922870597519e-15
32,0.078726323932706954,0.22585805596893158,0.051011861446065031,1.1559798645474269e-14
33,0.11184922496041118,0.36560058690139013,0.13366378914264093,2.0921177378787278e-37
