,Slope,R Value,R Squared,P-Value
0,0.074600536236427761,0.2094233866817875,0.043858154889269495,8.9554357970619561e-13
1,0.11455161175362241,0.2868342311994706,0.082273876187791348,4.7523930963033136e-23
2,0.072796002911959215,0.18714434611184405,0.03502300628162968,1.8788610605451324e-10
3,0.086756554823581286,0.23096894320252606,0.053346652724091712,2.781500340288009e-15
4,0.032087501330258734,0.10447157751249919,0.010914310507950126,0.00040820505496569587
5,0.074043264594259042,0.21405144306094806,0.045818020276474289,2.7254893863215386e-13
6,0.052707111095924325,0.1410587975279953,0.019897584360043973,1.7227288158338364e-06
7,0.055307480019528628,0.17786216584949094,0.031634950040671822,1.451483704629017e-09
8,0.11044709204629455,0.31256048597643887,0.097694057393827638,2.8132012138515965e-27
9,0.081799781911183173,0.2078463863178461,0.043200120305387321,1.3347730938622907e-12
10,0.046525666770658426,0.1724066581610878,0.029724055778274184,4.594512863256089e-09
11,0.065706995763296014,0.22218410564745594,0.049365776802359866,3.1512496488604896e-14
12,0.12288869970846947,0.32746657446542404,0.1072343573921191,6.3138030589282581e-30
13,0.072647757078956515,0.22866724544729067,0.052288709140451473,5.3057595725727394e-15
14,0.082774980644888252,0.21465994566891464,0.046078892274581382,2.3260860797711112e-13
15,0.086234536041772197,0.27099271972333133,0.073437054143048006,1.1782036177211523e-20
16,0.079781408939905762,0.20912935639473401,0.043735087706075676,9.6495482158553333e-13
17,0.074885065011045596,0.19667993223769104,0.038682995745022736,2.0576548086363707e-11
18,0.028915633168232053,0.085606811601844177,0.0073285261926336427,0.0038057390932590687
19,0.11275294662879282,0.30754151933719126,0.094581786116227987,2.031156411734198e-26
20,0.056258530388312203,0.17403852339519932,0.030289407625581341,3.2674162792412473e-09
21,0.083243965418388757,0.23292132520117872,0.054252343733473256,1.599530434577555e-15
22,0.072585763090729463,0.24838126839936772,0.061693254491678749,1.6720200965882301e-17
23,0.11096582941419453,0.26724841539892158,0.07142171553323455,4.1162465997121018e-20
24,0.12683651977741278,0.34792649475650589,0.12105284575354892,8.2445806833133873e-34
25,0.067677382601076197,0.18893354487037414,0.035695884377285679,1.2514759081250655e-10
26,0.067344429209380441,0.20459722158259627,0.041860023079318,3.0072003124650946e-12
27,0.049755419340146247,0.13839429474403017,0.019152980817697497,2.7021616575041509e-06
28,0.080460786700896805,0.27177519998397504,0.073861759326329629,9.0490376795950605e-21
29,0.065265305300159768,0.22084725422215751,0.048773509697466265,4.5192046662705555e-14
30,0.06657524354873276,0.2102606977944112,0.044209561036992716,7.2360250394720501e-13
31,0.083976591645821386,0.21757297549341531,0.047337999665058299,1.0821805965292838e-13
32,0.085477229317516931,0.2845649068354521,0.080977186202269541,1.0703050726896691e-22
33,0.056570953185081298,0.18965770201097534,0.035970043932083924,1.0604886299466119e-10
