,Slope,R Value,R Squared,P-Value
0,-0.016675624431807874,-0.10093924068210117,0.010188730309479147,0.00063879852948041924
1,-0.020235920909549208,-0.10783159017965639,0.011627651840673369,0.00026319945801755632
2,-0.0095944973742732847,-0.0560558514063886,0.0031422584768951187,0.058370323230944307
3,0.0029014382008555602,0.016767504668694123,0.00028114921281467925,0.57152747684586913
4,-0.002307287515706686,-0.013148225222750796,0.00017287582650818024,0.65728681566771863
5,-0.0080260869273355816,-0.048572615662895502,0.0023592989923353616,0.10102824419693071
6,-0.00041101077854091968,-0.0024196087054000814,5.854506287247858e-06,0.93493159931818792
7,-0.012733275654646466,-0.074626776095600297,0.0055691557104228595,0.011683955115465746
8,-0.0011678108464357525,-0.0073812907970945635,5.4483453831272896e-05,0.80331402132264051
9,0.0084802660945549318,0.052408405503556917,0.0027466409674252548,0.076799944979183285
10,-0.015469676245273619,-0.094516776327417812,0.0089334210073271289,0.0013919682798283126
11,0.00060167474155763492,0.0041047411787366655,1.6848900144416469e-05,0.88984416758307638
12,-0.00075869874823380199,-0.0045448772426109714,2.0655909150403105e-05,0.87812027943138093
13,-0.019189670077569766,-0.11859477325596628,0.014064720243634053,5.9253293306455177e-05
14,-0.0089498490928813651,-0.051159958769866135,0.0026173413813344029,0.08410419249647548
15,-0.0038893964165394152,-0.02503811939029332,0.00062690742260258228,0.39813297426981098
16,0.00069688584645134831,0.0040729874177344062,1.6589226505022786e-05,0.89069095403746745
17,-0.00297736413811775,-0.017641365176987545,0.0003112177653078288,0.55164603147724323
18,-0.0066576020425670812,-0.0383645633806141,0.0014718397233851564,0.19533366089607576
19,-0.0040547751120965595,-0.023540735138684921,0.00055416621086971495,0.42695460941717067
20,-0.0078504382793832019,-0.046516550773276023,0.0021637894958427663,0.1163229940832428
21,-0.00021231059079338595,-0.0013199669963000716,1.7423128713214334e-06,0.96447563685219895
22,-0.0065016033592901938,-0.037199684250577403,0.0013838165083426565,0.20925596736106816
23,-0.0045742758428809639,-0.029064921620571019,0.00084476966880993667,0.32663902907615905
24,-0.0089088070303106909,-0.054618635273032179,0.0029831953190885148,0.065139344912166303
25,-0.0018580927758889603,-0.011619010967696353,0.00013500141586744813,0.69501533309831709
26,-0.0076401317999535119,-0.048712878385278748,0.0023729445205789572,0.10004610832802591
27,-0.0079041259004358124,-0.042643522304466733,0.0018184699945315518,0.15000371013168862
28,-0.0053539613027899892,-0.038280944613189552,0.0014654307204780863,0.1963098716707799
29,0.002151200480270162,0.0137136691080242,0.00018806472040437726,0.64354800515064592
30,-0.0018072059598538675,-0.011652711882967993,0.00013578569422746347,0.69417525840929306
31,-0.0037100532160557402,-0.021070380529973599,0.00044396093567789055,0.47706644978989088
32,-0.0081800646936024245,-0.052112348075658239,0.0027156968219585612,0.078483601437295797
33,0.0053705058691445526,0.039742264459770832,0.0015794475843903637,0.17975808727916134
