,Slope,R Value,R Squared,P-Value
0,0.43598403836366262,0.13073965810517307,0.017092858201457548,9.4057255714211813e-06
1,0.61327108593791801,0.16751687525602177,0.028061903495541558,1.251415841379186e-08
2,0.52749437402648092,0.14061157583995196,0.01977161526019456,1.8590065506327677e-06
3,0.55585649507704071,0.15508389118691787,0.024051013305675783,1.4044022982863694e-07
4,-0.29293897594282975,-0.082406375153946818,0.0067908106660130238,0.0053483697067136602
5,-0.0060681234992590186,-0.0018980447201346689,3.6025737596310936e-06,0.9489357880873851
6,0.72407478207031828,0.1692753023015646,0.02865412796928608,8.7571334926758664e-09
7,-0.54493137840888661,-0.2056840764647678,0.042305939311164449,2.2951704600694494e-12
8,-0.1261437001628688,-0.039014241200097638,0.001522111016419396,0.18786982525741072
9,-0.088728387435734635,-0.025559625153138619,0.00065329443796895636,0.38837652580550952
10,0.016324683963629627,0.0059008219917134211,3.4819700177888745e-05,0.84218037107432342
11,-0.2376177744303212,-0.065419781856807926,0.0042797478581923353,0.027123217130652376
12,-0.49755221610651873,-0.14515630303546775,0.021070352310924544,8.4829274641020677e-07
13,-0.13328791377621671,-0.044381812036690588,0.0019697452396601335,0.13406711270603039
14,0.28779820444810056,0.084644358281873375,0.007164667388950146,0.004220703456414095
15,-0.11797422876279577,-0.029940174196950164,0.00089641403094372046,0.31227595098202326
16,-0.36450393852701557,-0.10247784904295966,0.010501709544471627,0.00052648930958634104
17,-0.090083893149909861,-0.027081879321008473,0.00073342818755766639,0.36074028715702189
18,-0.30487039211822214,-0.094492373704239171,0.00892880868826159,0.0013959730463131779
19,0.045143692746442622,0.010983490973310098,0.0001206370739607844,0.71092618799723839
20,-0.023092380883914156,-0.0065551139897990713,4.2969519419259497e-05,0.82495006123966341
21,-0.41854065229808668,-0.13636560608583101,0.01859557852315603,3.7857061502447185e-06
22,-0.021191564128772256,-0.0066148623641687993,4.375640409689684e-05,0.82338068724410274
23,0.58209604033382911,0.1489966587577719,0.022200004320979926,4.2894884794899161e-07
24,-0.16215877897152584,-0.050844048945594758,0.0025851173131820355,0.086038871851586762
25,-0.41516578933811338,-0.10454855297787882,0.010930399929768336,0.0004041784858101227
26,0.39717877445131677,0.020901673911453304,0.00043687997230072766,0.48060217090981938
27,-0.07969751827384737,-0.018023466016314306,0.0003248453272412367,0.54306067466228902
28,-0.11121457082328474,-0.033104666178567915,0.0010959189227944183,0.26386057347926495
29,0.063959047624676607,0.021280448633630773,0.00045285749404859785,0.47268383259736124
30,-0.21703460086000129,-0.064670598045178121,0.0041822862515209962,0.028934286172785158
31,0.81028580811837203,0.21831878592811413,0.047663092289125721,8.8807368227048718e-14
32,-0.025219335823515876,-0.0087081665234215386,7.5832164199639564e-05,0.76888503705887012
33,-0.14603925865112155,-0.044641457868357715,0.001992859760612357,0.13180334353439896
