,Slope,R Value,R Squared,P-Value
0,-1.0131208859373952,-0.05363213319877954,0.0028764057114516305,0.070149979974569301
1,0.025335410006728974,0.00093574441118484688,8.7561760306367574e-07,0.97481211021324099
2,-0.89109126392337812,-0.042437679976113314,0.001800956681755009,0.1519826304551615
3,-4.4868041228343785,-0.22308391292296439,0.049766432205020764,2.4690092195276401e-14
4,-1.3882865980561585,-0.069896758266141237,0.0048855568161153837,0.018209931879492894
5,-4.8924991561610609,-0.23740235171896559,0.056359876601695447,4.4074469232529653e-16
6,-0.83155672417140991,-0.036948370171558116,0.0013651820583344856,0.21235150203810108
7,-1.4080516121217601,-0.072234646666527721,0.0052178441790381048,0.014666700290696154
8,-0.67869312414944827,-0.035239790445360374,0.0012418428306329122,0.2342749409563519
9,-2.3118359587410002,-0.12044834980976322,0.014507804971895088,4.5232442447388355e-05
10,-1.74738563896973,-0.085759861018801911,0.0073547537619642195,0.0037432747490601594
11,-0.20536136171553732,-0.010706114824461387,0.00011462089463455188,0.71791068618608811
12,-2.1081991268653697,-0.10873014388415554,0.011822244189069167,0.00023355400036283692
13,1.4044094155550977,0.071643826679887654,0.0051328379013377817,0.015499475512902417
14,-3.9665300505709746,-0.2055756144393221,0.042261333252104814,2.358060175829828e-12
15,-1.8594521082587909,-0.095216628896866357,0.0090662064184835658,0.0012815204229988698
16,-0.88931708245582985,-0.046037642950999033,0.0021194645684836709,0.12013411267039951
17,-2.3043541803299714,-0.11288359077336999,0.012742705065889662,0.00013285787471534487
18,-1.4804090807042296,-0.067274702448258852,0.0045258855895017654,0.023054184834544928
19,-3.1829939759450538,-0.13399275979079642,0.017954059676354068,5.5819995660591225e-06
20,-2.3565389182425127,-0.11815943098580504,0.013961651130889225,6.3096852185988029e-05
21,-0.59145746793949316,-0.030242149264504643,0.00091458759213657872,0.30741840196293141
22,-5.5416049953887603,-0.25119948804552117,0.063101182794331939,7.0319017876166033e-18
23,-0.44098275961889399,-0.023643775255525929,0.00055902810833382026,0.42493320403831814
24,-1.5664457035278372,-0.07497772676026021,0.0056216595101362399,0.011294902350878351
25,-2.7798615754675446,-0.13373823042919056,0.017885914278331271,5.8171643755998289e-06
26,1.2966712411490204,0.065398097737712227,0.0042769111877113608,0.027174229813390603
27,-5.4942071432134698,-0.23069250805884944,0.053219033274482318,3.0069346952220763e-15
28,0.87017024200879667,0.045769799056965162,0.0020948745057149691,0.12230778137122485
29,-1.2966696806925939,-0.073982007132263869,0.0054733373793183424,0.012429766535433637
30,-1.237709743313387,-0.069188779807112744,0.0047870872511971323,0.019421191293618939
31,-1.2745741273211411,-0.062105361481078647,0.0038570759246954471,0.035943723467786903
32,-1.5093866632316586,-0.086765227215661572,0.0075282046537853793,0.0033555652895065576
33,-0.62074359454251504,-0.040385089778825746,0.0016309554764438157,0.1728143190363611
