,Slope,R Value,R Squared,P-Value
0,0.0028924638206065975,0.049423987071889858,0.002442730498082336,0.095183282639024758
1,-0.00448426168217444,-0.090910829373056071,0.0082647788972969143,0.0021131567182956306
2,-0.0018502601084349557,-0.030176009672882968,0.00091059155977792647,0.30847802262199597
3,0.0017173430602335984,0.033755628410563294,0.0011394424493920278,0.25457977693051309
4,-0.0015974533061274879,-0.027556845492360153,0.00075937973348981004,0.35237599418276522
5,-0.00055962234595511977,-0.011887785160438761,0.00014131943602074801,0.68832598645199883
6,0.00083019537854530626,0.014597409441464837,0.00021308436240176677,0.62231844605584485
7,0.0089901913541128049,0.1801109190909238,0.032439943175777301,8.9316506083541917e-10
8,0.0021679134731725927,0.04421956936982941,0.0019553703152531553,0.13549682745384345
9,0.002606770074209386,0.051175447749783304,0.0026189264523908012,0.084010247447442898
10,0.0051478861547231214,0.093692400025670253,0.0087782658225702154,0.0015332832935984768
11,0.0034959820290202969,0.06314377534837172,0.0039871363652456363,0.032948955084065409
12,-0.00069259975349184163,-0.013797720936902543,0.00019037710305263878,0.64151596771471853
13,0.0020991753810858391,0.042856979833038551,0.001836720720409473,0.1479723714637505
14,0.0016039584607847443,0.033353239663908039,0.0011124385960780885,0.26028951346790574
15,0.0024225472095013175,0.038899704564296554,0.0015131870151895541,0.1891701903731382
16,0.001391619376040303,0.025265812661363615,0.00063836128943912192,0.39385522706213505
17,-0.00016855903376305329,-0.0035961588849090682,1.2932358725510433e-05,0.90342111384507584
18,0.0022907548203201606,0.040610551461066811,0.0016492168899719557,0.17042694992148777
19,-0.00017415275264432307,-0.0030702909733819057,9.4266866612304096e-06,0.91748918391011869
20,-0.0017897741067685782,-0.033336398893958709,0.0011113154912171315,0.26053039160286423
21,0.00037547278818267485,0.0078336838288324325,6.1366602330110764e-05,0.79152902884678922
22,0.0015806209544805797,0.032153165140057574,0.0010338260285238136,0.27784106494482724
23,-0.0029293479496356792,-0.049439152543483807,0.0024442298042178612,0.095081672324450583
24,-0.00077540032390296552,-0.015200461337936894,0.00023105402488611426,0.60800830332007449
25,0.0044371843890066241,0.081934052698673071,0.0067131889916289362,0.0056185739390240564
26,0.0024276816510780167,0.05014572393151237,0.0025145936286154525,0.090442993775337946
27,0.001193098924472076,0.01896766614711682,0.00035977235906848145,0.52213472449000853
28,0.00030028094783322146,0.0057393151687417142,3.2939738606148733e-05,0.84644551455141515
29,0.0024549336104779701,0.048320235656419512,0.0023348451738919155,0.10281474367058466
30,0.0045754742413664029,0.079513858557772654,0.006322453702745476,0.0072056873554731055
31,0.00149049972331228,0.026593461531049217,0.0007072121962033946,0.36947006839480623
32,0.0018685533511014303,0.034475702811056573,0.0011885740843162941,0.24458063805471264
33,0.0024050205749585954,0.05123008181355803,0.0026245212826238491,0.083679553539761392
