,Slope,R Value,R Squared,P-Value
001,0.055603197073336941,0.97247768828547254,0.94571285421305673,0.0
002,0.055572451538342796,0.97484984114799778,0.95033221278627644,0.0
009,0.05641500375317323,0.96348787838865957,0.92830889180188048,0.0
010,0.05763166659994573,0.96694443304781819,0.93498153660216654,0.0
011,0.057981706765320273,0.96225810698933223,0.9259406644666931,0.0
012,0.054893252946406471,0.96919374568064276,0.93933651666647444,0.0
013,0.053865800089140256,0.96726871369994216,0.93560876450274066,0.0
014,0.055577151952584038,0.96338757240891171,0.92811561467193615,0.0
015,0.057045796332555215,0.97123650769569658,0.94330035388093292,0.0
016,0.056669427591998341,0.95888201742360624,0.91945472333836509,0.0
017,0.05411538153600097,0.96432739754374008,0.92992732965348257,0.0
018,0.055468559300931385,0.96202514433563846,0.92549237833400599,0.0
019,0.057365120928219653,0.95821250803808244,0.91817121056063222,0.0
020,0.057291841051776211,0.97003623041659304,0.94097028832083363,0.0
021,0.056979532782128535,0.96472190098658295,0.93068834624316632,0.0
022,0.05389149597519554,0.95858272220176755,0.91888083530375109,0.0
023,0.057478045014817687,0.96689693212345962,0.93488967734975803,0.0
024,0.056674088284156009,0.96881170791467508,0.93859612539254966,0.0
025,0.056188911108699287,0.97109621564086146,0.94302786003200245,0.0
026,0.055105360409048267,0.97200534080492451,0.9447943825532974,0.0
027,0.059240674106425736,0.96748711171534252,0.9360313113352956,0.0
028,0.057586904384417284,0.96558398154098624,0.93235242540854368,0.0
029,0.053808348827196269,0.96805586950290279,0.9371321664790212,0.0
030,0.055506185545765564,0.96270646032193918,0.92680372874559747,0.0
031,0.057447260287017472,0.97273314539793554,0.94620977215576119,0.0
032,0.054301325333030219,0.96639789520681818,0.93392489186016836,0.0
033,0.054704675034058632,0.96433553056996024,0.92994301551964675,0.0
034,0.057396115420348219,0.97703034938321387,0.95458830361588498,0.0
035,0.054064317517740733,0.94406006286167277,0.89124940229038552,0.0
101,0.058173496051526608,0.96689416382885285,0.93488432404629651,0.0
102,0.056015284562379308,0.95906227636101427,0.91980044993877053,0.0
103,0.054097427812150142,0.97676884495616012,0.9540773764769912,0.0
104,0.056329388401965219,0.96303477083524325,0.9274359698376895,0.0
105,0.054945314131411994,0.93917852853035477,0.88205630845244243,0.0
