,Slope,R Value,R Squared,P-Value
0,-0.49372230780074011,-0.069549933474637629,0.00483719324632652,0.018794792663719934
1,-1.674332988953366,-0.18875416481528773,0.035628134735116807,1.3037461500183672e-10
2,-0.29127225480298524,-0.044123646127582711,0.0019468961475921447,0.13634763803820127
3,-2.1079952441672249,-0.26253929842017731,0.06892688321495892,1.9304455696805015e-19
4,-0.63074807606509986,-0.083114456574174794,0.0069080128916203876,0.0049652110987549016
5,-0.14575983767734682,-0.018510569273647148,0.0003426411748344899,0.53221327889378278
6,-1.1801822182651804,-0.15292327659582317,0.023385528524802638,2.0979380077651327e-07
7,-0.46061964400020178,-0.065885385087173731,0.0043408839680851748,0.02604761443645132
8,0.2358598059888859,0.035333088510842797,0.0012484271437150512,0.23303794311776699
9,-0.52400850993716264,-0.081686596482578186,0.0066727000449075553,0.0057649932931990956
10,-1.086903872845953,-0.14620081715013553,0.021374678935367361,7.0590646357348538e-07
11,-0.18006630648191052,-0.029307128522038282,0.00085890778220726978,0.32262212792697764
12,0.02198410775477485,0.0033211844974839438,1.1030266466327676e-05,0.910773762517334
13,-0.44670585842499771,-0.065507124148042939,0.0042911833141471107,0.026918576185191671
14,0.25077739666738658,0.035433157549540864,0.0012555086539305848,0.23171632192803202
15,-0.094785917288276192,-0.014165570057917713,0.00020066337506577484,0.63265452275936929
16,-0.53609901169997909,-0.06998077728259075,0.0048973091890755693,0.018070665997674994
17,-0.24283499267567979,-0.033416648131249858,0.0011166723723277647,0.25938394579705631
18,1.319696001798037,0.15865499850512191,0.025171408550660235,7.1467785357076827e-08
19,-0.59154685025491072,-0.078359699408772382,0.006140242491433163,0.0080955290283475888
20,-0.99516637748509673,-0.15026736527425169,0.022580281066465382,3.4099994757243314e-07
21,0.69031711507088356,0.10527824679847848,0.011083509248961345,0.0003678066737391898
22,-0.93606349543334555,-0.10906259956560432,0.011894650624007356,0.0002234015686045754
23,-0.50370241085765233,-0.078537547622356527,0.0061681463865339197,0.0079523040633428972
24,-0.44882987024961157,-0.060593219963025906,0.0036715383054876411,0.040717349066367876
25,0.078277725807003679,0.010360743470385306,0.00010734500525913175,0.72664030576501348
26,-0.3178874454146387,-0.043123424095800271,0.0018596297057462475,0.14546632594091052
27,-0.87916482954530484,-0.10884453650993151,0.011847133128061812,0.00023001289439677936
28,0.38589938892250758,0.061371912721953602,0.0037665116711510902,0.038196044987120183
29,-1.0625537074178,-0.17622744245097743,0.031056111472812564,2.0578833024562092e-09
30,-1.6636279070385107,-0.24490814393999011,0.059979998968130915,4.7905061098431169e-17
31,-1.4093739397623821,-0.16499560850411152,0.027223550825642037,2.0742830684804533e-08
32,-1.1268670674319259,-0.19117161053979315,0.036546584676378349,7.4858707508481349e-11
33,-0.59046220778193215,-0.10698547360371759,0.011445891562211753,0.00029430360959008429
