,Slope,R Value,R Squared,P-Value
0,0.14591050794955721,0.036176027433601841,0.001308704960876713,0.22207119419190682
1,-0.27943883106232087,-0.081138817547195166,0.0065835077129570265,0.0061014033478775471
2,-0.18558549587446896,-0.047494066753397943,0.0022556863767762198,0.10883889822500796
3,0.14090483210216589,0.039786517810954977,0.0015829669995214377,0.17927352507536437
4,-0.12338855038447984,-0.032136073075524629,0.001032727192715459,0.27809672151749554
5,-0.018274723064395381,-0.0053237980077701441,2.8342825227537357e-05,0.85743905185990643
6,0.094135997946040842,0.024063310138017831,0.00057904289479843174,0.41676076946600193
7,0.47825518946446716,0.14516927254617681,0.021074117691586167,8.4636622969642229e-07
8,0.14695693446039873,0.04590857229923543,0.0021075970105541267,0.12117777551434794
9,0.051879894437798287,0.015276406664694271,0.00023336860058511554,0.60621658751040219
10,0.12902739904216048,0.039461108837826019,0.0015571791107107508,0.18285939344179047
11,0.12972251029885098,0.035864732425329303,0.0012862790319404672,0.22607738444569681
12,-0.068149763829520177,-0.020038505395566734,0.00040154169848815712,0.49891337095100952
13,0.15537614392906141,0.045967114366557559,0.0021129756031881821,0.12070353099723913
14,-0.028529955948342459,-0.0083937046288151008,7.0454277395792046e-05,0.77700622209156911
15,0.062439344809572757,0.015025651086447815,0.0002257701905716704,0.61214138841291643
16,0.07047896903416781,0.019820399885143634,0.00039284825160700178,0.50359816110685307
17,-0.01891143720958632,-0.00564150962417111,3.1826630839615256e-05,0.84903060090276428
18,0.11266833781500056,0.031583650670212321,0.00099752698965800322,0.28644581200811514
19,0.043784586864310415,0.011110689817511421,0.00012344742822095197,0.70773129112534905
20,-0.15201701090725656,-0.041251420736113188,0.0017016797127478291,0.16377574997360048
21,0.038228196865717885,0.01231370606325616,0.00015162735701227152,0.67777538456664699
22,0.070580291306678977,0.020422127218975593,0.00041706328014802377,0.49072982796643583
23,-0.2626694126339128,-0.064448532456880175,0.0041536133358455376,0.029490692926666836
24,-0.050049032041781134,-0.015329320737339782,0.00023498807426823546,0.60496962511322727
25,0.29595787927804229,0.080605663916219206,0.0064972730553744832,0.0064456834790740155
26,-0.13210038342172406,-0.0066211886144966776,4.3840138668740431e-05,0.82321456067288801
27,0.016530521388751961,0.003724866973342763,1.3874633969099676e-05,0.89998233829943441
28,0.041033765836320478,0.011766794616958325,0.00013845745555767942,0.69133426679778842
29,0.076983481859162026,0.022633233966336801,0.00051226327977494193,0.44499782941053034
30,0.23187251543552553,0.058210268946127748,0.0033884354107805246,0.049324199464560389
31,0.021288121491066084,0.0057453270785464807,3.3008783239479438e-05,0.84628666803433217
32,0.03145575558509621,0.0089224548602451718,7.9610200733112686e-05,0.76336531410466857
33,0.075165542792569456,0.022758359196131339,0.0005179429133001359,0.44248454030708839
