,Slope,R Value,R Squared,P-Value
0,0.045261721164858493,0.23475730065136285,0.05511099020911437,9.4630338009736062e-16
1,0.078925080673281314,0.35379667169024975,0.12517208489909837,5.58660129269152e-35
2,0.019999363216588045,0.10104601927174744,0.010210298010666356,0.00063033716815770664
3,0.045990217653903237,0.22916552999128428,0.052516840136186217,4.6162309948985473e-15
4,0.030916880177535914,0.15223362287831194,0.023175075934656099,2.3818888874017768e-07
5,0.0084469265970310518,0.041394804550650442,0.0017135298437865505,0.16231476237059586
6,0.033314222167319107,0.17404585804203507,0.030291960701588221,3.2623903408734628e-09
7,0.041358667208219235,0.21634670995115435,0.04680589890668891,1.4954639278103843e-13
8,0.026608393424480001,0.14151535742316643,0.020026596386606546,1.593520969633875e-06
9,0.028358554683948767,0.14609636127941281,0.021344146779084708,7.1903898239516583e-07
10,0.038718729071401364,0.20007939054721569,0.040031762521745264,9.0985527821196795e-12
11,0.01597711233143962,0.092624744068303289,0.0085793432137186848,0.0017359125294685179
12,0.015607640672427097,0.079968531401270082,0.0063949660144759189,0.0068799332137482834
13,0.00873761011296262,0.045603403258275291,0.0020796703887368735,0.12367353636206119
14,0.0089184008900786427,0.042046930778903868,0.0017679443879259334,0.15579372197008015
15,0.021202805411656398,0.1088860204457366,0.011856165448509369,0.00022874120967961595
16,-0.023983670175803638,-0.11361155720344229,0.01290758593019104,0.00012010993879555215
17,0.019997546170694623,0.10080434154910919,0.010161515275149462,0.00064963907818936593
18,0.036990678580498385,0.17636822643535263,0.03110575129595182,1.9971926938912077e-09
19,0.0092463051487870727,0.045026807977220022,0.0020274134366174445,0.12849827696706806
20,0.037643651433321962,0.18430122968656934,0.033966943263981586,3.5544239468162856e-10
21,0.021291991151450952,0.10875471451745847,0.011827587929773892,0.00023278911756022868
22,0.081529310650681738,0.38748499308876183,0.1501446198689978,3.5090786354308904e-42
23,-0.0012985845662785162,-0.0070616798538487699,4.9867322358253584e-05,0.81166717202185201
24,-0.010852917058324456,-0.055843731844479022,0.0031185223863180803,0.059331045987353719
25,0.034675257803158319,0.1723560445976221,0.029706606109337501,4.6431035800535931e-09
26,0.023564227613412286,0.12403452383233184,0.015384563102313294,2.6531047061509008e-05
27,0.026952874705479059,0.12150276584002412,0.014762922106775732,3.8724633168499629e-05
28,0.025443534818221453,0.15392544264531888,0.023693041893557351,1.7427917681409676e-07
29,0.0062948265552801221,0.031871509034978471,0.0010157930881667142,0.28207436836183902
30,0.035743720530121134,0.1896000980910878,0.035948197196150118,1.0745758478288709e-10
31,0.059440929266777451,0.28534352234112786,0.081420925742041739,8.1076637485333771e-23
32,0.056885124876189089,0.31344386681737757,0.09824705764542993,1.9786412095516744e-27
33,0.030299393711217436,0.18137956533841582,0.032898546722352651,6.7728524656874644e-10
