,Slope,R Value,R Squared,P-Value
0,0.019363455780426524,0.33349118637470077,0.1112163713896054,4.8624653943259798e-31
1,0.0089505835518984816,0.18254670719864691,0.033323300309068528,5.2416172932658268e-10
2,0.021978946692195737,0.36400452089222424,0.13249929122997772,4.5153526388116059e-37
3,0.0060365371522700358,0.11910235907405028,0.014185371937004008,5.5051577956720119e-05
4,0.0017716129317635375,0.030656532837832037,0.00093982300563707404,0.30083439819762448
5,0.0073026522132142412,0.15198061297107487,0.023098106719063653,2.4950826013556e-07
6,0.024189921261723549,0.43232839701885373,0.18690784286889162,3.6368795323281487e-53
7,-0.0010955859025721885,-0.022214382677013884,0.00049347879772081453,0.45346985887936064
8,0.007194255747979582,0.14754399619565697,0.021769230813384038,5.563033370270211e-07
9,0.0037222371430763509,0.072034421649208299,0.0051889579023359292,0.014944400636788403
10,0.0033231630129781009,0.060099339907259533,0.0036119306572883181,0.04238838847509574
11,0.0018079457368285431,0.032905724739758474,0.001082786720648753,0.26674281644900699
12,0.00019725941349358801,0.0039260387281106592,1.5413780094624761e-05,0.8946112826194893
13,0.0072378534361276833,0.14754954759934535,0.02177086899677148,5.5575355248419877e-07
14,-0.001349302655007717,-0.028091828975706768,0.00078915085520035841,0.34310285933589191
15,0.015016514312397122,0.23641464821041472,0.055891885888454146,5.8691634359249785e-16
16,-0.0052374771901670591,-0.09644053323573383,0.0093007764507926811,0.0011075814265141082
17,0.00077824709112741728,0.016674852656823523,0.0002780507111267745,0.57365522382838807
18,0.010228812538895149,0.18025413206363752,0.032491552126015275,8.6578554960560958e-10
19,-0.0010436129554111087,-0.018546515340189758,0.00034397323126389402,0.53141715223368313
20,0.0078644788608166656,0.1402860759748846,0.019680183112431093,1.9646354231149149e-06
21,0.0014787401642331738,0.031153766482351134,0.00097055716603686496,0.29305874101359525
22,0.0046552044626302965,0.094124891708181668,0.0088594952390769269,0.00145757845335046
23,0.015266038453410019,0.2581342762603589,0.066633304580459282,7.9679165443730564e-19
24,-0.0027790944826861738,-0.055200243799587941,0.003047066915533947,0.062325982382458373
25,0.0013362833588501095,0.023982612317081774,0.00057516569355144239,0.41832551115428407
26,0.0075463692405721349,0.15633416687604534,0.024440371732827194,1.1105232011289024e-07
27,0.01538959770167905,0.23976042164665332,0.057485059788180984,2.2127304562333732e-16
28,-0.00032709740079829802,-0.006282875115818422,3.947451972097035e-05,0.83210955116573726
29,0.0072804304112999794,0.14133712849993108,0.019976183892606029,1.6428128484009523e-06
30,-0.006233374009240825,-0.10819079027214529,0.011705247099711328,0.00025094917874998724
31,0.0050831758541184813,0.09163789094481993,0.0083975030568147098,0.0019447888155060085
32,-0.00099060762111303547,-0.018644115443209621,0.00034760304065972747,0.52925856934212312
33,0.012209279087171693,0.26059619850044163,0.067910378672881577,3.6197880191246328e-19
