,Slope,R Value,R Squared,P-Value
0,0.81876150180608231,0.24280944350682102,0.058956425856092107,8.9780875522053483e-17
1,1.5622315151474315,0.39921415682131045,0.15937194300654986,6.7967636290420642e-45
2,0.56368520331451077,0.16675852388237572,0.027808405287428874,1.4580208199026005e-08
3,0.70286131161696319,0.20874358060267612,0.043573882442825937,1.0640704439007738e-12
4,0.55973046066092957,0.16607080031350369,0.027579510716767616,1.6737260653430226e-08
5,0.093206101796356883,0.025870202339452225,0.00066926736908419937,0.38263589358155725
6,0.5622505658141933,0.16357988181752983,0.026758377735437027,2.7456294612431223e-08
7,0.70905731677330075,0.21397367752970398,0.045784734675585748,2.7811503265896807e-13
8,0.5227632446566125,0.16330091288661785,0.026667188149602752,2.9007740210289214e-08
9,0.63820208672803147,0.19431090665876696,0.037756728446552049,3.6025933482351913e-11
10,0.87906581996081523,0.25491704508272744,0.06498269987370929,2.2062688056761512e-18
11,0.23272403318553231,0.0777911926379804,0.0060514696520393759,0.0085689540413206207
12,0.38226799010447371,0.11725621559919004,0.013749020096643739,7.183563790542467e-05
13,0.23893349804193195,0.073652324284797857,0.0054246648725530238,0.012827144566336679
14,0.38495829615125149,0.1071957923754427,0.011490937902999021,0.00028626600832628213
15,0.53885297151443046,0.15557496878792221,0.024203570913362969,1.2809702264207325e-07
16,-0.12164713064768912,-0.0342555184416325,0.0011734405437050243,0.24760851091413952
17,0.53897713276970993,0.15893444604620263,0.025260158140013294,6.7744431010010503e-08
18,0.77263475448076835,0.213152604249572,0.045434032698374656,3.4412779510718574e-13
19,0.19497280764132849,0.053827248419008301,0.0028973726723616317,0.069134646985497997
20,0.64751878006849539,0.19411704066826493,0.037681425477804821,3.7703818333543402e-11
21,0.42848812409086051,0.13052818111085573,0.017037606064108354,9.726116552522792e-06
22,1.4967007637393122,0.39538968963807636,0.15633300667209435,5.3572881821709199e-44
23,0.10611049357276107,0.033269296629831982,0.0011068460982437496,0.26149170289849927
24,-0.063906501126845996,-0.019419971881048159,0.00037713530786070119,0.51225915423306012
25,0.61537111364755515,0.17186932860263635,0.029539066114320993,5.1365942816971339e-09
26,0.42073443892112833,0.12563010161813401,0.015782922432582679,2.0826497208105441e-05
27,0.40882624548912661,0.10826654707396055,0.011721645215318115,0.00024843468181487822
28,0.52960776652754626,0.18348408853678508,0.033666410746174782,4.2613005106048884e-10
29,0.14111376050237756,0.042986733937933265,0.0018478592946506636,0.1467478826274573
30,0.71709273148334407,0.22216408896002493,0.049356882423437873,3.1683615331055301e-14
31,1.0051560987104511,0.26723956542780436,0.071416985330041732,4.1283388702757153e-20
32,1.1172372607721923,0.36008044778052845,0.12965792887382588,2.9383723552993224e-36
33,0.52108304817244622,0.18249201598971959,0.03330333589999207,5.3051455994870188e-10
