,Slope,R Value,R Squared,P-Value
0,0.0094233926387630295,0.065918730671680983,0.0043452790533656154,0.025972014999718098
1,-0.031830570563690083,-0.24186977308297886,0.058500987131211685,1.1871153688858813e-16
2,-0.014423610101032882,-0.10520492184795863,0.011068075581035083,0.00037131847609339397
3,0.0079138723346520948,0.056984053224700432,0.0032471823219154916,0.054316903077095142
4,-0.006629588458201773,-0.043918778449519594,0.0019288591004979867,0.13817853732158333
5,-0.0075541330764710788,-0.059481202899946212,0.0035380134984245694,0.044561139568756215
6,-0.0048372114615696593,-0.033998476824048676,0.0011558964263553751,0.25117626174154828
7,0.031509519113509458,0.26830730247763024,0.071988808562822568,2.895543372188644e-20
8,0.004559005174521044,0.037634813054585145,0.0014163791536535724,0.20397373998306392
9,0.0025054852244870856,0.02114261082323074,0.0004470099924225936,0.47555701978928278
10,0.018011995292999173,0.12950802072621007,0.016772327432420457,1.1423525495270668e-05
11,0.0029054583535875664,0.021975330794987692,0.00048291516354913435,0.45834557326047753
12,-0.012310554111993005,-0.10363874656032314,0.010740989788594892,0.00045422916475965146
13,0.0017699072685741753,0.01464074807051104,0.00021435150406417275,0.62128518508526032
14,0.00748476721782587,0.065539100347794282,0.004295373674398249,0.02684399031294207
15,-0.0007503614117013919,-0.0050392126711084444,2.5393664344659904e-05,0.86498456431326676
16,0.0052314414745606155,0.036201029308650184,0.0013105145230057496,0.22175165114700196
17,-0.0038470735197984004,-0.032559595024110488,0.0010601272281340805,0.27180890432503185
18,0.0018104237853555157,0.011658083888353772,0.00013591091994789381,0.69404138315695074
19,0.0037917689317260037,0.02728508866329122,0.00074447606336366305,0.35714659714233299
20,-0.0090208050687748918,-0.070632617410214482,0.0049889666422177339,0.017021497143635721
21,-0.0054037858640443278,-0.047014516938545997,0.0022103648029648286,0.11246148976347813
22,-0.0018064535273546105,-0.013638157317728534,0.00018599933502311237,0.64537585185848223
23,-0.018169136230279086,-0.13070819226087529,0.017084631524105939,9.4527507666867886e-06
24,-0.013570878650368177,-0.10066186781370319,0.010132811631743455,0.00066127367731639523
25,0.021876453806204448,0.15388544344713276,0.023680729704920696,1.7557807551203392e-07
26,0.0076665868639511359,0.059843390426412499,0.0035812313777280392,0.043276945812597896
27,0.006345881313568333,0.039744157315819498,0.0015795980407446084,0.17973734113668688
28,-0.0047552029402568047,-0.035556958520445534,0.0012642972992246843,0.23008863795377726
29,0.011492892851802515,0.098152089016852961,0.009633832578372227,0.00090070995184736479
30,0.018610561912686566,0.12751948345569364,0.016261218660806924,1.5576856111100541e-05
31,0.0033990276694485845,0.022871394334079365,0.00052310067878495769,0.44022108289890416
32,-0.0047141193743086068,-0.040328509217884584,0.0016263886557370019,0.17341734081929053
33,-0.00057011982412903976,-0.0051274571773188169,2.6290817105238249e-05,0.86264349558724118
