,Slope,R Value,R Squared,P-Value
0,1.6517241466980486,0.54819466850728493,0.30051739457981202,1.7148335525624728e-90
1,1.928317751413235,0.57909327338977212,0.33534901928528138,3.7771725809489857e-103
2,1.6472504973489621,0.54846169086284569,0.30081022634413168,1.3503531619106538e-90
3,1.2695997847377631,0.47615662318095303,0.2267251297990881,1.2609521759025297e-65
4,1.3389446977693982,0.55919743625657903,0.31270177271593075,7.5751288417349677e-95
5,1.4926582136457538,0.53918606916550271,0.29072161718214629,4.7978279458077754e-87
6,1.5850829679611242,0.58483910085543112,0.34203677388938913,1.1793445309524359e-105
7,1.5472582591398631,0.58013259572989473,0.33655382862830546,1.3416838608381084e-103
8,1.5072692462642283,0.55725892839368341,0.31053751327447637,4.5550707193350284e-94
9,1.750678800037833,0.59594159465952701,0.35514638424534001,1.2184553466588588e-110
10,1.2250575800080918,0.52316626525467425,0.27370294110052418,3.6184661104006205e-81
11,0.88455295180825466,0.36271224659415818,0.13156017382938143,8.3911331403490854e-37
12,1.734642895220184,0.62650678201306631,0.39251074790836776,2.0012526310547931e-125
13,1.7032029314649122,0.59623573475064418,0.35549705139364052,8.9343502149617881e-111
14,1.7098796358586879,0.65574578787167104,0.43000253831143859,3.3571687345372288e-141
15,1.2039053912854394,0.46144332909851626,0.21292994596952158,3.0739284666503221e-61
16,1.3881066684560486,0.52126161870321464,0.27171367513309552,1.7242102745897563e-80
17,1.8132157158856752,0.6224358579934085,0.3874263973159906,2.320213047618942e-123
18,1.8515316406844402,0.63453974451925765,0.40264068737456477,1.3701160094819839e-129
19,1.8205714944570948,0.60596180912848352,0.3671897141222647,2.6047093516915321e-115
20,1.5500271511911559,0.56507144786275754,0.31930574118971311,3.0682147694319033e-97
21,1.3248242202219318,0.47227223470134727,0.22304106366980445,1.9044658573098093e-64
22,1.4474882727591158,0.61119384950363098,0.37355792167106711,8.1367853458793726e-118
23,1.8658503771712109,0.58952253446635972,0.34753681864364028,9.8178891523898244e-108
24,1.5762678653824913,0.48580812247514543,0.23600953186282592,1.2719689255486488e-68
25,1.2894477734207799,0.48132945305746927,0.23167804238060252,3.2119232822195793e-67
26,1.2191760149067363,0.46421393657562143,0.21549457891103507,4.7630248695298688e-62
27,1.2838913561345358,0.45975178149405177,0.21137170058695431,9.5160841819086918e-61
28,1.0055241222867985,0.36252566223657967,0.13142485578007065,9.1743775790872772e-37
29,1.3996386770903804,0.60118558467225758,0.36142410721772417,4.5965722959041367e-113
30,1.3327507914072967,0.49298982035953159,0.24303896297812322,6.4854524562996228e-71
31,1.585724837568727,0.62172470344585506,0.38654160687483641,5.2845066505399818e-123
32,1.3880275512367715,0.55236843405178793,0.30511088693682437,3.9936774530442096e-92
33,0.90087382853903664,0.44229205731394733,0.19562226396300406,7.6880480529443428e-56
