,Slope,R Value,R Squared,P-Value
0,0.039050206556144593,0.0064016187137500916,4.0980722156235375e-05,0.82898501797621971
1,-0.27302586216692537,-0.055428032861248359,0.0030722668268676279,0.061251828428753485
2,-0.23721602509350095,-0.046682359774844591,0.0021792427141480281,0.11502583052567432
3,0.070676843065100942,0.013396069761692395,0.00017945468506012934,0.65125024438297674
4,-0.18137751282389522,-0.037511058461626744,0.0014070795069115794,0.20546609412097039
5,0.10726741024786846,0.020566307399312901,0.00042297300004303257,0.48767286295718426
6,0.059914792383383986,0.011492107464202874,0.0001320685339687874,0.69818205129179278
7,0.30106879179595736,0.063739170657990035,0.0040626818761683777,0.031330057450939405
8,0.28675987210750375,0.06734115461410832,0.0045348311047612427,0.022918807542903881
9,-0.16857955926824442,-0.03334990605123269,0.0011122162336260467,0.26033718281879942
10,-0.25029564388996678,-0.063374765951729625,0.0040163609594365086,0.032312586743910972
11,-0.15986639774311806,-0.035758173889435155,0.0012786469999070821,0.22746049509292787
12,0.037677418166192987,0.0077962630419465273,6.078171741922132e-05,0.79250208997484328
13,0.10981072714120946,0.022959240145129817,0.00052712670804174063,0.43846661539018539
14,-0.015722790311663369,-0.0029597642576645608,8.760204460948649e-06,0.9204494395766476
15,-0.20132803155355619,-0.04092255257285124,0.0016746553090777735,0.16716405463416095
16,0.0069067687876357741,0.0014517386109642689,2.107544994564465e-06,0.9609319615293932
17,0.080377187464265934,0.016089187554205197,0.00025886195615439138,0.58719097654502583
18,0.068137522466846429,0.01368446737265201,0.00018726464727317741,0.64425461097739456
19,0.011281509377485498,0.0021221413163117321,4.5034837663972914e-06,0.94291652603668952
20,-0.19385573466670852,-0.039306876711007653,0.0015450305567743558,0.18457739580803775
21,0.065240043077325449,0.014709421265935873,0.0002163670739787665,0.61964943515127424
22,-0.13012360026980369,-0.026659609652057745,0.00071073478680009055,0.36828014426034572
23,-0.19640560024901146,-0.035496064135396063,0.0012599705691041508,0.23088823458158472
24,-0.060579382363709564,-0.012523823260376378,0.00015684614905714443,0.67259351190244498
25,0.2728989728964818,0.053200316402478479,0.0028302736653238207,0.072440531216673057
26,-0.14897536075874476,-0.0085204225416027086,7.2597600287451565e-05,0.77373066503242871
27,-0.23865646017563094,-0.038877576191615221,0.0015114659305348467,0.18942218164929017
28,0.2256400589638001,0.051367541182480797,0.0026386242871338605,0.082852181942065131
29,-0.17289917130728566,-0.039381883993497756,0.0015509327868773147,0.1837404001079323
30,0.11986655524798182,0.022663958265818761,0.00051365500427477456,0.44437994338375386
31,-0.19376879243318318,-0.035373501481388729,0.0012512846070538105,0.23250356390876525
32,-0.081623790453896033,-0.017604243244254188,0.00030990938020286922,0.55248365391978971
33,-0.060121735055169073,-0.01389463875530153,0.00019306098614032727,0.63917620737163949
