,Slope,R Value,R Squared,P-Value
0,-0.23287352244005916,-0.16845117668683188,0.028375798927178252,1.0356837504097e-08
1,-0.37226380464159292,-0.18320047507156581,0.033562414066447409,4.5373151437422341e-10
2,-0.26685106363936634,-0.17126339143428537,0.029331149245573254,5.8225405657425997e-09
3,-0.48789863227222652,-0.32272212065789441,0.10414956716192855,4.5673184072272397e-29
4,-0.37127813499890666,-0.24354367750881303,0.059313522854516722,7.211685472427343e-17
5,-0.46397753434672845,-0.30928056435221668,0.095654467486025643,1.0283538928824041e-26
6,-0.32971653155948577,-0.20559922183542925,0.042271040019334051,2.3442297392954002e-12
7,-0.29746149533911909,-0.21026300409966489,0.044210530893015694,7.2317682442878699e-13
8,-0.25795493812852366,-0.17432333282782403,0.03038862436820031,3.0776798038745376e-09
9,-0.3173781165458528,-0.21601373012625208,0.046661931603057268,1.6322060063078341e-13
10,-0.39895568302435097,-0.27385627944999369,0.07499726179419304,4.466166313794482e-21
11,-0.14855647542378564,-0.1014399759462255,0.010290068719970808,0.00060001177970123599
12,-0.39484173682325263,-0.26749170575989661,0.071551812650339108,3.7971787887015676e-20
13,-0.011770504009430575,-0.0075357768050659931,5.6787932055770628e-05,0.79928443810854843
14,-0.45513522014007085,-0.32098719260312664,0.10303277781523672,9.3347069845342591e-29
15,-0.32058470780983855,-0.22656152237916372,0.051330123422764301,9.5209752936183089e-15
16,-0.1494490344070438,-0.10188676617601572,0.0103809131218061,0.00056726312082020392
17,-0.53165819191850983,-0.34938551789016675,0.12207024011138003,4.2454312262336612e-34
18,-0.43643641720642778,-0.26683732348598699,0.071202157205165262,4.7165858648965413e-20
19,-0.54979751031655177,-0.30378505896080482,0.092285362047819661,8.6995843697883636e-26
20,-0.52052970087550077,-0.31908425883367997,0.10181476423543888,2.0336161055021605e-28
21,-0.066504549892649201,-0.044223257376330136,0.0019556964929731378,0.13546419788012382
22,-0.45941960307026936,-0.2955110492233578,0.087326780213089802,1.9892334253814902e-24
23,-0.17300136416229886,-0.12401219836136149,0.015379025342417668,2.6620518992483717e-05
24,-0.39493266434941915,-0.23472787448038401,0.055097175058078915,9.5433179893859016e-16
25,-0.42694246647621092,-0.27412333786317633,0.075143604361249117,4.0774463251218627e-21
26,-0.06849090503741663,-0.046137921444275296,0.0021287077951981184,0.11932812518262213
27,-0.54796274863343231,-0.31510388696160191,0.099290459578309995,1.0180396254493788e-27
28,-0.082656825728379263,-0.054934465554586108,0.0030177955057680075,0.063598899432439168
29,-0.24350159698614707,-0.18553842687080982,0.034424507845694841,2.6966225340836785e-10
30,-0.20246889628953257,-0.14861131247154424,0.022085322194514961,4.5968611543697567e-07
31,-0.22148785400902427,-0.15673532091666262,0.024565960822849217,1.0295343836096503e-07
32,-0.2434421079845577,-0.18606809585708636,0.034621336295881877,2.3945062408550663e-10
33,-0.10194993698181685,-0.09166692118842458,0.0084028244401648435,0.0019383288938765418
