,Slope,R Value,R Squared,P-Value
0,0.049907156680804497,0.30273080985342299,0.09164594323450935,1.3036043699887942e-25
1,0.074148222029898042,0.39356738289831955,0.15489528488143248,1.419237785633618e-43
2,0.018635693896702683,0.10947306940521179,0.011984352924998318,0.00021143736668798017
3,0.04802967156896553,0.27500642349190074,0.07562853296180666,3.0151278374167524e-21
4,0.029932367387243183,0.1709829467268853,0.029235168071408895,6.1693869221711112e-09
5,0.018851586556051687,0.11172076563635309,0.012481529474372935,0.00015589329746964537
6,0.034974073835707893,0.20692820806814674,0.042819283294294228,1.6814521645104244e-12
7,0.046193729217701568,0.27272911641466735,0.074381170940325175,6.5518510616304129e-21
8,0.017800517669039985,0.11279182926957081,0.012721996749976009,0.00013455226805091918
9,0.023541642623706446,0.14240814762683182,0.020280080510505526,1.3672286646963003e-06
10,0.035728388580160142,0.21540664128015152,0.046400021107595876,1.9137917003697221e-13
11,0.011139006398479308,0.075664489372085197,0.0057251149519383935,0.010566672558179099
12,0.0092805012198504191,0.055365828585185968,0.0030653749749241957,0.061543625836087995
13,0.021794191149623752,0.13335771975044564,0.017784281417038399,6.1864644394448289e-06
14,0.010825573081213713,0.061574951612041885,0.0037914746660252996,0.037560854552745264
15,0.025795648811701766,0.16075300650502738,0.025841529100405377,4.77160489195836e-08
16,-0.0089729648130324382,-0.052430720352075952,0.0027489804366375914,0.076674242979198268
17,0.018199499567038899,0.10838318010802109,0.011746913730327739,0.00024460952803990446
18,0.030444102932746304,0.17310426410691854,0.029965086251997806,3.9730900766495202e-09
19,0.022735864713820435,0.13119861524784474,0.017213076642951998,8.744687399185363e-06
20,0.033113375245371002,0.1860296806588338,0.034607042086027683,2.4152591550703514e-10
21,0.021701261892349392,0.13437737531744967,0.018057278997206733,5.2438105348797403e-06
22,0.058649542251288121,0.32924769771204432,0.10840404644868171,2.9765319097247809e-30
23,0.0085590119539369139,0.05440392579255935,0.0029597871416423044,0.066204027701015425
24,0.0037468521139453911,0.022935799897549618,0.00052605091694043701,0.4389343738934306
25,0.033088556930015542,0.19886273333916379,0.039546386711123364,1.2205010838275863e-11
26,0.034201969591720151,0.21706831058367024,0.047118651459648726,1.2365581177187056e-13
27,0.026459299349993574,0.13871042449406476,0.019240581863323641,2.5627423678466417e-06
28,0.021116431157894838,0.1506366937433043,0.022691413501914053,3.1888593768736014e-07
29,0.005782340515832751,0.036233401316073437,0.0013128593709316322,0.22133840108910477
30,0.029097542736396021,0.18577773150631391,0.034513365523632059,2.5557834967925989e-10
31,0.054037354400180329,0.30602536072523645,0.093651521407011093,3.6630160275234777e-26
32,0.041850143710007857,0.26704418399982643,0.071312596208133155,4.4044162352617202e-20
33,0.02593467335805642,0.19062205182136327,0.036336766640586507,8.4975847529545131e-11
