,Slope,R Value,R Squared,P-Value
0,0.011279492148543669,0.19594632396125117,0.038394961873927595,2.4491973406560159e-11
1,0.016676954678477251,0.26294001415347784,0.069137451043031123,1.6946087299873312e-19
2,0.020124537031240536,0.28115266300889868,0.079046819916995345,3.5776640721202632e-22
3,0.0091914817386459166,0.14871412758190741,0.022115891742447834,4.5128360472714237e-07
4,-0.00071995207433674492,-0.011152783145615243,0.00012438457189311943,0.70667514592227776
5,-0.0018242481270911198,-0.034175547124592774,0.0011679680212652614,0.24871469976040642
6,0.016932531279394633,0.23134228830812875,0.053519254359641368,2.5032233463906772e-15
7,-0.0039083324056259335,-0.081376345326311633,0.0066221095786671213,0.005953418721642535
8,0.0084231548560250915,0.14102324753310974,0.019887556344784743,1.7332009369192639e-06
9,0.0012640814176352968,0.020545205593730104,0.00042210547288863877,0.48811962963289846
10,0.0067734534732939505,0.12102045852273922,0.014645951381054045,4.1582836661748003e-05
11,-0.0032256823761382808,-0.048667894980131743,0.0023685640017971324,0.10036025572399036
12,-0.0038192913519472056,-0.063687743107263092,0.0040561286220967378,0.031467148914082928
13,-0.00064154371400013946,-0.012303822522772958,0.00015138404867189511,0.67801950835526714
14,0.0080982074161138722,0.14136294089847473,0.019983481059465659,1.6355844813110978e-06
15,0.0077832464146417183,0.1139323646511472,0.012980583715001976,0.00011486578707687222
16,-0.0081305974757070534,-0.12193127514663731,0.014867235858884973,3.6342399961764221e-05
17,0.0033146513069458421,0.059961432942510766,0.0035953734405192151,0.042865213933139343
18,0.0029654863303507466,0.048542805209118196,0.0023564039375703928,0.10123796563023313
19,-0.0010812663649220184,-0.015077861908715259,0.00022734191973828655,0.61090565427392052
20,-0.00025415981531038946,-0.0041978365844596126,1.7621831989827546e-05,0.88736229305237235
21,2.9963319503901981e-05,0.0005320949758002777,2.8312506327189811e-07,0.98567573134365749
22,0.0051206238131402621,0.096138679917197226,0.0092426457762213015,0.0011483284592145415
23,0.020669238963613643,0.30043765361460423,0.090262783709448915,3.1240175252648466e-25
24,-1.5327308165103516e-05,-0.00026309117467441921,6.9216966191565765e-08,0.99291716404114294
25,-0.0031523818690365637,-0.045202730068282342,0.0020432868056259965,0.12701098240585118
26,0.0024547833093079316,0.043068040773680857,0.0018548561360834368,0.14598454442966133
27,0.0062663865991521963,0.083180595556753903,0.0069190114771762673,0.004930719295501435
28,0.00012728851612489367,0.0021340558107471501,4.5541942033836761e-06,0.9425965893315682
29,0.0038332367976818826,0.071286694792438002,0.005081792854430207,0.016022770908662474
30,-0.0028628018938060876,-0.048772043388979197,0.0023787122163364694,0.099634114778025251
31,0.013283755573736709,0.19773832935947991,0.039100446897878151,1.5984918570465592e-11
32,0.0076554815901744445,0.14437859694383134,0.020845179255469307,9.7184978682675363e-07
33,0.0011612001124434008,0.020703809723545411,0.00042864773706877352,0.48476707336628466
