,Slope,R Value,R Squared,P-Value
0,-0.15595456296059276,-0.053663667179157465,0.0028797891751153821,0.069985061608416832
1,-0.16191386625375276,-0.048699695972241296,0.002371660387788735,0.10013808818300442
2,-0.088670652636108516,-0.03003441108661448,0.00090206584931975078,0.3107546711900212
3,-0.26836597423865233,-0.091238258262463776,0.0083244197707680392,0.0020357458760509183
4,-0.16305542134541987,-0.05594915405797455,0.0031303078398029699,0.05885194671909974
5,0.085330517811542245,0.029234594134762766,0.00085466149422430552,0.32382169114964932
6,-0.074575032106357131,-0.024174030622003257,0.00058438375651355119,0.41461950394724967
7,-0.019030689004081957,-0.0064044455018339233,4.1016922185960775e-05,0.82891066862511542
8,0.10717762402865308,0.039672053050014873,0.0015738717932031944,0.18052887690243821
9,-0.11598947594344201,-0.042065223645944214,0.0017694830403833042,0.15561370531456026
10,-0.1162918082114854,-0.039595731981243325,0.0015678219911304553,0.1813695169961754
11,-0.072311460818525186,-0.028105319987543603,0.00078990901160221798,0.34287104406986868
12,-0.060115605087564125,-0.021490763986978093,0.0004618529367439945,0.46831832569130138
13,-0.19298739234996831,-0.069848310700150726,0.00487878650766479,0.0182906621086011
14,0.048737560743074261,0.016353397188436418,0.00026743359960276016,0.5810663479196696
15,-0.050460393381582244,-0.018031121055479778,0.0003251213265173662,0.54288935636024749
16,-0.136635551073576,-0.046796214693506179,0.0021898857096407237,0.1141417159827505
17,-0.044809623832137165,-0.015543944774396442,0.00024161421914948645,0.5999236581571008
18,0.21936977998899571,0.072605581252925225,0.0052715704290751267,0.014164219312185634
19,-0.089252944061127007,-0.028966221846305488,0.00083904200804938529,0.32828518993400735
20,-0.19322443909247852,-0.069405117528356014,0.004817070339124911,0.019043815361676375
21,0.10540324871130916,0.038547633755885574,0.0014859200681778891,0.19320881805539561
22,-0.1801784099233564,-0.05656403465606244,0.0031994900165722329,0.056121084569202062
23,-0.077205271665377329,-0.028241111939721158,0.00079756040359186089,0.3405433083771533
24,-0.141765415566904,-0.050580876226673996,0.0025584250398581147,0.087677858958498778
25,0.12297730457345527,0.042728144629735745,0.0018256943434996156,0.14919588704712472
26,-0.015674340003821837,-0.0056267440980191314,3.1660249144593132e-05,0.84942100832917777
27,-0.11841629553277233,-0.037213789254238072,0.0013848661106588449,0.20908320301553085
28,0.043669348096327047,0.017752070910789296,0.00031513602162169151,0.54915176444159908
29,-0.057651180146900308,-0.022036872132428862,0.00048562373338101978,0.45708757401914146
30,-0.27730087221518895,-0.10353517478838319,0.010719532418461058,0.00046027939745184261
31,-0.19351589945329978,-0.060071410644631215,0.0036085743768359125,0.042484592861564668
32,-0.21624267756157547,-0.079120342011137018,0.0062600285199592934,0.0074987142965532395
33,-0.042391817901316742,-0.018192194990147504,0.00033095595855954794,0.53929080021398135
