,Slope,R Value,R Squared,P-Value
0,0.64956639323726129,0.10825993149580407,0.011720212767476189,0.00024865332002441224
1,1.0890694271567245,0.17194775381521074,0.02956603004209632,5.0537690333275628e-09
2,1.0565462702696593,0.17810847155802007,0.031722627640734045,1.3767208073806121e-09
3,0.73038425511454119,0.11395390742638799,0.012985493017741804,0.0001145214747313738
4,0.44605641450121536,0.08284074723642347,0.0068625894026890025,0.0051102805665122356
5,-0.21905757303978213,-0.037040126898103855,0.0013719710006276367,0.21121749157324762
6,1.180116238443911,0.17588470243306073,0.03093542854996632,2.2132335626125093e-09
7,0.28498703142239085,0.062704880902212726,0.0039319020889606818,0.034187640379645341
8,0.13553445657397209,0.026124937563881977,0.00068251236271673157,0.37796641812704657
9,0.12815219084973439,0.020989024564701163,0.00044053915217762883,0.47876971486651898
10,1.1392211075940675,0.28316809049526792,0.080184167474736237,1.7576334095318116e-22
11,-0.046117493521806767,-0.0086167490690695209,7.4248364519310459e-05,0.77124338682039995
12,-1.0571778330608523,-0.1831055220769994,0.033527632215090516,4.6335601214799961e-10
13,0.12851300396021298,0.025240664498125592,0.00063709114430693771,0.39432632408924317
14,0.2559896790570928,0.040453092071802942,0.0016364526581697659,0.17209164074475586
15,0.10952821601642271,0.020295359991904325,0.0004119016372009907,0.49342607053868737
16,0.026113521000641678,0.0045337627887416469,2.0555005024578436e-05,0.87841601752351606
17,0.35894948950115513,0.060923095980430129,0.0037116236238407016,0.039632556467603768
18,0.42094150302155725,0.07806061584502387,0.0060934597461043917,0.008341593743230508
19,-0.21295976329703498,-0.031685642866613364,0.0010039799638705664,0.28489175102910858
20,0.41613419331044954,0.074820647956805861,0.0055981293606762773,0.01146759189451972
21,-0.66807515754398683,-0.1282089463227537,0.016437533917190741,1.3996116047260781e-05
22,0.54826013417049724,0.10367252363350159,0.010747992156538945,0.0004522721306425714
23,0.19193891710405347,0.029875775800896374,0.00089256197970542534,0.31331835768965033
24,-0.96915182742869688,-0.1754338957969909,0.030777051794509461,2.4350303532974775e-09
25,-0.16256587765639702,-0.0246099420431935,0.0006056492473693431,0.40625261217267128
26,0.65843934382397595,0.031986170254459621,0.0010231150875472774,0.28034576215256074
27,0.36346435657594517,0.049437353313236211,0.0024440519026177475,0.095093722824603474
28,-0.024813862821405196,-0.0049550860794049887,2.4552878054313101e-05,0.86721749016349614
29,0.19323673030402669,0.041585966165207898,0.0017293925818938161,0.16038225383248475
30,0.17545218105963234,0.032521416238985648,0.0010576425141893594,0.27237170603962779
31,1.0729531237104808,0.16341878619784786,0.026705699682377911,2.834211036056194e-08
32,0.3428012250145584,0.075572822383489821,0.0057112514830064999,0.010661398777815049
33,0.27876455184760895,0.053925011595488653,0.0029079068755735859,0.068630462480715304
