,Slope,R Value,R Squared,P-Value
001,-0.12407009362067339,-0.27041062811397687,0.073121907796995497,1.4329856599860731e-20
002,-0.11314231434765216,-0.18540904668000499,0.034376514590788269,2.77589081932155e-10
009,-0.17410180770022629,-0.3355924882509867,0.11262231817048865,1.961612941193421e-31
010,-0.15240360499585537,-0.26878893380437069,0.07224749093569037,2.4661317967178583e-20
011,-0.20245701331687252,-0.31798583888481896,0.10111499373128205,3.1795117466112922e-28
012,-0.16439356199486224,-0.30336270930732728,0.092028933398281956,1.0231811976614961e-25
013,-0.1864429523067668,-0.31509558201124571,0.099285225803005667,1.0214405645327119e-27
014,-0.11330373730678997,-0.21360523167710216,0.045627194999828487,3.0603926141773515e-13
015,-0.093124527235561416,-0.17021959695908515,0.028974711188913389,7.2182593278758539e-09
016,-0.12515329883719642,-0.25023580633499121,0.062617958772123228,9.4674085149490843e-18
017,-0.11328323255538185,-0.18208763310158893,0.033155906128538866,5.7987264881534977e-10
018,-0.099251777755400922,-0.16527891825423513,0.027317120819290139,1.9605285566446088e-08
019,-0.17366727546021199,-0.32575385403901108,0.10611557342126933,1.2950449089302578e-29
020,-0.092160639658222507,-0.16854925695311576,0.028408852019447442,1.0152525996881254e-08
021,-0.21242519870241849,-0.39064594785116663,0.1526042565725364,6.6810766121637674e-43
022,-0.10672051792690559,-0.19677288975853838,0.038719570143925901,2.012637538951623e-11
023,-0.08917202578810382,-0.16189013678326758,0.026208416387705085,3.8248531162355914e-08
024,-0.13337883717000296,-0.25533725595866191,0.065197114280499235,1.9330268209393701e-18
025,-0.19290369037548888,-0.34414260250318124,0.11843413085766261,4.5357185036547048e-33
026,-0.11944724644163518,-0.19829066484092403,0.039319187763055666,1.4003575367027278e-11
027,-0.18711180605854402,-0.31462773056655263,0.098990608841459243,1.2323503817706721e-27
028,-0.15589844071836306,-0.29080842673620133,0.084569541060784584,1.126135626410983e-23
029,-0.13482215656908136,-0.20538160807231964,0.042181604934371911,2.4747875727010167e-12
030,-0.13446989191342604,-0.3050818269492358,0.093074921134683464,5.2777937062257032e-26
031,-0.11452120629978145,-0.22084764633101006,0.0487736828899469,4.5187283356116335e-14
032,-0.20541623384787422,-0.35332367444131552,0.12483761892071271,6.9544482348643539e-35
033,-0.10064670213487655,-0.17806267965376993,0.031706317885481089,1.3903306475818768e-09
034,-0.29792340707380038,-0.47842317086174574,0.22888873041740715,2.5448243079099389e-66
035,-0.14555789392957144,-0.26832162965596651,0.07199649694123364,2.8817634457105666e-20
101,-0.14484987414649522,-0.25695528525727446,0.066026018621647295,1.1591891775151567e-18
102,-0.10160701247659143,-0.20161750392454603,0.040649617888764332,6.2594974603922791e-12
103,-0.1122440587508715,-0.20258627984220973,0.041041200780306111,4.9381488306331206e-12
104,-0.058741065627445341,-0.11282030476435,0.012728421167120814,0.00013402429906869811
105,-0.055999715640495461,-0.10255724243111403,0.010517987975074295,0.0005212252983108445
