,Slope,R Value,R Squared,P-Value
0,-3.6447730797617783,-0.15074556668633463,0.022724225875584158,3.1263538257208187e-07
1,-5.0823797439309999,-0.14258200774290483,0.020329628931997773,1.3269076696526911e-06
2,-3.18822236291774,-0.11980986299928204,0.01435440327190673,4.9663120153918135e-05
3,-8.2353673689127724,-0.32466970965575459,0.10541042036795198,2.0358359867084337e-29
4,-3.6575395687854657,-0.14456592369248256,0.02089930629306069,9.4059595239370851e-07
5,-8.6937405164226185,-0.32822428790184655,0.10773118316867425,4.588014444341197e-30
6,-4.7091850177114125,-0.16352813049758161,0.026741449464034079,2.7737893070621017e-08
7,-4.9070368901666503,-0.20009981131682841,0.040039934489030329,9.053662193111658e-12
8,-3.9276788522907808,-0.15590006383992569,0.024304829905292907,1.2050962616591706e-07
9,-4.8294893254204831,-0.19426261931188341,0.037737965261913732,3.6436899015772491e-11
10,-6.7360286020753142,-0.25947659449343008,0.067328103089907942,5.1875976012263347e-19
11,-1.1192732172521798,-0.044067064887264085,0.0019419062077783431,0.13685142432196484
12,-5.5478437539591221,-0.22500779604862151,0.050628508282658052,1.4602507500524269e-14
13,0.45365883218235664,0.01715406933001087,0.0002942620945788196,0.56269073454015095
14,-7.8752990157885234,-0.32804321418423626,0.10761235037232471,4.9521990970055653e-30
15,-4.8857007809529502,-0.19411578836919222,0.037680939294193021,3.7714901243501387e-11
16,-2.2137593038918388,-0.089717439432346516,0.0080492189382967653,0.0024186707903842671
17,-7.9703110878112442,-0.30640286784700294,0.093882717424867951,3.1638405538101152e-26
18,-5.5464683024182504,-0.19621422236685582,0.038500021059029943,2.2984315005027466e-11
19,-9.327450021342397,-0.29218086329470494,0.085369656875639063,6.8126594362460069e-24
20,-7.0204077731324475,-0.26350994289503815,0.069437490004546271,1.407402253476197e-19
21,-0.34271259060152376,-0.013591366098577863,0.00018472523242557166,0.64650956070460985
22,-8.8155968147336381,-0.31518472645593276,0.099341411791101161,9.8551566513910297e-28
23,-2.2174387948631638,-0.091646106042090919,0.0083990087526781745,0.0019429587605909551
24,-5.2330543020696725,-0.18368447843969679,0.033739987619663438,4.0762198908081685e-10
25,-6.7850035763593644,-0.24478296541262726,0.059918700156199475,4.9742233825795882e-17
26,-0.38570656638329354,-0.014739353226377814,0.00021724853353193409,0.61893706300331108
27,-8.8673324664687598,-0.2995505786161321,0.089730549149259542,4.3714976544174254e-25
28,-1.2120601383728538,-0.046131911320008462,0.002128153242037125,0.11937631198996081
29,-3.1539989440081775,-0.14459052189042523,0.02090641902054554,9.3656445294034842e-07
30,-4.7950154347231813,-0.20556222104475153,0.042255826720851285,2.3659422219067516e-12
31,-3.6888244138179065,-0.14457385546571624,0.020901599684221811,9.3929416235825867e-07
32,-4.5891946259912988,-0.20516617308219662,0.042093158577193861,2.6110442714086704e-12
33,-1.2769654712461238,-0.067171855183324802,0.0045120581287695595,0.02326507406325214
