,Slope,R Value,R Squared,P-Value
0,-5.2972381300570754,-0.15786127059105357,0.024920180752621833,8.3155234058567188e-08
1,-4.3756992205407288,-0.11850721380709477,0.014043959724320472,6.0008092545793578e-05
2,-9.0643644054260921,-0.25735785931533606,0.066233067751372304,1.0201300882427158e-18
3,-9.6609502105061402,-0.316329101971773,0.10006410075426836,6.2169621266565146e-28
4,5.8889764183891522,0.17667552085952043,0.03121423967098284,1.8707084816981256e-09
5,-10.595412564044707,-0.34014178801218664,0.11569643595212732,2.6825264211308053e-32
6,-9.6996964741925122,-0.26561272728655394,0.070550120896601273,7.0656036723664072e-20
7,1.6039778008016632,0.058994795037782946,0.0034803858415500192,0.046336162233739958
8,-1.2839802190101905,-0.0430122149824433,0.0018500506376959199,0.14650832997322294
9,-0.73699059359001839,-0.024069523116599163,0.00057934194306050147,0.41664044207523099
10,7.8764850139763896,0.27253030804944289,0.074272768805524234,7.0087021613826847e-21
11,-3.2793898684675455,-0.091842123286203919,0.0084349756097182801,0.0018997581576900482
12,-3.3602283296414601,-0.11209299473243989,0.012564839468086796,0.00014813955541539736
13,-7.2236484868273489,-0.22326997723197484,0.049849482733166563,2.347225158247481e-14
14,-3.0394444023361156,-0.11101114846131642,0.012323475082700435,0.00017174297202476285
15,1.1589094504943682,0.03100890026412962,0.00096155189559073801,0.29531009807824771
16,-2.0291030146230526,-0.06752372997654181,0.0045594541099449309,0.022550406983860325
17,3.2128311652306736,0.10621511139924654,0.011281649889554352,0.00032558239057889311
18,3.5518943188303966,0.10642440163428843,0.011326153263216334,0.00031679049364684666
19,-5.4901541904618743,-0.13446951674060567,0.018082050932452028,5.1657501897302434e-06
20,1.3656617554490962,0.038725327477596348,0.0014996509882470787,0.19116264515140838
21,-2.1519925015448464,-0.075168354980005209,0.0056502815904000735,0.011088429385370427
22,-9.5974123035703744,-0.31626235318231893,0.10002187604041785,6.3866443728605673e-28
23,-3.9673438700715109,-0.10998435520439255,0.012096558389725991,0.000197374636717469
24,3.0292145167204487,0.091276383188166443,0.0083313781279129931,0.0020269033137471633
25,-3.5619350703935511,-0.10073112794936487,0.010146760137951316,0.00065559384234043774
26,2.8136884106220728,0.015012788854070614,0.00022538382917690686,0.6124459832389364
27,-3.596025040428902,-0.087102710638780736,0.007586882200623167,0.0032338438274870729
28,-0.051417421680085555,-0.0013804861606710971,1.9057420398044261e-06,0.96284803068297753
29,-3.1521407071395759,-0.11114532256673874,0.012353282728464405,0.00016863461682212614
30,-3.8546040833440256,-0.11110835458906573,0.012345066459489564,0.00016948572211298896
31,-3.2192041928295034,-0.10969240139620227,0.012032422924065559,0.00020529336548682161
32,0.12281774974881669,0.0042566496815139906,1.8119066511133156e-05,0.88579493361189487
33,-1.8364830484246155,-0.06815758613086656,0.0046454565471864932,0.02131102612669351
