,Slope,R Value,R Squared,P-Value
0,0.029316166707505673,0.07706524540549034,0.0059390520494084498,0.0092093444338702812
1,0.040980601850725766,0.1020211235556409,0.010408309651555347,0.00055774503531981555
2,0.00062842136231361064,0.0014410206233465281,2.0765404369100167e-06,0.96122016774130126
3,-0.052819427604980027,-0.15183239305719903,0.02305307558147578,2.5637867051509293e-07
4,0.1036282647472031,0.26230053485743315,0.068801570586495511,2.0860708846383835e-19
5,-0.03456354650038225,-0.10398860874097376,0.010813630747883326,0.00043433533017497259
6,0.0081710681867368535,0.019693463400545508,0.00038783250070862545,0.50633532891764443
7,0.057000945990134715,0.17408170290291605,0.030304439285579132,3.2379362103465287e-09
8,0.065130233128827972,0.18635219566018582,0.034727140827372181,2.2463359502203564e-10
9,0.060493482737422055,0.17061088539372352,0.029108074214830259,6.6606535336141167e-09
10,0.13973401010708292,0.36658408517202534,0.13438389150141072,1.2994704740138008e-37
11,-0.0061794642135795542,-0.014970763067510887,0.000224123746823548,0.61344167609575961
12,0.037692988383987325,0.10833263248902765,0.011735959262002729,0.00024626048761136946
13,-0.011378969852034774,-0.032744160331622189,0.0010721800358229803,0.26909940532611198
14,0.065233092259974076,0.20952194934512017,0.043899447257379098,8.7339015220151319e-13
15,0.062788762770652748,0.14448131519238591,0.020874850439721565,9.545905743422418e-07
16,0.031873126945234677,0.087467539725957638,0.0076505705057119773,0.0031067901446120072
17,0.10388634350203513,0.312994666395086,0.097965661191771178,2.3667256156015638e-27
18,0.098478433058855092,0.23970563627492111,0.057458792061964775,2.2486294725898789e-16
19,0.009963752028987076,0.022784962415767974,0.0005191545122879592,0.44195123019958482
20,0.069985619537964505,0.18196740869484446,0.033112137827116556,5.9539084367648537e-10
21,0.023762342665696788,0.069314202619034343,0.0048044586847125472,0.019201618731575276
22,-0.017767607327224981,-0.052187981236622091,0.0027235853855540194,0.078050654090558849
23,0.041785603681869031,0.10336823789484277,0.010684992605484809,0.00047018944447042052
24,0.060270401047849469,0.15850236339088308,0.025122999200495554,7.3584301751533727e-08
25,0.023017262100981324,0.058851015401739565,0.0034634420138157877,0.046872096968673747
26,0.066319834669998898,0.19246552149454368,0.037042976964166655,5.5459451411511797e-11
27,0.037612759206924848,0.079892989964481048,0.0063828898454646697,0.0069331230957424394
28,0.055673633726076539,0.13768427033200389,0.018956958296856327,3.0422797922179531e-06
29,0.031850582110815567,0.093575395106721998,0.0087563545693791316,0.0015543769533848228
30,0.0014445686724951763,0.0037585911163361616,1.4127007179801113e-05,0.89908161625354377
31,0.026385535103790214,0.073896130076755842,0.005460638040320819,0.012532214239452012
32,0.078625142877971677,0.22791217625999982,0.051943960087569227,6.5477832761939633e-15
33,0.036456408579485532,0.11772965756278131,0.01386027226984975,6.712157594039715e-05
