,Slope,R Value,R Squared,P-Value
0,-0.0034895728669261847,-0.0071669422641124237,5.1365061417120915e-05,0.80891368453875256
1,-0.0070664151574724929,-0.013362238781001628,0.00017854942524050388,0.65207290805128548
2,-0.073901725847568156,-0.13371753361278596,0.017880378795486544,5.836697375235414e-06
3,-0.098227106098111236,-0.22388744905628891,0.050125589844932358,1.9838610177936203e-14
4,0.14615486160539159,0.29042447672934962,0.084346376683516536,1.2955083636708148e-23
5,-0.094084399670169766,-0.22023932714350464,0.048505361220623655,5.3202421389431204e-14
6,-0.079112189268175592,-0.14901499767896029,0.022205469533260538,4.2753652759006939e-07
7,0.061173785734248282,0.14850353721079149,0.022053300564116932,4.6865571546028716e-07
8,0.0595522355035316,0.13025680012945634,0.016966833979965137,1.0152535648145819e-05
9,0.052944962376946611,0.11528345461926635,0.013290274908952444,9.505675438893975e-05
10,0.20513516359821241,0.4223870128238007,0.17841078860221357,1.3867694815099801e-50
11,-0.021071906780530374,-0.038553321832611613,0.0014863586243289272,0.19314307094728159
12,0.030170131453640402,0.068188468945939232,0.004649667297191319,0.021252184793253984
13,-0.068564026992897945,-0.14624464647216975,0.021387496621769912,7.0046511493974662e-07
14,0.052321447112821523,0.13506551075722326,0.018242692196109592,4.6870393076125358e-06
15,0.065515274001351598,0.11697108349651909,0.013682234374349641,7.4823814608921373e-05
16,0.036383379399905207,0.078165533887782218,0.0061098506879620302,0.008254524001739455
17,0.12933041837031736,0.30578426061847325,0.093504014041986369,4.0218375039189897e-26
18,0.14599150027870286,0.27663593272119485,0.076527439272525449,1.7225112585272386e-21
19,-0.020977829997284172,-0.035696800273364464,0.0012742615497564733,0.22825984198043919
20,0.10663635039196247,0.20755393244036649,0.043078634871460214,1.4368054111019704e-12
21,0.02901062647541415,0.065634775278862009,0.0043079237259067158,0.026621887760436756
22,-0.064271559649794238,-0.14889861207959768,0.022170796679230512,4.3657622458118972e-07
23,0.0052467691297195434,0.010005056618398235,0.00010010115793735434,0.7356678523775394
24,0.10164781992690997,0.19603337842340809,0.038429085456095122,2.3991748144100204e-11
25,0.020744623457317909,0.039774484754293585,0.0015820096374695328,0.17940518767003749
26,0.10739776111276271,0.23615159912150047,0.055767577767641859,6.3329890930302448e-16
27,0.028057399261567223,0.047947901313691303,0.0022990012403874801,0.10549606713253061
28,0.07056277795468377,0.12627370719228045,0.015945049128081781,1.8873324236031264e-05
29,0.0030983530795767448,0.007314029892130325,5.3495033262975933e-05,0.80507008147255177
30,0.011369164517485191,0.022685683659098507,0.00051464024308068895,0.44394332660272939
31,0.021847961105269716,0.049215792954909812,0.0024221942761805501,0.096587005792064626
32,0.094372326992080466,0.21275257516646831,0.045263658239963749,3.8163408864117421e-13
33,0.001296210729732505,0.0033844413531682986,1.1454443273035664e-05,0.90908161331519055
