,Slope,R Value,R Squared,P-Value
0,-10.162344341060063,-0.25629605166758912,0.065687666100395517,1.4283238591369621e-18
1,-10.345509300866825,-0.25790790417218068,0.066516487034486732,8.5638610272073576e-19
2,-12.762913706962026,-0.35314156845889977,0.1247089673736118,7.5655276172132491e-35
3,-12.972055063240843,-0.35957596115738522,0.12929487184225741,3.7312852297286192e-36
4,-4.6536119395832385,-0.14121657146532166,0.0199421200564203,1.6769810159983688e-06
5,-14.384185714418388,-0.39060282356091897,0.15257056577376238,6.8348194952063784e-43
6,-10.512812463812157,-0.27639636318810429,0.076394949583610455,1.8707333052145213e-21
7,-7.6654440721885457,-0.247387609675595,0.06120062942100455,2.2633618825291768e-17
8,-8.4362224040993841,-0.27790062138525162,0.077228755366308965,1.1125550141475999e-21
9,-9.3333188842842567,-0.26525588550699603,0.070360684796100581,7.9455509676771174e-20
10,-4.708876375509389,-0.17186063809483237,0.029536078926362948,5.1458531405699215e-09
11,-5.8410396537669884,-0.17524275005780432,0.030710021447822075,2.5354699367535025e-09
12,-12.458895602541704,-0.3719277619238614,0.13833026008969251,9.4927953883063726e-39
13,-9.2783852884735012,-0.2734281468985435,0.074762951516371481,5.1670432405870159e-21
14,-12.521163244496439,-0.36407329906799818,0.13254936709425605,4.3685094059860945e-37
15,-6.0834333427443168,-0.17719967814090565,0.031399725933240558,1.6727240312484506e-09
16,-8.0030176875788595,-0.2542592258965074,0.064647753953491177,2.712289183430837e-18
17,-8.5097931450795379,-0.24055364968138135,0.057866058375032739,1.7520020424239919e-16
18,-8.8157962634518352,-0.24309719261293575,0.059096245056290783,8.2401083754217319e-17
19,-11.931515169223589,-0.29112459893429926,0.084753532104656595,1.0032576559778515e-23
20,-7.8815693404232858,-0.22308322798775818,0.049766126609438091,2.4694687984430121e-14
21,-9.3165069171064836,-0.29368371364809076,0.086250123662133776,3.9167432610931872e-24
22,-15.767298104902828,-0.46644511393446514,0.21757104431333615,1.0478587804249334e-62
23,-9.3543931498084056,-0.24780058480332179,0.061405129828868275,1.9960282658942737e-17
24,-8.6524954901314306,-0.23996855726177022,0.057584908474295489,2.0814172639233652e-16
25,-9.1881367368351494,-0.2480179426477076,0.061512899875201574,1.8680814834167057e-17
26,1.2597416073729848,0.010122679739679437,0.00010246864511211654,0.73267839919475242
27,-12.531227853574128,-0.27274428013135726,0.074389442344372281,6.5182382987487796e-21
28,-3.3332722570286335,-0.098185153662267613,0.009640324399683103,0.00089709109487210793
29,-9.8203422837096905,-0.33387600299538944,0.1114731853761773,4.1199009811760569e-31
30,-11.622629091558728,-0.32901999551841993,0.10825415745094107,3.2777992383480304e-30
31,-11.284108694780226,-0.32335106593907059,0.10455591184393317,3.5206137016582537e-29
32,-7.4181458609412836,-0.25135899135721124,0.063181342536114599,6.6933286270739736e-18
33,-5.582969398794968,-0.19560806037497841,0.038262513283661197,2.6534281782264366e-11
