,Slope,R Value,R Squared,P-Value
0,0.0017675700415293223,0.026569670489891777,0.00070594738994142589,0.36759652515853325
1,-0.0047147918866634287,-0.083863511584138017,0.0070330885752228518,0.0043946465728522816
2,-0.0047558691515877868,-0.070022305203466667,0.0049031232260074347,0.017455328699212611
3,0.0020520209603805514,0.035429490091355355,0.0012552487681334473,0.22952298292926929
4,-0.0016041093055781908,-0.025263831237567577,0.00063826116880029535,0.39161694645703071
5,-0.002691370874366124,-0.049719227627736604,0.0024720015958986869,0.09165378430199092
6,-0.00185802602780323,-0.028862517930439917,0.00083304494128496568,0.32769524059636224
7,0.0063671369127713696,0.10975532704981525,0.012046231815811907,0.00018962162847876686
8,0.00043796142680535728,0.0077534084888751329,6.0115343195360974e-05,0.79264486579777638
9,0.00040492359518509046,0.0069473387397729035,4.8265515565149356e-05,0.81378393188809717
10,0.0026992786069893705,0.043950811092668206,0.0019316737957034067,0.13600325565120849
11,-2.9825368919136203e-05,-0.00048663177007539018,2.3681047964670741e-07,0.98683637956646164
12,-0.0029305577101488424,-0.050310363337442897,0.0025311326591455183,0.087855979012300758
13,0.00052341976645107991,0.0092896843747925593,8.629823578326503e-05,0.7527868287559687
14,2.5672234152813137e-05,0.0004573445172830765,2.0916400748889027e-07,0.98762854822132784
15,-0.0006001568274976892,-0.0086556162079911396,7.4919691940038909e-05,0.76916451616587878
16,0.00047613838448253546,0.0075582245416945639,5.7126758222674e-05,0.7977502275854701
17,-0.0016754266979976272,-0.029730911511180201,0.00088392709928562742,0.31334502790493496
18,0.00013608786345754826,0.0021390703099150492,4.575621790760065e-06,0.94218513034064888
19,0.00059860344385975035,0.0092808293902199909,8.6133794170371172e-05,0.75301480473712201
20,-0.0022374056224453687,-0.036882801806136123,0.001360341069070718,0.2109671673742321
21,-0.001404930403661644,-0.025181127582791268,0.00063408918634081117,0.39316962032388403
22,-0.0010269487951691857,-0.017844713480523373,0.00031843379920197258,0.54513892237520167
23,-0.0039093873923048538,-0.057897652633507365,0.0033521381804702825,0.049457505327253931
24,-0.0015762212125810754,-0.027757470886832138,0.00077047719003333378,0.34656221451954461
25,0.0022408279017223968,0.036812377296016767,0.0013551511221842906,0.21184058712480891
26,0.0014161327272177713,0.025665911461908688,0.00065873901117053572,0.38412141042460346
27,-0.000955947591666354,-0.013555268919959411,0.00018374531549241759,0.64580139970415618
28,-0.0011879127216931718,-0.019891305671042019,0.00039566404129882834,0.50001439696312422
29,0.0018664048843272977,0.031781076808217811,0.0010100368430898399,0.28112894108969555
30,0.0032488009409187024,0.051013809588899013,0.0026024087687724451,0.083502901704845187
31,-0.0011414092143337466,-0.018241552560952036,0.00033275423983397581,0.5362338421022681
32,-0.00050962275861076236,-0.0082866304388321578,6.8668244029779647e-05,0.77874334190023542
33,-0.0015409322871276182,-0.02851132426512959,0.00081289561135136732,0.3336178099629975
