,Slope,R Value,R Squared,P-Value
0,0.063637302746643226,0.13714277534501237,0.018808140829332534,2.9854653314596837e-06
1,0.081441820744696414,0.1948456756293748,0.037964837311467541,2.5557703669513411e-11
2,0.062014948440213997,0.14333454923281899,0.020544793003775413,1.0348233294605732e-06
3,0.055760908425048862,0.13012142592066905,0.016931585483628164,9.4005322197394929e-06
4,0.031191833256432346,0.07784757670445458,0.0060602451987559394,0.0082083291366021431
5,0.047456392895079726,0.10886805915698623,0.011852254304609055,0.00021382101144578234
6,0.013619784276024173,0.032083799185495608,0.0010293701701752087,0.27656942636285192
7,0.081734061504270816,0.19103991777673637,0.036496250184142195,6.2610029735344153e-11
8,0.095275147411579775,0.23416961432068442,0.054835408271098091,8.1747524554880431e-16
9,0.077514165527519288,0.17010281674269018,0.028934968263797236,6.2621609895069014e-09
10,0.06030171134886151,0.15684237357769831,0.024599530149486279,8.7577949308259051e-08
11,0.033543111738272929,0.089691677571159395,0.0080445970255288175,0.0023108032607241187
12,0.10025133563163997,0.23207920729694681,0.05386075845957921,1.491522560903778e-15
13,0.059426396475513975,0.14178968935133038,0.020104316006346771,1.3536710303073942e-06
14,0.089050732588895481,0.20405278869886095,0.041637540575781999,2.7108371183358296e-12
15,0.10962782063054571,0.25452374320056376,0.064782335852826528,1.719054657366696e-18
16,0.060121114431873887,0.13896150369666566,0.019310299509638421,2.1972914908920646e-06
17,0.10547545833534977,0.23464620455437116,0.055058841311771793,7.1216074892159133e-16
18,0.050253803264343366,0.11533278649607204,0.013301651640948537,8.7317551741206384e-05
19,0.055698548424786956,0.13602854049008664,0.018503763827863142,3.5953085654452316e-06
20,0.043269364292920325,0.1009977370150671,0.010200542882164656,0.00059686074641857316
21,0.041426847931576742,0.097689394589335343,0.0095432178152308617,0.00090007086453641999
22,0.052310799697218184,0.13152591523137702,0.017299066377451374,7.5077559787647087e-06
23,0.1329143759413407,0.28023572085070569,0.078532059240714644,3.1317651409286531e-22
24,0.11112957004867872,0.26509136389989751,0.070273431214307888,5.5913034882709544e-20
25,0.078822979588489661,0.19277385736663594,0.037161760084012098,4.1719727697813717e-11
26,0.077978486383957255,0.19111289399278805,0.036524138250298641,6.1554111529834759e-11
27,0.0014577316938474271,0.0034807097993242693,1.2115340707111995e-05,0.90605869460336885
28,0.061344436133539203,0.16379089908835187,0.026827458624170665,2.2575144418183053e-08
29,0.077707649957990982,0.19431671518876842,0.037758985801752944,2.8978869870696387e-11
30,0.040602027231413686,0.094581037815780089,0.0089455727143100232,0.0013094126145557193
31,0.063899847719107269,0.14610413824730292,0.021346419212987005,6.3484912713540939e-07
32,0.079715814417355341,0.18590650333135592,0.034561227980891451,2.0368844614876008e-10
33,0.085293036603238295,0.23348692429292398,0.054516143815769615,9.9550348287409231e-16
