,Slope,R Value,R Squared,P-Value
0,1.018447318664137,0.13430579431718029,0.018038046387168737,4.7786059299430756e-06
1,0.85163710274303295,0.12753395186449576,0.01626490887817552,1.4139306009304189e-05
2,1.0745928978460986,0.16340432823105297,0.026700974484641694,2.4381078457946047e-08
3,0.21364731144140928,0.030011416150912108,0.00090068509938322813,0.30879931807490374
4,0.43835321090412094,0.067051983258811967,0.0044959684589400001,0.022851350369326749
5,0.11754759228883099,0.016590467795741484,0.00027524362168153529,0.57375731522915974
6,1.7113389118979825,0.24842835961428927,0.061716649860646636,1.1555726755100423e-17
7,0.21559333010766984,0.033061595267284485,0.0010930690816177279,0.26218739643451772
8,-0.13723037613576952,-0.022658818591823844,0.00051342205997718189,0.44229142912421759
9,0.082204315186899593,0.011848903699504197,0.00014039651888012424,0.6878734439518791
10,0.61357733035884621,0.10275144673236658,0.010557859805594367,0.0004776936706059924
11,0.46050122770285445,0.074714704184295544,0.0055822870213467898,0.011190461686147858
12,-0.29701479380653117,-0.045116950757269493,0.0020355392456338803,0.12590859529788037
13,0.27422415729248961,0.041584142561471076,0.0017292409125727502,0.158394906371746
14,-0.3770227565528752,-0.053494968822473475,0.002861711689317409,0.069522677802770008
15,0.3629235001159094,0.052893352254222363,0.0027977067126892501,0.072722677053722276
16,-0.45372020826093207,-0.068091929323119429,0.0046365108389446914,0.020816806069541255
17,-0.32399303195032092,-0.047678193767956192,0.0022732101609747768,0.10578881127323539
18,0.85079717516592701,0.12560025212508741,0.015775423333885524,1.9085722515712587e-05
19,-0.092891690090052229,-0.013501521186981875,0.00018229107436252046,0.6471103615302074
20,0.58593568261659257,0.084137503310923248,0.0070791194633956205,0.0042673749137187673
21,0.19450449461144617,0.031025059148500615,0.0009625542951679617,0.29273737606126199
22,0.78536379202558515,0.11703444674642847,0.013697061725242602,6.8436028972712664e-05
23,-0.36932057046149119,-0.050459060857539942,0.0025461168226249193,0.086920886083032542
24,-0.77842141204812387,-0.11833040772457569,0.014002085392264323,5.6719357627233786e-05
25,-0.078962872633615802,-0.011502797124734503,0.00013231434169280035,0.69653141442150157
26,0.093048215166963766,0.0015797101151041745,2.4954840477624443e-06,0.95728655050712241
27,1.4262834497525074,0.18292001817315917,0.03345973304846888,3.9849909305869868e-10
28,-0.030633641106597925,-0.0050111632305468081,2.5111756923184322e-05,0.86508804099837189
29,0.0010328480961379141,0.00016467815821763449,2.711889579395226e-08,0.99554519890709658
30,0.2626539824508034,0.037330132239904092,0.001393538773048727,0.2054799663544635
31,0.57739676487390468,0.07982949554140796,0.0063727483583956735,0.0067103130119885758
32,0.54355783413028158,0.085333499246373609,0.0072818060936308453,0.0037500148870698168
33,0.31138375089546083,0.049593033949635379,0.0024594690163296873,0.092481352530482827
