,Slope,R Value,R Squared,P-Value
0,0.69745667323307614,0.14380084087084072,0.020678681835160855,9.5371184730160594e-07
1,1.4060636174665873,0.2190390911960525,0.047978123471992602,5.5689759823306478e-14
2,0.77054716847552185,0.13802384354855049,0.019050581387914742,2.5747317440577012e-06
3,0.99313399538569158,0.16461736047582523,0.027098875370027788,1.9138646289660059e-08
4,0.61078202690201988,0.1129442387332554,0.01275640106303459,0.00012223942845173474
5,0.60311889702869648,0.11336349887419031,0.012851282876998547,0.00011528398930764175
6,0.67032675177318046,0.1091279277205749,0.011908904608587021,0.00020644899288482156
7,0.92960457632986337,0.19840194474343617,0.039363331677977502,1.0882022293468968e-11
8,0.96771926676075093,0.17764919325344555,0.031559235863600044,1.2678242022063396e-09
9,0.71759439731705499,0.12351343089385323,0.015255567611170659,2.6254110467987208e-05
10,1.3203317734576219,0.26676823102843406,0.07116528908603996,3.2001862472967544e-20
11,0.59653751176291214,0.11301003446310771,0.012771267889352794,0.00012112235877847806
12,0.26999346291059778,0.045590632164550976,0.0020785057411633898,0.12197863436166741
13,0.9172149052314108,0.18642063881252152,0.034752654575268604,1.8125991744287705e-10
14,0.51190105560605292,0.086379642654307531,0.0074614426650858653,0.0033448943872348507
15,0.44255706236611692,0.080599130440133573,0.0064962198277056663,0.0061981683437882414
16,0.92032927895582883,0.15016224433291767,0.022548699623098863,3.0521131799415895e-07
17,0.8508397871563067,0.15014065819155512,0.022542217242193387,3.064185767765753e-07
18,0.41744228244158671,0.077308125578738618,0.0059765462804980199,0.0086647570276914016
19,0.86664712358906582,0.14619795693500884,0.0213738426119707,6.2432863081497411e-07
20,0.77167771522795781,0.14131777044301386,0.01997071224298436,1.468593966642806e-06
21,0.1330533027227562,0.023399711860326362,0.00054754651514629822,0.42751045373975727
22,1.1098820817162665,0.20239010431130247,0.040961754323139893,4.0977662689316024e-12
23,0.27384630753890665,0.049547185380437397,0.0024549235791234292,0.092783503857183286
24,0.25699411930333332,0.045981045763130474,0.0021142565694710989,0.11881206869261202
25,0.72490780613186223,0.11441074200148556,0.013089817885330491,9.9503540485463459e-05
26,0.75340838092625628,0.14638128640700204,0.02142748101016876,6.0425301228823387e-07
27,0.3314342525263807,0.0561883978458107,0.0031571360524791045,0.056581037963555778
28,0.64989300371453584,0.12933275860448329,0.016726962448245546,1.0654780198098513e-05
29,0.55884011144061896,0.11184783311526381,0.012509937772579903,0.00014234263829143379
30,0.73539515760287755,0.15423397960014798,0.023788120463298864,1.4350839337553972e-07
31,1.1809284704964271,0.19594401410195839,0.038394056662388466,1.9667179209651849e-11
32,0.75613420409649501,0.15739430132838109,0.024772966090649225,7.880524290439398e-08
33,0.61850804168129381,0.11366828270471645,0.012920478493039339,0.00011046355077476613
