,Slope,R Value,R Squared,P-Value
0,0.13784125594823601,0.018049212415090814,0.00032577406880506839,0.54054081557697098
1,-0.095295760890642095,-0.014216436135307332,0.00020210705638927206,0.62979005516255326
2,-0.15001801322648864,-0.022517623243036272,0.00050704335651532734,0.44514107040868234
3,-0.093544466150695255,-0.013179955077430378,0.0001737112158430828,0.6549643924292311
4,-0.25313711800948702,-0.038803812918358306,0.0015057358970029509,0.18813680045481923
5,-0.077926246649107814,-0.011279159686274897,0.00012721944322848883,0.70214693817552631
6,-0.1969948600667803,-0.028277258442630099,0.00079960334503129517,0.33760318239065201
7,0.76553662524089228,0.11647504896502632,0.013566437031405278,7.4170158051562685e-05
8,0.1091145644534699,0.017996206716961269,0.00032386345619960188,0.54173077364499544
9,0.054333984127076254,0.0079264885929930442,6.2829221414848849e-05,0.78812507415044553
10,-0.10138578501927505,-0.017137248753650018,0.00029368529484447909,0.56119413523937633
11,0.076540214835101414,0.012389729160405753,0.00015350538866820866,0.67442631681684739
12,0.2168432261868479,0.033037299874672146,0.0010914631830090122,0.26253837784945244
13,0.3793038047513913,0.057724959570301097,0.003332170957392896,0.050141304573503472
14,0.28090412186682157,0.039991891187234806,0.001599351360731629,0.17495957308186269
15,-0.10739202153582832,-0.016025224822385067,0.00025680783060798653,0.58688294015043829
16,0.28274038507250715,0.042006994736536275,0.0017645876067953863,0.15420178292848505
17,-0.014693265512912841,-0.0021586871700882307,4.6599302983035339e-06,0.94165586563075188
18,0.21084121453274285,0.031385466428096608,0.00098504750290917932,0.28716392386381995
19,0.081680418464447305,0.011913492594281412,0.00014193130579399804,0.68626220454236131
20,-0.018640297121605656,-0.0028036865582628553,7.860658316983816e-06,0.9242694276437895
21,0.091988814760733784,0.014630993632641344,0.00021406597467839156,0.61983808453921352
22,-0.21125657506222473,-0.031868351904689,0.001015591853121095,0.27980923261197338
23,-0.07893574526534812,-0.010779644755988324,0.00011620074106530656,0.71474813466214981
24,0.22698553072993516,0.034131354665817425,0.0011649493713238169,0.24705335211887866
25,0.19576572423588642,0.029525721119824728,0.00087176820764566399,0.3166979528595058
26,0.008581617549817129,0.0001459162935977389,2.1291564737301539e-08,0.99605273221426649
27,-0.31391641049409003,-0.041174741197240364,0.0016953593126597228,0.16253624774658776
28,0.17381870005472605,0.028349493397619361,0.00080369377590166374,0.33637001179013981
29,-0.16805035341643396,-0.027273898628874145,0.00074386554641810295,0.3550315026468378
30,0.18588115390807408,0.026547125723955046,0.0007047498842034758,0.36800329189526382
31,-0.28374314300403813,-0.038926645206283979,0.0015152837070159114,0.186741473057147
32,0.079254145632493209,0.012297097446560811,0.00015121860561021242,0.67672230790299226
33,-0.2469520032817889,-0.039403429578276201,0.0015526302625301718,0.18139769683351445
