,Slope,R Value,R Squared,P-Value
0,1.4855774260352512,0.48791711964485146,0.2380631156425283,6.1006486890069575e-70
1,1.4883500160513901,0.43402302042168434,0.1883759822559618,4.0872996698392127e-54
2,1.4351928391446016,0.45841648187780482,0.21014567085722374,6.2857560754997938e-61
3,1.2120687670630266,0.41206743293450609,0.16979956928523368,1.927094848250399e-48
4,1.237144503075384,0.45291253887739258,0.20512976787236564,2.4230790053034493e-59
5,1.275341004851454,0.42788122783056914,0.18308234512979543,1.7418847710434806e-52
6,1.4647468088955609,0.46593900573011771,0.21709915706077065,3.8300636941647146e-63
7,1.3027076841838436,0.45835698424879778,0.21009112500965266,6.5412083946492879e-61
8,1.3015078243036842,0.44615608218295805,0.19905524966884641,1.9587433841404022e-57
9,1.4871707378196424,0.47357703548390795,0.22427520853772662,1.891136124775494e-65
10,1.0983649377396252,0.4151333806214374,0.17233572370618322,3.293730388576639e-49
11,0.86133130392936097,0.30642326349023274,0.093895216408004606,1.8163659946506798e-26
12,1.5193158051858608,0.50995334917488067,0.26005241833467774,2.8408567267952025e-77
13,1.3984885527466406,0.46856277525897694,0.21955107435839452,6.2730548498782494e-64
14,1.5085979639624871,0.53260439294656781,0.28366743938598199,2.1631827139961763e-85
15,1.1316665324351949,0.38383563368535195,0.14732979368663568,9.645440438824779e-42
16,1.2039603345452885,0.4141207869521733,0.1714960261858873,5.9150673558238874e-49
17,1.61650950359071,0.50504369956012118,0.25506913846537393,1.3606756677258251e-75
18,1.5428310987620708,0.48925758709492367,0.23937298652994682,2.2621576369766186e-70
19,1.4321082074744291,0.45058572877476488,0.20302749897548597,1.112167947299731e-58
20,1.3537265145706949,0.45804967827950721,0.20980950777196006,8.0345325464208411e-61
21,1.2594835184864595,0.41470561134217004,0.171980744078683,4.2190176419166951e-49
22,1.1641847908380787,0.42602797658705877,0.18149983683486348,5.3231381671887387e-52
23,1.565199455550178,0.48223730236823498,0.2325528157953925,3.8894335320846448e-68
24,1.3312701953180892,0.42104920321966288,0.17728243153191298,1.0342491535752269e-50
25,1.2534558652078969,0.4366357208627602,0.19065075273334225,8.0904489677008095e-55
26,1.2026759842792827,0.41206066418833237,0.16979399097132961,1.9345861341530963e-48
27,1.1874538889157045,0.38929531560198982,0.15155084274965286,5.482517062008675e-43
28,0.9772641780778335,0.33508763989841323,0.11228372641268866,1.2620063175148916e-31
29,1.2349944099822365,0.46639212815023617,0.21752161720050633,2.8054341079195546e-63
30,1.1308992134591993,0.39462779383531271,0.15573109566732607,3.1604228573143613e-44
31,1.4158061529824859,0.50196041610939024,0.2519642593407122,1.4964617797784704e-74
32,1.1645347974983409,0.42031914197439801,0.17666818111009416,1.5912754738797943e-50
33,0.8419219876865045,0.34854013113678806,0.12148022301284941,3.0457627871242795e-34
