,Slope,R Value,R Squared,P-Value
0,0.030048284941127986,0.069325971825231411,0.0048060903695127796,0.018608677791953732
1,0.0083939231509911998,0.018268125357322001,0.00033372440407083108,0.53564017026862976
2,-0.024053216015126493,-0.049581033634815648,0.0024582788962967204,0.092560360684639451
3,-0.050124822540788969,-0.12570462120757619,0.015801651792940213,1.8781267290814121e-05
4,0.11099128178253373,0.2558660721633238,0.065467446884287225,1.1221712776172274e-18
5,-0.035838915613587222,-0.094416684855207572,0.0089145103790475837,0.0013352265435387374
6,-0.023979005448771115,-0.050868306131245218,0.0025875845686620796,0.084388701249020856
7,0.062561228853559844,0.16362289874919989,0.026772452995090918,2.3343463844121991e-08
8,0.057498010350176126,0.14213057155542563,0.020201099370671965,1.2760853312267689e-06
9,0.054435342023346052,0.13390598461824643,0.017930812716582051,5.1022533944978796e-06
10,0.15173924894823115,0.35569597086728505,0.1265196236912205,1.0924852544753559e-35
11,0.0090043101209111506,0.019591646492650827,0.00038383261229299747,0.50649550643784846
12,0.04919219762670466,0.12207948862854108,0.014903401543806091,3.2590662279709038e-05
13,-0.019352519438793715,-0.048059313900655036,0.0023096976526016944,0.10302575431151406
14,0.052531672027415086,0.14370066212882507,0.020649880296262739,9.7060501316801697e-07
15,0.079693446697625403,0.16399440661944459,0.02689416540246373,2.1677234305178332e-08
16,0.041630866226393635,0.09933977271384356,0.0098683904428380972,0.00073441612266220287
17,0.11769448843048004,0.2937921865840652,0.086313848897846171,2.2795688370227606e-24
18,0.11800277171617021,0.25417018290099547,0.064602481875925488,1.9226384659913691e-18
19,0.017693957472635115,0.035218648576808315,0.0012403532075767223,0.23230847245248792
20,0.09375830344695428,0.21389591178144404,0.04575146107681529,2.1833477684746298e-13
21,0.047693730415587755,0.11970374246690253,0.014328985960582524,4.6387014447604105e-05
22,-0.012643840483619547,-0.03158853497544678,0.0009978355418950246,0.28405531707781845
23,0.035269444523927974,0.076365179188268295,0.0058316405924563252,0.0095172308491277106
24,0.090703223566218474,0.21409788543203145,0.045837904546467266,2.0706405753444395e-13
25,0.046333574084316403,0.10471592933210802,0.010965425855887041,0.00037069992985174605
26,0.090171499459018464,0.22811512054734856,0.052036508222331364,4.5909626064993669e-15
27,0.034368981686657141,0.065426163998782649,0.0042805829355956025,0.026377631145943537
28,0.071419385189736201,0.15403443876668058,0.023726608326166267,1.489837458870546e-07
29,0.019843905171695139,0.050132744351601283,0.0025132920562230105,0.088983548013777336
30,0.026268885757799336,0.061490370302841491,0.0037810656399805708,0.036909697498602428
31,0.034450348559163874,0.086036842448727349,0.0074023382585471321,0.0034730341541056205
32,0.091947003990565643,0.23411892024881306,0.054811668818470091,8.2954111910539146e-16
33,0.014700572402342245,0.041058520192935377,0.0016858020804336822,0.16372663207091639
