,Slope,R Value,R Squared,P-Value
0,0.67838997243591803,0.16553567322879936,0.027402059111311841,1.5914676888562744e-08
1,0.98415234815432762,0.21329669005274532,0.045495477987456907,2.5543383010022051e-13
2,1.1880844025600452,0.2596294075742146,0.067407429277337644,3.3492451583376492e-19
3,0.7072389621506896,0.15503412028689167,0.024035578453130396,1.2344151024582376e-07
4,0.18536639277073752,0.04271949040932424,0.0018249548608323457,0.14732780534487697
5,-0.086987275208416537,-0.021356563422254927,0.00045610280120879712,0.46896661215533253
6,1.284521185210119,0.23837011613552236,0.056820312266462419,2.3988337242742238e-16
7,-0.074715105549123112,-0.021136984390987136,0.00044677210914483381,0.47355041518500152
8,0.51623375380021197,0.12062129675681715,0.014549497231296149,4.0506259435671102e-05
9,0.38824382265112395,0.08643668024307917,0.0074712996914443131,0.0033239957157985105
10,0.56292414580071171,0.15722593462761406,0.024719994519526767,8.1387084937582754e-08
11,0.05706499208794686,0.012585096692852864,0.00015838465876845609,0.66959382756151631
12,-0.25724467618516556,-0.057988944345149486,0.0033627176662648444,0.049099192591412738
13,0.063072717474186968,0.016224233765637516,0.00026322576128205249,0.58224588425711565
14,0.75491804377093086,0.17076796716836837,0.029161698610816935,5.4551362251784467e-09
15,0.57822369088872261,0.12118973633341258,0.014686952192562061,3.7225260732947877e-05
16,-0.023121555892168164,-0.0051323349945606766,2.6340862496392139e-05,0.86185818356580735
17,0.42900748035401554,0.098155176570690159,0.0096344386876233614,0.00085011904033963537
18,0.34240197272771811,0.083769044447028734,0.007017252807568276,0.0044393176945878169
19,0.17220224487070707,0.033394259340580636,0.001115176556905957,0.25741414145917008
20,0.2856493974568487,0.064905965979334346,0.0042127844197105075,0.027600875555037346
21,-0.11573538651993551,-0.028337583642082581,0.00080301864667202633,0.33657313159058055
22,0.3917237617488904,0.095491590818300831,0.0091186439170097954,0.0011745421635137089
23,0.9825040398583762,0.20421038961087884,0.04170188322502693,2.6062413305370303e-12
24,-0.074703006020314378,-0.018362846991612114,0.00033719414963735808,0.53352665596804627
25,-0.045523840448449204,-0.0093481456793973062,8.7387827643234527e-05,0.75128225454500841
26,0.64740242235132961,0.0098810431275602774,9.7635013288706191e-05,0.73761164573478555
27,0.59463638057516055,0.11213796860073556,0.012574924001899555,0.00013673976115202721
28,0.087578872568077226,0.020538340618330823,0.00042182343535457774,0.48617142755064791
29,0.36439723871004159,0.093200770787583084,0.0086863836753995997,0.0015412632447278332
30,0.1031505162384827,0.025442422969764452,0.00064731688657239785,0.38827677678188088
31,0.72631414164375085,0.15685561636217202,0.024603684384356887,8.7356811783576318e-08
32,0.51473255335021439,0.13982888118961051,0.019552116014738212,1.8958472092850742e-06
33,0.23707261229214269,0.055945891487060993,0.0031299427742820037,0.057657634480837015
