,Slope,R Value,R Squared,P-Value
0,0.024352819326946263,0.36866841278529744,0.13591639858563045,2.099230112055974e-38
1,0.013468978242452415,0.24049123602213893,0.057836034603456134,1.2799435858949916e-16
2,0.027579995176585725,0.4113780770021771,0.16923192223800915,2.8596273171466729e-48
3,0.0076015608528292077,0.13085162300075792,0.017122147241932478,8.3658981232369142e-06
4,0.006217176614188003,0.097707369929485463,0.0095467301385373203,0.00089809378519549747
5,0.0099603434444162624,0.1794225588912077,0.032192454639068897,8.6222531293128647e-10
6,0.027945399064765449,0.43901107678617729,0.19273072554095885,1.8325234223812745e-55
7,0.0097180652108930701,0.16884289282713935,0.028507922458236867,8.1203836250527687e-09
8,0.013223703217255165,0.23436818469858034,0.054928445998907865,7.7185354669394869e-16
9,0.010632840725555296,0.18024738207815283,0.032489118746027612,7.1972292525034009e-10
10,0.011714486943050518,0.18897182683537792,0.035710351337500057,1.0110466133157344e-10
11,0.0080469419901464979,0.13159780878794738,0.017317983277789162,7.421387911043671e-06
12,0.0082982428880554286,0.14203529951235894,0.020174026307565512,1.2973283891557927e-06
13,0.016046747185551484,0.28378108964161591,0.080531706838182851,8.8704617321519793e-23
14,0.0021611390449691689,0.038370200248895897,0.0014722722671403708,0.19312389941495839
15,0.025736809427799896,0.36252823398666123,0.1314267204374874,4.2016063978976997e-37
16,0.0015562868885698501,0.024954565021998453,0.00062273031543714867,0.39744213172627574
17,0.0086767089740988294,0.15422350326530662,0.023784888959424041,1.4379096157578588e-07
18,0.020209369974723519,0.31502849075442274,0.099242949987009416,5.8776024839666063e-28
19,0.0023551626155014003,0.03638757968734211,0.0013240559555026722,0.21716440172811244
20,0.010367293170683115,0.16315771133613291,0.026620438768444873,2.5605535938075716e-08
21,0.0081162276913228741,0.14588772877566319,0.021283229407321465,6.5977127076422202e-07
22,0.010337666369930807,0.17745031041689163,0.031488612667051198,1.3235237910945123e-09
23,0.018045329787526834,0.26737574148800847,0.071489787136262334,2.6118778981656744e-20
24,0.0049506750470480962,0.088136009172069457,0.0077679561127791119,0.002753316788850298
25,0.0084855676971279121,0.13464273548520214,0.018128666218938112,4.5211891418353002e-06
26,0.013961848699477563,0.25265644301396217,0.063835278196467518,3.0985543381262685e-18
27,0.024201617967773346,0.3355498046525946,0.11259367140239439,1.0310209351984535e-31
28,0.0055254430787905198,0.092797652876892164,0.0086114043794601729,0.0016157793074618764
29,0.014354822078689744,0.24013325931758939,0.057663982230488631,1.4236972931298689e-16
30,0.0028919443461533629,0.045190586417024503,0.0020421891007145593,0.12529128136373255
31,0.0081552305685229903,0.13134819402422496,0.017252348073425443,7.7253964929812675e-06
32,0.011121648686042139,0.18297489155457511,0.033479810939408522,3.9365489217217696e-10
33,0.015162642205986591,0.28003478650772912,0.078419481654429427,3.362025300229521e-22
