,Slope,R Value,R Squared,P-Value
0,-0.027422250418986872,-0.05867959618080832,0.0034432950079427344,0.046458320991280569
1,-0.026532026784871543,-0.06323530784933247,0.0039987041587998488,0.031865355490459477
2,-0.010452903938962829,-0.023847947458204642,0.00056872459796928926,0.41870932739145439
3,-0.0070131982688234782,-0.016415036866653736,0.00026945343533360132,0.57781614234607237
4,-0.0013820981460695703,-0.0034567997101436661,1.1949464236049334e-05,0.90670105132629508
5,-0.010678463034966244,-0.025122485078315465,0.00063113925651018317,0.39427282505189543
6,-0.012174557774842191,-0.028358680223412799,0.00080421474401378421,0.33621338513003363
7,-0.038326881568168006,-0.088879780032444691,0.0078996152986157541,0.002532909021815116
8,-0.0092538576366873338,-0.022718777913745224,0.00051614286989407781,0.44108447470042822
9,-0.016201660700069155,-0.035984518453255676,0.0012948855683126983,0.22230403416954608
10,-0.00047113500587121863,-0.0012368713649453967,1.5298507734218887e-06,0.96655031772870958
11,0.0018982124714363219,0.0050639623434815166,2.5643714616198815e-05,0.86368039015943254
12,-0.034428567425788169,-0.07993961341508983,0.0063903417929540096,0.0066347805863179211
13,-0.037924574069086676,-0.090811398663456028,0.0082467101272131436,0.0020336633336604432
14,-0.0067551710955957821,-0.01553137290120825,0.00024122354419638597,0.59846322614620662
15,-0.00036647566726131462,-0.00087116170674080527,7.5892271929155286e-07,0.97643701602615562
16,-0.027286389847255416,-0.062436681551115716,0.0038983392031154336,0.034095687104337427
17,-0.0061987662618714322,-0.013767485657717734,0.00018954366133546349,0.64064384009987752
18,0.0068404353492141131,0.015829828083993573,0.00025058345716879162,0.59145238191607663
19,-0.0067787871432633115,-0.016613206596350773,0.00027599863341303281,0.57323221228179966
20,-0.03386214522189105,-0.082790889975416948,0.0068543314629215943,0.0049266096321257131
21,-0.0098709299956514784,-0.023210228786117004,0.00053871472030389447,0.43126308449704776
22,0.0065268736662282669,0.016612374684562618,0.00027597099266029695,0.57325141945574787
23,-0.021670903338027341,-0.045669222813157766,0.0020856779123578496,0.12133596057140687
24,-0.031824477737929804,-0.075093266336122635,0.0056389986490278489,0.010785168384452105
25,0.0013517445293472036,0.0034227347787224422,1.1715113365476165e-05,0.90761632823835459
26,-0.014769214528612282,-0.036252492280092842,0.0013142431965181911,0.21887737046390854
27,0.0080232828303459357,0.019593128501995891,0.00038389068449572373,0.50646334494659084
28,-0.018986283844303578,-0.050543281252254865,0.0025546232797445381,0.086394830801800784
29,0.0038855622092737892,0.009890277923878945,9.7817597411567212e-05,0.73737545709827712
30,-0.028567873219794933,-0.066871470793046797,0.0044717936060253106,0.023221543819957471
31,0.0062277188562968539,0.014129417418432327,0.00019964043658429886,0.63188767966511716
32,-0.027296020648536392,-0.062915298789690016,0.0039583348217959698,0.032743583661593877
33,5.0392009983954034e-05,0.00013819979760083527,1.9099184056911833e-08,0.99626147413395372
