,Slope,R Value,R Squared,P-Value
0,1.0468694567927346,0.3662288242648431,0.13412355172240933,1.5436801371035007e-37
1,1.9113830026923868,0.4471005336925391,0.1998988872281533,3.653198844434855e-57
2,1.0030304731619806,0.29103191826823055,0.084699577450886021,1.0378342080884575e-23
3,1.4304556771989509,0.40031466606114124,0.16025183186364303,3.7333763092011523e-45
4,0.92809533480656359,0.28597575346529031,0.081782131570040495,6.4666468186528026e-23
5,0.87824598042668267,0.26535942992157024,0.070415627048300747,7.6796369407608017e-20
6,0.80258067085365825,0.20215383158311295,0.040866171623733599,5.490283064280344e-12
7,1.2637432408612628,0.44199916529445732,0.195363262120997,9.2411606522961037e-56
8,1.1741576033402636,0.35673876758343787,0.12726254829695011,1.4186591756649776e-35
9,0.86535366904707689,0.25982131433297295,0.067507115381713542,4.6443816434524421e-19
10,1.7019344979756925,0.56887297949006776,0.32361646679390704,8.1790703480779206e-99
11,0.73854791699677103,0.2397837149068793,0.05749622993454357,2.1976386613024861e-16
12,0.45234378312599732,0.1353571816630838,0.018321566627773071,4.4685259289617184e-06
13,1.0722558216046649,0.36455776041109056,0.1329023606759501,3.4601574840255132e-37
14,0.58906397157288071,0.16592370045799185,0.027530674373673403,1.7237284347906629e-08
15,0.68434693666085833,0.22292598892795212,0.049695996539505433,2.5772279805340503e-14
16,1.2442489583582059,0.35199309820982605,0.12389914118735225,1.2851715019334705e-34
17,1.2079527640225778,0.35529346098268194,0.12623344341705253,2.7867008803734023e-35
18,0.61096220417349201,0.18671371362635614,0.034862010856144932,2.070670602481982e-10
19,1.0507549705438239,0.26972961380066779,0.072754064561057402,1.8007309886097938e-20
20,0.96834951747011833,0.30843223270270942,0.095130442169978291,1.4341325935707126e-26
21,0.17035718843543968,0.05302929489138615,0.0028121061166775933,0.073364451347209036
22,1.4340337061093931,0.4155050208656586,0.17264442236457139,7.5667368850840265e-49
23,0.46894333325938486,0.1477355525511827,0.021825793487603266,5.3763197470067306e-07
24,0.33865387857274093,0.10579903508993817,0.011193435825961967,0.00034374244403946445
25,0.89696996080566815,0.24201141327504044,0.05856952415538242,1.138257581018631e-16
26,1.0923522888667738,0.33306608191970632,0.11093301492534452,5.8377016427970746e-31
27,0.47274348982831815,0.12404674646380558,0.015387595308255661,2.6482184494618992e-05
28,0.87766373546640286,0.31295703777382838,0.097942107492169445,2.4024667265974589e-27
29,0.7753987337878685,0.28004019796792778,0.078422512477916179,5.2831355832712087e-22
30,1.0462884287569829,0.38296673237240314,0.14666351810399586,3.6412707482839177e-41
31,1.7073933753312192,0.44219291857327536,0.19553457723635134,8.1822567686422953e-56
32,0.99030990423435883,0.37037404344092112,0.13717693205477732,2.0418112556317182e-38
33,0.77112728211406945,0.27699126583681277,0.076724161349879888,1.5237848617512057e-21
