,Slope,R Value,R Squared,P-Value
0,0.69587887161811879,0.070631700567443334,0.004988837125048975,0.017022934540549848
1,-2.0011243372180516,-0.21778526580618884,0.047430422002272328,1.0230449939271521e-13
2,-1.1124602651026076,-0.12732476807905727,0.016211596566385721,1.6053190955713817e-05
3,0.68123500787404123,0.070466412292106442,0.0049655152613211299,0.017283812721335869
4,-0.35998100770981695,-0.03600475718577402,0.0012963425400065458,0.22426901644900749
5,-0.27306397179991043,-0.029486578336478261,0.00086945830199326908,0.31966686822558715
6,-0.18653649806914394,-0.019060415597277149,0.00036329944274092599,0.52010171075038503
7,1.631666820199444,0.21050678706262987,0.044313107399431395,6.7953881995076219e-13
8,0.25639306964075004,0.032415826440407629,0.0010507858038146304,0.27393237325909764
9,-0.29389100931092349,-0.037197715878116988,0.0013836700665491167,0.20928008506925286
10,0.17436762118000043,0.021067480263000187,0.00044383872463190244,0.47712711266214736
11,-0.080692010422677624,-0.0093420502741254352,8.7273903324287119e-05,0.75259216878528734
12,-0.51730311849314625,-0.064278479241195147,0.0041317228935607558,0.029922968919171896
13,0.59352806382349743,0.071144949800331869,0.0050616038820917413,0.016234727680610472
14,0.20537562119791464,0.025443610676176617,0.00064737732424084867,0.39053427873786528
15,-0.42995818950586095,-0.043273231667949039,0.0018725725789879876,0.14407163438724865
16,0.32034436348690448,0.034336553403829476,0.0011789988996540335,0.2464911225843501
17,-0.35297801398514944,-0.041771505074123541,0.0017448586361575287,0.15852324528367973
18,-0.024327475749749198,-0.0024771034264782746,6.1360413854704089e-06,0.93338899518098639
19,0.54442136229666005,0.056388330706263076,0.0031796438398388914,0.056890463913280211
20,-0.74741589353423588,-0.085260640135049845,0.0072693767562384722,0.0039505261638729059
21,-0.013213912841658397,-0.0017749359354394879,3.1503975749144498e-06,0.95224376618358475
22,-0.41742053005305202,-0.044825407094261305,0.0020093171211662516,0.13021753409642342
23,-1.2883281391769328,-0.1347406046821347,0.018155030550107299,4.942481724324588e-06
24,-0.54829681947908104,-0.063543214612199611,0.0040377401232520585,0.031855176040189552
25,1.4970090194519647,0.15531869245065008,0.024123896224579628,1.3440159118153495e-07
26,-1.4924257313897249,-0.028268096806794565,0.00079908529707830905,0.34008194282946358
27,0.0021977929437216794,0.000195098933506092,3.8063593855214507e-08,0.99474759310607141
28,-0.10073389949554858,-0.011300969327217277,0.0001277119077347057,0.70296156872890903
29,0.32196227915858483,0.041070969427057756,0.0016868245296783129,0.16562846977312046
30,1.0562570807252143,0.10455151018361263,0.010931018281674055,0.00040402453667269446
31,0.040044958007611604,0.0040758691315207138,1.6612709177283419e-05,0.89061410141511343
32,-0.42558016944277638,-0.055971840435791849,0.0031328469217697433,0.058749267292466469
33,-0.36235062686294056,-0.046321307839512806,0.0021456635599629106,0.11786511062865292
