,Slope,R Value,R Squared,P-Value
001,0.015709741386245396,0.61878358330793037,0.38289312297140243,1.5547935629387967e-121
002,0.020435732264844898,0.67888731131565405,0.46088798146539778,5.4018114533857044e-155
009,0.02042086404242404,0.6394083887994475,0.40884308766710542,3.5643852169859862e-132
010,0.019775309623928712,0.65340620742498223,0.4269396719014989,7.1283034415358052e-140
011,0.023278696253196909,0.75446616811262834,0.56921919882655281,1.6019204588824782e-210
012,0.019358045221743989,0.70278043475492036,0.49390033947431489,1.226880467367166e-170
013,0.020751486458276982,0.73341050392480167,0.53789096726723151,3.8008260422944082e-193
014,0.01780399121255035,0.62506200214839225,0.39070250652975674,1.0899502574087227e-124
015,0.01799739973042375,0.60546118387516312,0.36658324517951407,4.4981955293934657e-115
016,0.017491162910668153,0.63978061740989534,0.40931923841338685,2.2513278479841735e-132
017,0.021753112613964704,0.68674103749958293,0.47161325258600356,5.7211176996130452e-160
018,0.018649414424667603,0.62055975962906385,0.38509441527088151,2.025810052079753e-122
019,0.017026634813541483,0.60634043879249955,0.36764872771508089,1.7219519543449367e-115
020,0.017963683382764231,0.61271644543048542,0.37542144250096904,1.4877464953257841e-118
021,0.01741705626142747,0.67408440754975363,0.45438978850170236,5.0002386056998264e-152
022,0.01615049150453754,0.60175985494321893,0.3621149230212839,2.4792055796763695e-113
023,0.018358032003734558,0.58936104513036369,0.3473464415171546,1.1595585383105376e-107
024,0.017660537085975529,0.63848095659274495,0.40765793193158667,1.1167767708664679e-131
025,0.019236428863238404,0.68608670269937844,0.47071496362090531,1.5066531342003202e-159
026,0.018703908714657953,0.64982976894622513,0.42227872860870436,7.2255207681161225e-138
027,0.020727206462437402,0.67139751722431285,0.45077462613497149,2.15825830871127e-150
028,0.01756704866798631,0.63780970593106157,0.40680122097986721,2.54612647294568e-131
029,0.022013575537481518,0.68444654485605794,0.46846707276539573,1.6875093764463284e-158
030,0.013971431703936681,0.57775153616950803,0.33379683754622635,1.4292075845781505e-102
031,0.016586000991874825,0.61060340889368903,0.37283652295259362,1.5686573699393016e-117
032,0.019190097999998434,0.6762948687542194,0.45737474950328683,2.1915228243263936e-153
033,0.017251220591022069,0.57155453681693413,0.32667458855602011,6.1643119055161134e-100
034,0.022103565909459874,0.77600926972262774,0.602190386695446,3.1516165366398839e-230
035,0.017080379933961633,0.57091982072504033,0.32594944169671219,1.1391669956002499e-99
101,0.018871790456408487,0.62627852547227603,0.39222479146772832,2.6173103428676171e-125
102,0.015115019154290539,0.58214445878722221,0.33889217089666784,1.7901430476698291e-104
103,0.0164508443681603,0.58064717984470771,0.33715114746161234,8.0257973419472582e-104
104,0.014033753505528481,0.49712530316702774,0.24713356704890924,2.9297371441715104e-72
105,0.016352866028857646,0.55909537853460201,0.31258764229874991,8.3279161417287991e-95
