,Slope,R Value,R Squared,P-Value
0,1.3307997201809416,0.18802044112483521,0.035351686280777624,1.5406342322577109e-10
1,1.0380489375869226,0.17904485229500086,0.032057059133338672,1.1252265002965045e-09
2,1.2154038571915013,0.208901509847737,0.043639840816664159,1.0223430998622191e-12
3,0.2125271703834728,0.035189141646475859,0.0012382756898157417,0.2349484132881898
4,0.43842133445475789,0.078401362746741241,0.0061467736805461051,0.0080617713603730566
5,-0.054809987979223075,-0.0085135565882766655,7.2480645781789016e-05,0.77390804196892216
6,1.927043046927819,0.3317427236551625,0.11005323469814551,1.0293678108063179e-30
7,0.00200580958841064,0.00038078721412303224,1.4499890243958001e-07,0.98974874529488255
8,-0.28913330735399984,-0.057301147780608436,0.003283421536975127,0.052987070954958936
9,-0.039118864147629107,-0.0064969612905281682,4.2210506010621442e-05,0.82647819396127598
10,0.43773073953873937,0.094394861189927626,0.0089103898190657053,0.0014120821754274554
11,0.10405294766420524,0.020016139837114359,0.00040064585397891643,0.49939270457210461
12,-0.46739142983823756,-0.08298305161386671,0.0068861868551496662,0.0050343867257590953
13,0.092100432164659282,0.016400491278467308,0.00026897611417508224,0.57997780535418142
14,-0.80380723964057377,-0.12557386810601678,0.015768796351107298,2.1005991044045636e-05
15,0.42646107753375978,0.070038237896743905,0.0049053547676808943,0.01797595928368367
16,-0.78451601746379684,-0.13558042412509566,0.018382051405940823,4.3078983605148917e-06
17,-0.55628697830408746,-0.094658136248945687,0.0089601627581239653,0.0013689768281340232
18,0.95301410265561981,0.15953797828088673,0.025452366513952687,6.0332323013372699e-08
19,-0.22597271814406963,-0.036159459801851611,0.0013075065331617226,0.22228312252106608
20,0.67767444997040338,0.11468136404531146,0.013151815259293256,0.00010344941222574452
21,0.49376918713992218,0.092731460788956901,0.0085991238200538514,0.001714605100433256
22,0.64494000513783323,0.11119103232107314,0.012363445668625931,0.00016758780295208998
23,-0.691889981019712,-0.10718001736405322,0.01148755612215875,0.00028686167194502568
24,-1.2511754831457744,-0.22030168435488096,0.048532832129597601,5.232047609575154e-14
25,-0.28365363793367421,-0.044450114220628667,0.0019758126542269347,0.13346871698792068
26,1.1024591592040285,0.052447760002790819,0.0027507675293103446,0.076578369587863515
27,1.8251756794735616,0.25054962328094416,0.062775113726223034,8.5947233452161299e-18
28,-0.19152172073047946,-0.03715885784387056,0.0013807807162609807,0.20975660928522408
29,-0.41576953733674388,-0.075470908373921744,0.005695858010784891,0.010767598636145613
30,0.011881301329525355,0.0018640759434079858,3.4747791227923723e-06,0.94984845617845381
31,0.36231939105211258,0.05665025422976433,0.0032092513042969312,0.055746719398982937
32,0.69206182712694975,0.13147793670057195,0.017286447839039605,8.3643388416751804e-06
33,0.13335286722264345,0.025150809928324944,0.00063256324005072858,0.39601233699035088
