,Slope,R Value,R Squared,P-Value
0,-0.14169277651962275,-0.16017137903324358,0.025654870661410981,5.3398908014255331e-08
1,-0.1338816180112648,-0.16156525405945965,0.026103331319297741,4.0749783281920151e-08
2,-0.056373887840554582,-0.075664635659246846,0.005725137089446569,0.010566521988350938
3,-0.046724573735627904,-0.055359764727723304,0.0030647035507088772,0.061572132492650151
4,0.010561467163541628,0.014705185858919343,0.00021624249114536139,0.61975026546091239
5,-0.07881434209143813,-0.095763806506582866,0.0091707066366302423,0.0012008580505649285
6,-0.061516701582605658,-0.084694508574261487,0.0071731597826356526,0.0041981077120652075
7,-0.15159258248600488,-0.19937086208868593,0.039748740649985827,1.0798410094472189e-11
8,-0.07764266103763634,-0.10833878246963391,0.011737291787002656,0.00024605906390138253
9,-0.069582791050020118,-0.09179594615032606,0.008426495729633561,0.00190985514281512
10,0.017055129269753087,0.025433295822516896,0.00064685253639565538,0.39072647618041623
11,0.0057318715267974298,0.0097162264938611739,9.4405057280009798e-05,0.74302551888059787
12,-0.16941287966419996,-0.22791501281597504,0.051945253066906068,6.542620730053774e-15
13,-0.20759894989338457,-0.2818420914699622,0.079434964524162543,2.8073491973691439e-22
14,-0.044120088647782933,-0.057393644789168433,0.0032940304621852409,0.052604314490943674
15,-0.017700465322322834,-0.02551919324913483,0.00065122922408668868,0.38912769407757919
16,-0.14654508521679518,-0.17725212486647846,0.031418315769681668,1.6540750116310395e-09
17,-0.061534213584470872,-0.075612891723781883,0.0057173093948323624,0.01061989980418252
18,0.073865448071955761,0.086027031705419935,0.0074006501840453267,0.0036364602729077374
19,-0.017361213949665517,-0.024436127471238456,0.00059712432579061474,0.40957667747094895
20,-0.13879099829635588,-0.2035446380478593,0.041430419678034049,3.9011065596797594e-12
21,-0.082645098644059417,-0.11329433874873,0.012835607192511984,0.00012551647842496622
22,0.033422979602187049,0.045990293050179334,0.0021151070548413734,0.12051616373743222
23,-0.056907111426059746,-0.067831444960807452,0.0046011049254710504,0.021941126809603664
24,-0.14748544901915547,-0.17482719359624388,0.030564547620738538,2.7679274099548498e-09
25,-0.024005561376746198,-0.032875484180212258,0.0010807974600833864,0.26718282521047254
26,-0.070959356699621529,-0.09591353574355227,0.0091994063388296781,0.0011796166775940233
27,0.045072335076117617,0.059151309221670945,0.0034988773826377341,0.045758626321559373
28,-0.11437039643433179,-0.17229718236685179,0.029686319051556186,4.7002415707092715e-09
29,0.0417489138639041,0.064875716982606649,0.0042088586540072765,0.02842838308534636
30,-0.21424826345397466,-0.2721448067027129,0.074062795815256974,7.9860428058869737e-21
31,0.0068177352363166166,0.0079846299938678561,6.3754316138974197e-05,0.78760724892800837
32,-0.12223732935990139,-0.18459334900870061,0.034074704498247954,3.3305945210685256e-10
33,-0.019047900819248158,-0.032211934686604181,0.0010376087362540536,0.27696323226747477
