,Slope,R Value,R Squared,P-Value
0,0.032787737562911208,0.48284439061919221,0.23313870555241906,1.0833295824801136e-67
1,0.01639293937594653,0.28235783073214732,0.079725944575763957,2.3406062391509096e-22
2,0.034975661663691135,0.49820393738064689,0.24820716322157951,1.2970174070463882e-72
3,0.009867425647238361,0.16942869120065326,0.028706081401966319,8.4871253274535873e-09
4,0.0085458355836272055,0.12747115382249335,0.016248895056837763,1.5693814050161407e-05
5,0.012441243475612467,0.2141077967374449,0.04584214862376302,2.6858383823229107e-13
6,0.033443320889360736,0.5277755222737891,0.27854700191137083,7.9365822828171067e-83
7,0.011055432350098204,0.19860895388201683,0.039445516562109088,1.2973124033476904e-11
8,0.016759152182369438,0.2884879156445963,0.08322527747296371,2.6177424111289294e-23
9,0.011978910878703532,0.19742884310678863,0.038978148090484957,1.7212346894612953e-11
10,0.013100464464030006,0.20306746743430079,0.041236396330180815,4.3875763575141366e-12
11,0.00976357299426895,0.15166240082627575,0.023001483824389928,2.6448303062042853e-07
12,0.0078915261253889243,0.1348929744857997,0.018196114565626611,4.8210727589652838e-06
13,0.018432193882178653,0.3205031590726552,0.10272227497555173,1.1385415596448518e-28
14,-0.00062365811918274844,-0.010762454984682514,0.00011583043729731749,0.71649007780007934
15,0.033747855112676771,0.43784215523244252,0.19170575289859029,1.2345204498914116e-54
16,0.0011302953733482834,0.01687277121657281,0.00028469040852680791,0.56911459675151688
17,0.0077576265528183103,0.14069331215495973,0.019794608085132937,1.8333507886379934e-06
18,0.026821254474764234,0.39633512315454972,0.1570815298459321,3.2239145550795928e-44
19,0.0013091764102748928,0.019633882873930798,0.00038548935670723307,0.50762277028102265
20,0.012574981470318108,0.19548330433785158,0.038213722274845104,2.7328778380369841e-11
21,0.011349560172945966,0.19723699294047634,0.038902431384201512,1.8019010634502353e-11
22,0.011582079915851451,0.19826008289017943,0.039307060467620822,1.4106699164109255e-11
23,0.022028606108683155,0.31866731598332709,0.10154885827601763,2.4101181240192387e-28
24,0.0037499604184002854,0.062610183643476328,0.0039200350958698308,0.034460054686998406
25,0.0095256719355075008,0.1413919845288874,0.019991693289017134,1.6274877601152136e-06
26,0.017790235090273235,0.30566210841546615,0.093429324520988177,4.2166986117055397e-26
27,0.030840871642386643,0.41316847871965973,0.17070819180751792,2.8805549802062726e-48
28,0.0061547596759871986,0.10025710140165688,0.010051486381462109,0.00069539165406302603
29,0.01728193612649874,0.27108470932724837,0.073486919631038747,1.1422605104264263e-20
30,0.0035696258594508068,0.051474396966131909,0.0026496135430269297,0.08221359836980964
31,0.0096294536945384229,0.14715014261819248,0.021653164472554387,5.9667405969240726e-07
32,0.011673163312119669,0.18971583012319476,0.035992096199332892,1.0464560341793052e-10
33,0.019653983161527482,0.34165729294575131,0.11672970582301893,1.372389739669424e-32
