,Slope,R Value,R Squared,P-Value
0,1.5709339229999622,0.10542803044567083,0.011115069603653294,0.00036072914647353638
1,-1.2081594276161212,-0.091931093898184033,0.0084513260253167299,0.0018804419722793359
2,-0.53995433054548025,-0.047522454653570877,0.0022583836963007003,0.10862737587048434
3,-0.25948238947578844,-0.01801703430559496,0.00032461352516898568,0.54320463589404122
4,-0.70983416371519215,-0.056376112897492121,0.0031782661054307773,0.056944288062449784
5,0.46101099077086954,0.032763404070022588,0.0010734406462555727,0.2688179685398141
6,-0.22751315593322402,-0.017443797786593242,0.0003042860812195553,0.55611111112715395
7,2.2130262835176953,0.19913465759201018,0.03965461185428714,1.1431348328321775e-11
8,1.1107743616090882,0.10556869205285965,0.011144748741751512,0.00035419863717464162
9,-0.0019355309906384714,-0.00016458781335160094,2.7089148303861429e-08,0.99556899698122958
10,-0.8540387352978368,-0.085427964238411674,0.0072979370739193437,0.003879929979997465
11,-0.23367238278102098,-0.02188693475659079,0.00047903791303926195,0.4601559120701133
12,1.2321799212838926,0.1077454655394329,0.011609085344309123,0.00026621877571951464
13,2.1697691900418534,0.18380875686389606,0.033785659099850852,3.9653983772866582e-10
14,0.58436171578163698,0.046321917055754225,0.0021457199997201742,0.11786027397153805
15,-0.3127900433228219,-0.026590685286455317,0.00070706454400331134,0.36952006179097896
16,1.2047819717528685,0.096518088728117082,0.0093157414517286811,0.001097330050892375
17,0.10154228927015577,0.0080632463647312136,6.501594193835113e-05,0.78556681335634426
18,0.039637144087226593,0.0028915490724200779,8.3610560382134136e-06,0.92227701057316525
19,0.20285959283146301,0.01557531915448227,0.00024259056676398228,0.59918761996451719
20,0.066740798842858301,0.0056888020567031385,3.2362468840349857e-05,0.84778041617239941
21,1.1316770723870742,0.10640208538510031,0.011321403774298177,0.00031771727571941298
22,-1.1670615676927005,-0.088741014508685004,0.0078749676560306431,0.0026981085222366873
23,-0.66142509859887699,-0.050953670459358426,0.0025962765332808954,0.085363504812113855
24,0.76768188682391836,0.060050912232554529,0.0036061120599619671,0.042555318434678552
25,1.3950186451916655,0.10359909995417321,0.010732773511314773,0.00045653634561284022
26,-0.81816523135935171,-0.017683151468253167,0.00031269384584918411,0.55070390821722226
27,-0.96393812231972165,-0.06186130079098287,0.0038268205355524577,0.036680307327024785
28,1.1923753844384759,0.1061961635504009,0.011277625152823496,0.00032638951245899007
29,-0.92778354452101075,-0.091691935452116347,0.0084074110269550702,0.0019327784111573419
30,1.7098226303160726,0.12746740445516427,0.016247939198536433,1.5702922397813345e-05
31,-0.92128490711676425,-0.063428310782703792,0.004023150608747258,0.032166583950239469
32,0.055529329727243733,0.0055529913852351972,3.0835713324496312e-05,0.85137161494074254
33,-0.53582946046486579,-0.052284383169153452,0.0027336567233788569,0.077501637112596083
