,Slope,R Value,R Squared,P-Value
0,-0.010012416907461297,-0.060256106930795722,0.0036307984224554883,0.041851802085831405
1,-0.0078186598140027423,-0.041252729952677349,0.0017017877285485229,0.1637623652859598
2,-0.0057128639573684409,-0.033047965738673545,0.0010921680394645405,0.26467984897403951
3,-0.013567169439942298,-0.077388979926332604,0.0059890542140383111,0.0089186726900727879
4,-0.0087264941980303469,-0.049693395102204746,0.0024694335167838267,0.093391106984657635
5,0.0042277807516237186,0.025573889260480567,0.00065402381190732327,0.38811172924005599
6,-0.0019727707593361369,-0.011483288258397109,0.00013186590922544089,0.698402319438161
7,-0.004818977015993502,-0.028111668912415674,0.00079026592904127778,0.34276198546786263
8,0.007280233626502413,0.045880402453393809,0.0021050113292853845,0.12140649530646687
9,-0.0032431828844204191,-0.019901802108861347,0.00039608172718027797,0.50184697623058827
10,-0.0070517813263308426,-0.042786018041384738,0.0018306433398377004,0.14864532718723583
11,-0.0066453594882655287,-0.044796018565909194,0.0020066832793572812,0.13046989266193665
12,-0.0021187271675038809,-0.012651837042694883,0.0001600689805549064,0.6694440354894019
13,-0.0096281552151716993,-0.059001795625508079,0.0034812118870342244,0.046310199813176037
14,0.0039298573636790323,0.022325656440689137,0.0004984349355076843,0.45121032069713984
15,-0.0019033676275543795,-0.012097736844425774,0.00014635523675697687,0.68311748909873293
16,-0.0042102159481292364,-0.0242565805387558,0.00058838169943314662,0.41302727557746632
17,-0.0021828121685530557,-0.012943780776155642,0.00016754146078117634,0.66228320559404019
18,0.011699883896885154,0.066924695628500078,0.0044789148849673777,0.023778728674088607
19,-0.0067538911682784525,-0.038663232782426615,0.0014948455691881082,0.19187585798165144
20,-0.006955354358479598,-0.040801290203522439,0.0016647452822720562,0.16842659790764611
21,0.0060354158987944908,0.037009843521373612,0.0013697285174765603,0.21159127572062936
22,-0.010553151066094347,-0.059603332426804156,0.0035525572363801238,0.044124567858172398
23,-0.0032477485739466159,-0.020604863441873001,0.0004245603974582345,0.48685712536981396
24,-0.009665399262652365,-0.05839292694805432,0.0034097339175608084,0.048614461556222316
25,0.0064084519877701737,0.039626685294982963,0.0015702741874676191,0.18102823196347659
26,-0.00051295539595695185,-0.0032460202855601581,1.053664769426805e-05,0.91278496377047391
27,-0.0095857554555767183,-0.051279563839974895,0.002629593667618061,0.083380953544062303
28,0.0024995079273261605,0.017742537610744947,0.000314797640868699,0.54936633663281453
29,-0.0033098046556289773,-0.021027996049121381,0.00044217661784186438,0.47795339588815322
30,-0.012648478162392446,-0.080856553001276102,0.0065377821632481717,0.0062815565880734517
31,-0.011186888647545346,-0.062701174456015085,0.0039314372781636383,0.034198267996234009
32,-0.012235826946493576,-0.076539743702429205,0.0058583323660335515,0.0096991823608917997
33,0.001290773739825233,0.009468270943307211,8.9648154655875623e-05,0.74936072883422589
