,Slope,R Value,R Squared,P-Value
0,0.7568892567381903,0.31500471366047861,0.099227969628320117,1.0593950153607223e-27
1,1.1906577685776856,0.33689402783846001,0.11349758599322107,1.1139908399517003e-31
2,0.65533164840453551,0.23121088424662109,0.053458472994104417,2.5978942739381886e-15
3,1.0062831273462445,0.33803656995118303,0.11426872262436105,6.7638724808446953e-32
4,0.62731489048029743,0.23249284161573358,0.054052921402558581,1.8068214805653302e-15
5,0.81899256615167104,0.30126862979294355,0.090762787297317682,2.2780465210684726e-25
6,0.82741010813066795,0.24529403057133789,0.060169161433932444,4.2652097915034401e-17
7,0.83379757520187636,0.34892452455697548,0.12174832383731138,5.2379454406116215e-34
8,0.56625982685003062,0.20751533622233026,0.043062614767466777,1.4508293015081195e-12
9,0.46251958800976578,0.16409846197077474,0.026928305221173805,2.4783226240292583e-08
10,1.0649466929933802,0.4285559323590335,0.1836601871601205,3.5515781991140187e-52
11,0.45959456618405087,0.17788290012467667,0.031642326156765696,1.4450407126624666e-09
12,0.43598769524908576,0.15464473099569676,0.023914992824731411,1.5244550329499909e-07
13,0.90702740379679714,0.36948663576406832,0.13652037400824929,3.1562913764110933e-38
14,0.48271582675900743,0.16191723875717104,0.026217192206746731,3.8046728923400659e-08
15,0.56496288918016602,0.21290420140408028,0.04532819897550918,3.6696824620299916e-13
16,0.85187234066145323,0.29167313907277687,0.085073220056567436,8.2073969574881173e-24
17,0.87087555920013382,0.30444363756923992,0.092685928456390718,6.7515918910791741e-26
18,0.11774480867068519,0.043087971069471195,0.0018565732508835867,0.14579789552997716
19,0.92787964329285755,0.2887250716571787,0.083362167003442969,2.4023922232735845e-23
20,0.65322620211513682,0.24544706867226426,0.06024426351980721,4.0729763001601099e-17
21,0.20250679661392268,0.074910994494764238,0.0056116570961945982,0.011367982834013855
22,1.0469339881221107,0.35456608950988877,0.12571711183033446,3.9091234592548707e-35
23,0.097522258188744645,0.037214907225064701,0.0013849493197701729,0.20906951402777857
24,0.36541146773122946,0.13346600465794817,0.017813174399355442,6.0791495634067735e-06
25,0.59371716147308895,0.19073459944229176,0.036379687424411486,8.2800724279261453e-11
26,0.61836230626573629,0.23306339279882218,0.054318545062898078,1.5361094719616418e-15
27,0.48962523496887428,0.15442781072040307,0.023847948723896638,1.5873534697903216e-07
28,0.29137155205198051,0.12295046848177339,0.015116817699887552,3.1222318495496612e-05
29,0.50618313154588168,0.21896724092811207,0.047946652599669876,7.4739524376118961e-14
30,0.60073661211646945,0.26622470478244881,0.070875593436502016,5.7749524968011617e-20
31,1.3358768871046485,0.41399306948917519,0.17139026158506904,1.7993371346462971e-48
32,0.58232642539391388,0.2593714003106326,0.067273523299098428,5.3655145538871623e-19
33,0.48846165236898398,0.21163141481752429,0.04478785573766704,5.0943512542484369e-13
