,Slope,R Value,R Squared,P-Value
0,-0.023832397285146873,-0.079593147139424877,0.0063350690715581384,0.0071479037674037653
1,0.0019098907375878404,0.005784784588519401,3.3463732735571574e-05,0.84524427790352963
2,-0.017741284143451684,-0.055459361730806199,0.0030757408035884111,0.061105299963607501
3,0.0041962584764673331,0.013410035301222999,0.00017982904678004699,0.65091076968501338
4,-0.028411982845920399,-0.11126310167981521,0.012379477795412897,0.00016594971178313358
5,-0.007089749383666185,-0.024952788332456743,0.00062264164556438933,0.39974329111866191
6,-0.035085361722498085,-0.11051718102548973,0.012214047301820867,0.00018365644759481942
7,-0.011366509195445268,-0.043735598816561201,0.0019128026038431895,0.13983158117049629
8,0.0057434154935668974,0.019604716059775568,0.00038434489178442208,0.50825364436158105
9,-0.025076376755856014,-0.075291918430042667,0.005668872980876199,0.01095639080744479
10,-0.013300838199780325,-0.059340010099793457,0.0035212367986435893,0.045070386315658073
11,-0.0052197847427775043,-0.021041286006867201,0.00044273571682278546,0.47767519071952214
12,0.028425220203425285,0.089785681477368456,0.0080614685983554646,0.002400166579089934
13,-0.0050281185281997199,-0.018962589693149307,0.00035957980787073234,0.52224611503911333
14,-0.037525042753830014,-0.1158853962349254,0.013429425060525663,8.7311044992930705e-05
15,0.00021193013868149081,0.00077045814565622765,5.9360575420803292e-07,0.97926009321446483
16,0.0020031887854698714,0.0063552148237649405,4.0388755456201644e-05,0.83020573769126138
17,-0.020953519039797936,-0.065408674328610847,0.0042782946774262759,0.027149337675493639
18,-0.042928437948175857,-0.15218544034654233,0.023160408253470995,2.4030560953506501e-07
19,0.021139331484202592,0.069892854460612122,0.0048850111046523075,0.01821642539445413
20,-0.029693449121615395,-0.10836381589106453,0.011742716594472529,0.00024524076276108702
21,-0.023138388621038754,-0.076937872596715542,0.0059194362397084321,0.0093260039016370509
22,0.0048239416838673482,0.019294362081379891,0.00037227240812739016,0.51499190821147145
23,-0.0099557941039891355,-0.029043591408483647,0.0008435302019029451,0.32699432988231603
24,0.017254599911672327,0.055336401343614922,0.0030621173136616271,0.061682067622728355
25,-0.0083004125018051322,-0.027590344617749018,0.00076122711612615216,0.351790729188032
26,-0.00049402088512516453,-0.0018552683500445179,3.4420206506769076e-06,0.95008510807573887
27,-0.013961604671603678,-0.046678300250458736,0.0021788637142719763,0.11505745288833592
28,0.025842766099614112,0.10329778720416183,0.010670432841276299,0.00047443103350489378
29,-0.0097075053833412684,-0.039345354220032637,0.0015480568986998399,0.18414767934096141
30,-0.010872754436178368,-0.041575697431930944,0.0017285386169514692,0.16048562005015291
31,-0.0031724480744244605,-0.0098353466907784258,9.6734044527806138e-05,0.73998816278296475
32,-0.0033326893856387946,-0.013213318721262579,0.00017459179162966816,0.65569919616799832
33,-0.017146339540235273,-0.069335884791240462,0.0048074649197841707,0.019163881134154077
