,Slope,R Value,R Squared,P-Value
001,-0.0071465162804290553,-0.22415952060680197,0.050247490678671278,1.8418657683704621e-14
002,-0.0086610752378974958,-0.21525357354789162,0.046334100925137588,1.992000574907583e-13
009,-0.0098549557391705376,-0.25592062848713032,0.065495368085247779,1.6082259734420374e-18
010,-0.0080417187540570943,-0.20112491964279572,0.040451233301321034,7.0583046797540023e-12
011,-0.014746348015599431,-0.33585366529899219,0.11279768449476747,1.7514488102477922e-31
012,-0.010804593943891654,-0.29457201259502824,0.086772670604285479,2.819403436457898e-24
013,-0.012957657090097914,-0.32249530867820736,0.10400322411945224,5.016045378928108e-29
014,-0.0069455931894991645,-0.18894471621737718,0.035700105786465194,1.2482891992083617e-10
015,-0.0048677520380866575,-0.1323431124726088,0.017514699418937584,7.2838977926877555e-06
016,-0.0095072481887647324,-0.27793497972248454,0.0772478529533379,1.0993859381821766e-21
017,-0.007533843336821785,-0.17397377862975164,0.030266875650713825,3.3121092594767144e-09
018,-0.0063678089041112607,-0.16568079799308999,0.027450126823627092,1.8094838225607886e-08
019,-0.0093572286336355108,-0.25542236988448314,0.06524058703740572,1.8818910972979594e-18
020,-0.0057032221775784051,-0.153822274968341,0.023661292276435906,1.7764840940880479e-07
021,-0.012586774744081486,-0.35237789154408394,0.12417017844905419,1.076378792040233e-34
022,-0.0066304317153924475,-0.17940426961854078,0.032185891957362073,1.0410928227455096e-09
023,-0.0054398650047605248,-0.14197221168229718,0.020156108889962998,1.4735701998280424e-06
024,-0.0086873545348168848,-0.23474298341804156,0.055104268264002935,9.5020125303418713e-16
025,-0.013017084438668716,-0.33609047968529021,0.11295681053508848,1.5802704885337053e-31
026,-0.0087688027375274098,-0.22221363511827991,0.049378899632480037,3.1261710781585562e-14
027,-0.010677376343131087,-0.27199155014530474,0.073979403350445824,8.41095012198838e-21
028,-0.0094564044522178516,-0.261459629462995,0.068361137838926639,2.7393231552815257e-19
029,-0.006599805286918746,-0.14435430135768135,0.020838164320464283,9.7597570440171407e-07
030,-0.007430618466143772,-0.24783056263936193,0.061419987778142698,1.9778815766291359e-17
031,-0.006308446195319806,-0.18326993487363816,0.033587869028587569,4.4681471924019321e-10
032,-0.013083767330792443,-0.3323462839955903,0.11045405248567756,7.9501331892302474e-31
033,-0.0045183776701279051,-0.11585751955187128,0.013422964836712235,8.7656200087917686e-05
034,-0.020605980941175626,-0.49238373319859041,0.24244174071858066,1.0174924226685542e-70
035,-0.0065800693247138149,-0.17546106607752918,0.03078658570906306,2.421071368999915e-09
101,-0.0087704972829886468,-0.23602409825475806,0.055707374956971686,6.5706044793912553e-16
102,-0.0072630495394271572,-0.21668653641426691,0.046953055063211423,1.3675127716239525e-13
103,-0.0064291543404519603,-0.16687661695286596,0.027847805285633551,1.4238014751568171e-08
104,-0.0025150307078874398,-0.073105463697901676,0.0053444088224852198,0.013511085679189322
105,-0.0044998327563304545,-0.11918313865551695,0.01420462053978018,5.4409475168401425e-05
