,Slope,R Value,R Squared,P-Value
0,-0.026546693314760405,-0.065403996077575494,0.0042776827029155102,0.02716034557231611
1,-0.076555608557660498,-0.15139442801641909,0.022920272834418699,2.7776267212676449e-07
2,-0.009628258848045964,-0.024909881774316675,0.00062050221001043405,0.40055447401821731
3,-0.12401798476362041,-0.25914909840814676,0.067158255205755329,5.7615362450605528e-19
4,-0.050557314764095078,-0.11056182988575558,0.012223918227686755,0.00018254851881444698
5,-0.023397032618176897,-0.052460728248770114,0.0027521280083913067,0.076505469341744015
6,-0.057191553066265791,-0.13307315204063958,0.017708463794031178,6.4771814710352135e-06
7,-0.038830601255061825,-0.096277654293486101,0.0092693867162560225,0.0011293994806917296
8,0.014385767669891573,0.036691212030818113,0.0013462450402904518,0.21555307785499042
9,-0.01122792424747901,-0.029616128334456093,0.00087711505752297307,0.31754440831625957
10,-0.047910040656323288,-0.11483888948030228,0.013187970537069082,0.00010118859545208275
11,-0.014870903885818357,-0.041977610781848231,0.0017621198069523408,0.15647731937072304
12,0.011296668062974292,0.028506798634772897,0.00081263756840348992,0.33601824641056555
13,-0.020549685933334071,-0.051023148154678587,0.002603361647614281,0.084937680310372077
14,0.021481681923353396,0.05138933544303699,0.0026408637972769777,0.082721611847743126
15,0.013011384753903826,0.034587814083518409,0.0011963168830760344,0.24304894915885716
16,-0.015330110918867188,-0.033663343337409973,0.0011332206846523445,0.25588151296457323
17,-0.02250670766481494,-0.05294420395583864,0.00280308873251744,0.07382771691562405
18,0.063647367950598929,0.13224277465841441,0.017488151449356174,7.4020053085350231e-06
19,-0.051636624610079479,-0.12065248317117855,0.014557021695371522,4.3896740251341908e-05
20,-0.041648166220861309,-0.10270463837388516,0.010548242743510523,0.00051158219097250355
21,0.050818493775579732,0.12995054665760608,0.016887144576610655,1.0655158167338244e-05
22,-0.066256162851915407,-0.13888251544485339,0.019288353096289939,2.4897729764672908e-06
23,-0.021956463630127997,-0.059376993315646602,0.0035256273352063413,0.044936525786618491
24,-0.027744229124366814,-0.063421912626003538,0.0040223390011404269,0.032184000300248171
25,0.00044747918989104075,0.0010540740220516896,1.1110720439642258e-06,0.97162823997507575
26,-0.016898881443075296,-0.040411181329540843,0.0016330635764490304,0.17253676976558394
27,-0.058606795466785537,-0.12351220011260299,0.015255263576655685,2.8701019113142321e-05
28,0.027625041226945805,0.076716256666191668,0.0058853840368729973,0.0095321213824322171
29,-0.073152262325555939,-0.20165276613445401,0.040663838089676801,6.2058368174868957e-12
30,-0.082055775377364498,-0.20682186305678671,0.042775283038280237,1.7269055822206819e-12
31,-0.074889059974465155,-0.15829956100869563,0.025058751015545749,7.6490449268989586e-08
32,-0.060235959387693806,-0.17470827503979927,0.03052298136738215,2.8381786524565186e-09
33,-0.02214027271555459,-0.068569845051431627,0.0047018236503773422,0.020537112423908134
