,Slope,R Value,R Squared,P-Value
0,1.4211617895221598,0.23482354555052523,0.055142097544919597,9.2847200370229394e-16
1,1.1370365876504536,0.23221918641276751,0.053925750538207667,1.9528081813889575e-15
2,1.0506182615752977,0.20995421576383946,0.044080772717008852,7.8241095961605413e-13
3,0.51858414962879285,0.098664937325643715,0.0097347698574732026,0.00084607193845305062
4,0.46738256577043086,0.096961929804037034,0.0094016158313230055,0.0010403291359997672
5,0.37765423658368535,0.070938918311452395,0.0050323301311989161,0.016547201677398562
6,1.8222407059339192,0.35526726553504023,0.12621482996074479,2.8209193061461523e-35
7,0.05799648423935768,0.012426792392697622,0.00015442516917120748,0.6749845586113471
8,-0.08206974068101186,-0.019377973010512303,0.00037550583799614322,0.51317203616794482
9,0.27743465437729492,0.054103768887576877,0.0029272178078403317,0.0677163800988905
10,0.4376616529948556,0.11011442110591144,0.012125185735489994,0.00019393992165503697
11,-0.029880498245969323,-0.0067348928941953993,4.5358782296283683e-05,0.82023005599205434
12,-0.29011011541397652,-0.059973588802219757,0.003596831353817739,0.042823002776623251
13,0.2462986370475399,0.05141975597007143,0.0026439913040216963,0.082539640062183867
14,0.063416912062149999,0.011952488198012782,0.00014286197412363485,0.68671924026565634
15,0.61709289510427523,0.12298161951188286,0.015124478737765526,3.1077163040629291e-05
16,-0.44087739961643302,-0.093984449103967277,0.0088330766733762146,0.0014817762686002002
17,-0.20145860902681434,-0.040499046707293207,0.0016401727841995168,0.17160454890523286
18,0.73794078349247527,0.14732037137918474,0.021703291823300917,5.7889073010992997e-07
19,-0.10206933196753827,-0.019354236035612139,0.00037458645252218747,0.51368835394958579
20,0.74853868924737565,0.14535443611518042,0.021127912098362067,8.1931637128668754e-07
21,0.6125705592306937,0.13946607763484822,0.01945078681084951,2.256873434026875e-06
22,0.52638207199362097,0.10719352129886167,0.011490451008449511,0.00028635169268951047
23,0.089701505920763674,0.016242217966537686,0.00026380964447251962,0.58363994810128761
24,-0.62352862626015193,-0.13060968394468481,0.017058889540130455,9.6014245224719141e-06
25,0.064113474763630149,0.012147938808835006,0.00014757241730319968,0.68187429220741558
26,0.38672629422439553,0.022183193690138259,0.0004920940822941899,0.45410432834558589
27,1.270447964595657,0.2028129359616212,0.041133086993372661,4.670865636960903e-12
28,-0.22105300579014114,-0.050572920710016241,0.0025576203091415895,0.087727793286775754
29,-0.2320648122811251,-0.052134208855330474,0.0027179757329712185,0.078358263565513397
30,0.02517179507309291,0.0047534870780926424,2.2595639401593727e-05,0.87257269642169688
31,0.78444693829825285,0.14469541516933135,0.020936763171025163,9.1955877446299987e-07
32,0.3316764834478203,0.072970576072441173,0.0053247049723439245,0.013684655102102851
33,0.40979920804406977,0.0948983520933918,0.0090056972300413592,0.0013307077229818363
