,Slope,R Value,R Squared,P-Value
0,2.1257376242185226,0.45422377522334989,0.2063192379781523,3.6574174943317376e-59
1,1.4080102708822346,0.34734901652709488,0.12065133928234004,1.0711139727015494e-33
2,2.1813176742437586,0.4875581680674651,0.23771296724930255,3.5550712885093545e-69
3,0.56882174586308221,0.14030727506475896,0.019686131436097931,1.9575842887837916e-06
4,0.69908888212106302,0.15743685112491562,0.024786362092128846,9.0142323636530206e-08
5,0.64597340387567515,0.15245728994717359,0.023243225258036557,2.2859623410260517e-07
6,2.3882325846313441,0.54792438269295141,0.30022112914945187,2.1835820069955279e-90
7,0.83744953204487749,0.22794267435829765,0.051957862793612926,6.4924858790991128e-15
8,0.88939883042820644,0.23447863315081213,0.054980229404273134,1.0250758827966356e-15
9,0.76541438265762907,0.18921392217576247,0.035801908345135497,1.173847513598186e-10
10,0.87874671994160292,0.22889130107761391,0.052391227709002897,4.9840116611775027e-15
11,0.63256002215319329,0.15040483161019783,0.022621613371691964,3.3260153525449614e-07
12,0.47363926669574552,0.11949561784840265,0.014279202684971487,5.1991739881115065e-05
13,0.98693304985503338,0.24867552363970336,0.061839516057480663,1.5282152522046144e-17
14,0.10341182384770216,0.025248910278693571,0.00063750747026151782,0.39417181952826519
15,2.0442111347730698,0.39746423462982483,0.15797781780987244,1.754005947950675e-44
16,0.19390881866286871,0.044836540251586544,0.0020103153417321403,0.13012203281085527
17,0.39565568420024055,0.10033349808558827,0.010066810838090743,0.00068882960690531763
18,1.6838662309973838,0.39345151725454119,0.15480409642990053,1.5096200418431097e-43
19,0.33673624510484584,0.072688961482985495,0.0052836851214749488,0.014053380239630356
20,0.99065738098176193,0.22436342225848166,0.050338945247537743,1.7420414330244998e-14
21,0.81440839407821297,0.21850882378294217,0.047746106071004872,8.4435202326707233e-14
22,0.69770240060388344,0.16987930607718449,0.028858978633265732,7.7398380906239126e-09
23,1.1358034867761491,0.23886756094642111,0.057057711672492205,2.8748812443313417e-16
24,0.041221219623612006,0.010753146650505942,0.00011563016288728717,0.71672471859463838
25,0.4574572453142895,0.10015171084141043,0.010030365184461487,0.00070453937391794946
26,2.22753073664102,0.092869548592219159,0.0086247530557225557,0.0016873905351067436
27,2.1552034286034147,0.40923764733117607,0.16747545199315603,2.6659635645357982e-47
28,0.43021355345226414,0.1051411284752978,0.011054656897059078,0.00037439921635927986
29,0.83553452365902292,0.19576578790293439,0.038324243713256691,2.5562070037360879e-11
30,0.28096471235874915,0.058528037882182395,0.0034255312183381773,0.048095000612269297
31,0.75097436667478024,0.17358755986757071,0.030132640940777448,3.5913243449677757e-09
32,0.96809048800086483,0.24188424058060776,0.058507985841257333,1.1820316887245424e-16
33,1.1989378833769604,0.29624613651819909,0.087761773401959453,1.5125787057661933e-24
