,Slope,R Value,R Squared,P-Value
0,-0.0019639996585275239,-0.0054230911629770786,2.9409917761960083e-05,0.85480940912993986
1,-0.0028640774224625593,-0.0092214510907223483,8.5035160218584386e-05,0.75568374127171656
2,0.0034893592127679595,0.010471950460919963,0.00010966174645596181,0.72382549838805166
3,-0.013917302851395644,-0.04501205145542337,0.002026084776225681,0.12862364469717713
4,3.1584148802116328e-05,0.00011451255062095326,1.3113124249716382e-08,0.99691710588411797
5,-0.0070278764008478078,-0.02303727196574698,0.00053071589962379177,0.43691152604663108
6,-0.0030000517441203939,-0.010332895742997538,0.00010676873443565665,0.72734575053892248
7,0.0013203181668318548,0.0040854765603238058,1.6691118724955235e-05,0.89035788765714607
8,-0.011223354605785166,-0.038695379512550906,0.0014973323956203445,0.19150638057052122
9,0.012268594615210609,0.037653784170223005,0.0014178074623377365,0.20374566581153331
10,0.025847335207836632,0.097567233556690156,0.0095193650639057263,0.00096699644556712239
11,0.021503530229163671,0.087046543960391257,0.0075771008154483276,0.0032538188298438611
12,-0.013638882750939198,-0.043419596020330901,0.001885261318568735,0.14271890935206297
13,-0.011744560701075345,-0.039352974212920583,0.0015486565794027923,0.18406266715493352
14,-0.0009495636467848743,-0.0029334199325258075,8.6049525005397123e-06,0.92115518813481589
15,0.021219215514876519,0.07314648127670173,0.0053504077231628765,0.013458692063134998
16,-0.0053852135686679693,-0.017089776398084851,0.00029206045733653802,0.56415587395039424
17,-0.013873688086075508,-0.042974363097957345,0.001846795883675078,0.14686429132908166
18,0.014117174844472861,0.045264189014209269,0.0020488468071140631,0.12649455654649411
19,-0.0037112655255256036,-0.012797938157296814,0.00016378722107799378,0.66585664721894799
20,-0.0050373468528449195,-0.017573597857733686,0.00030883134166534199,0.55317560835701596
21,0.0010097277351275146,0.0033193199521838941,1.1017884944966088e-05,0.91082364610945621
22,0.0078293416677507818,0.029027748552482212,0.00084261018602613312,0.3272583890748787
23,-0.0041919303821274295,-0.011722226768755197,0.0001374106004181209,0.69244362190896491
24,-0.0057956399481970634,-0.018156619073267183,0.00032966281617172964,0.54008457461497539
25,0.0022400507439572781,0.0080529405258143172,6.4849851112302572e-05,0.78583421109779739
26,0.001575169282759446,0.0056341123789378049,3.1743222298500209e-05,0.84922618291488572
27,0.019930332611288109,0.066393405383260773,0.0044080842783860005,0.024916227248643057
28,-0.018591845784371799,-0.071591886176196246,0.0051253981662654387,0.01557463668525391
29,0.017989594466616691,0.064428417565835144,0.0041510209900376144,0.029541543722668803
30,-0.014558366333759939,-0.046901317155094206,0.0021997335508827341,0.11333031721834691
31,0.0089332429546729146,0.027741429674286527,0.00076958692037338509,0.34915875967785259
32,-0.0046984439518663237,-0.01530249620064505,0.00023416638997075619,0.60560162324139688
33,0.007940877304881017,0.031805961459370688,0.0010116191843549736,0.28306578490615963
