,Slope,R Value,R Squared,P-Value
0,1.36532194420501,0.34119371784185376,0.11641315309474652,1.6853217055634888e-32
1,0.87928105137876267,0.25684292877117526,0.065968290059755005,1.2012307520393952e-18
2,1.4412016147084385,0.37453373698156239,0.14027552013737415,2.6025974309356433e-39
3,0.44381925502752834,0.12579388549056475,0.015824101626813317,2.0311981540215153e-05
4,0.29187204259500532,0.076254118884615668,0.0058146906468690999,0.0099750379138022604
5,0.43346483680550985,0.12371612579720437,0.015305679782269696,2.7834495073917725e-05
6,1.8339833157166328,0.47651749229710144,0.22706892046511812,9.7810789998301382e-66
7,0.11629887891178667,0.035727879796389694,0.0012764813947452709,0.22785480432207031
8,0.44860593992153996,0.14090675965750069,0.019854714917176663,1.7679450960782935e-06
9,0.38747009308363384,0.11247018900506187,0.01264954341483434,0.00014065333283559019
10,0.34238401935810764,0.10405032814729209,0.010826470787559165,0.0004309112798331848
11,0.20105115271575236,0.056012316480838424,0.0031373795975496036,0.058566440123511393
12,0.082700859823235232,0.02429421178097145,0.00059020872605869195,0.41230264363929015
13,0.42206247907079603,0.12467945842167343,0.015544967352321793,2.4066325635152194e-05
14,0.17734857193763556,0.052240341897023604,0.0027290533215179199,0.077752064752548505
15,1.1040373062576794,0.26048930977253731,0.06785468050577291,3.7465891695095731e-19
16,-0.18672649994128468,-0.05325783161156724,0.0028363966279660508,0.07213195923960633
17,0.085691555385870449,0.025672400817718953,0.00065907216374561681,0.38628597737331283
18,0.74256937991701355,0.20691749354740074,0.04281484913593863,1.685978082498687e-12
19,0.14853093350243871,0.037993591281929376,0.0014435129784982998,0.19969179503773929
20,0.71295994519573491,0.18528318514505468,0.034329858697496614,2.8551818573578542e-10
21,0.30256677727204845,0.098414100594804946,0.0096853351958843866,0.00087240022088994984
22,0.30184903486503878,0.086811459038075384,0.00753622942031944,0.0033386479681340574
23,0.88579122663186249,0.21774799807404996,0.047414190665256463,1.0331916510556877e-13
24,-0.23539379434438351,-0.073051498799678927,0.0053365214768794919,0.013580291617647688
25,0.1086078163835253,0.028749990225076686,0.00082656193794200495,0.33191034972895384
26,0.72868183623635618,0.03663055579562479,0.001341797617896381,0.21631327297473235
27,1.1846903282849857,0.26160247123411462,0.068435852955795767,2.6156263920005984e-19
28,0.10557452114047822,0.030424605499404764,0.00092565661979441063,0.30450776546801628
29,0.39233084392576889,0.11376572330092553,0.012942639798182751,0.00011756230320560203
30,-0.26865928259830069,-0.067361628239300211,0.0045375889590496873,0.022877237593267177
31,0.61841681343449073,0.16863809442691169,0.028438806891939984,9.9708487807790243e-09
32,0.21954075711491206,0.063523129841554046,0.0040351880248669343,0.031909422107054601
33,0.85131006353328453,0.25827461242092747,0.066705775421180308,7.6192103380854849e-19
