,Slope,R Value,R Squared,P-Value
0,0.86270557416890981,0.29921028397252741,0.08952679403492049,4.9713124992249164e-25
1,1.4091042795462321,0.42636674261599872,0.1817885992089773,1.3152863761294846e-51
2,0.48662056432376505,0.16737883894145769,0.028015675725390432,1.2867774884553116e-08
3,0.82630773103794797,0.28199064348027797,0.079518723010421233,2.6642057188069522e-22
4,0.47949536403677234,0.1650424110544913,0.027238997446679673,2.0550594497467968e-08
5,0.32033614683856282,0.10752273652111617,0.011561138868989369,0.00027417814977603882
6,0.6393081415127726,0.2106442864404654,0.044371015410012836,6.5607575149275257e-13
7,0.77767500217338803,0.26487554802179381,0.070159055939845602,9.0026432167232765e-20
8,0.36359851289166095,0.13532117318735273,0.018311819912801511,4.4949656137999598e-06
9,0.51983567103001016,0.18584368319922306,0.034537874585053183,2.5182468918291432e-10
10,0.8001513624316855,0.27071606459238906,0.073287187628390565,1.2931683056428178e-20
11,0.13023016694994941,0.051005582550052941,0.0026015694512702653,0.085045176427885769
12,0.22388930374873378,0.079963131809838106,0.0063941024488375431,0.006883722963319472
13,0.46089007978729585,0.16656340443101811,0.027743367695650903,1.5163152045617036e-08
14,0.36070486982367655,0.12117748500134416,0.01468398287125099,4.0631027099092756e-05
15,0.63496144433560653,0.22245934085601715,0.049488158334093625,2.9249617709422033e-14
16,0.07513087548598564,0.026096971749045066,0.00068105193447045632,0.37847733135535677
17,0.46666206233208823,0.16257363008676509,0.02643018519958833,3.3462467110542219e-08
18,0.5401137355066129,0.17769620815720968,0.031575942393450393,1.5040710403012216e-09
19,0.4418385125494842,0.14454615342701432,0.020893590470545963,9.4384827158634696e-07
20,0.56703968412622463,0.19505947334959164,0.038048198143420052,3.0205482605003462e-11
21,0.37518119814804246,0.13855299338381866,0.019196931975616498,2.6312877098529934e-06
22,1.1463420675205376,0.35770218491649425,0.12795085309403384,9.0278078743192849e-36
23,0.26284124187088781,0.09632690665314457,0.0092788729453636282,0.0011227605051879169
24,0.10716259327671081,0.038740583776684261,0.0015008328313582918,0.1909877115088143
25,0.63034156269133856,0.21286584135750186,0.045311866416837147,3.7062547588422535e-13
26,0.60137198974029349,0.21651339986228696,0.046878052319926561,1.4312985119359101e-13
27,0.41421711140680506,0.12756550206901243,0.016272957318119216,1.5466262485014197e-05
28,0.42312249339600555,0.1728571970916099,0.029879610586367671,4.1832085630193113e-09
29,0.10303039068488502,0.03884337997005826,0.0015088081674983233,0.18981208375628408
30,0.58773381834532978,0.21916831026628536,0.048034748224978725,7.0839914764799153e-14
31,0.988681031862641,0.31010185167556287,0.09616315841261279,7.4447371842607098e-27
32,0.81214350705659832,0.30311820103705039,0.091880643799937697,1.1237947916562419e-25
33,0.53325468594596992,0.22930289790824471,0.052579818989118898,4.4421663992218014e-15
