,Slope,R Value,R Squared,P-Value
0,0.96505560528297452,0.40995800949806682,0.16806556955161706,1.7771368779597202e-47
1,1.2090489382359693,0.47801936609824336,0.22850251436496641,3.3874111736932412e-66
2,1.1431898604953679,0.48238133415638806,0.23269175154249691,1.5110726281199824e-67
3,0.76280727893014466,0.36080302152833749,0.13017882034397796,2.0853464900689911e-36
4,0.81456736221763004,0.43334175464732749,0.18778507632082458,1.9621666079815617e-53
5,0.91479429209998808,0.42470947517694524,0.18037813830507626,3.5211598218130753e-51
6,0.99712446273801592,0.47075014289660377,0.22160569703717287,5.465948077525019e-64
7,1.0054221918899051,0.47425568700712922,0.2249184566586041,4.7820054326522687e-65
8,0.98579016323599433,0.47676045192720889,0.22730052852183646,8.2422077932176446e-66
9,1.0511978657137604,0.46348694578227884,0.21482014891058507,7.7820494844467762e-62
10,0.86644644017038452,0.47143952619400453,0.22225522685802748,3.3928453497227404e-64
11,0.54240582455922848,0.29450852864743277,0.08673527344607572,2.8865370836668593e-24
12,1.1534174746049779,0.52974542045909645,0.2806302104973849,1.5234233693358566e-83
13,0.97134367456971027,0.4587454539529664,0.21044739152251321,1.8582985688380289e-60
14,1.1249410543761269,0.53678031166928808,0.28813310299577805,3.8367755836358293e-86
15,0.76092152553374681,0.37588906538827821,0.14129258947847328,1.3215617044900682e-39
16,0.84066856197103723,0.40324379147181544,0.16260555536056498,7.4947053124166305e-46
17,1.1442101168848116,0.50051251830100885,0.2505127809760177,2.2452578123667618e-73
18,1.1347505137482239,0.49955599647135346,0.24955619361048692,4.6511858194140541e-73
19,0.99259072625201827,0.4439810219764474,0.19711914787525067,2.6514503155843242e-56
20,0.86799332373649885,0.42270710604473899,0.17868129750071821,1.148765038317583e-50
21,0.89703856009093774,0.41228862088429014,0.16998190691066992,4.7523395511821483e-48
22,0.98536022691719682,0.52750756122110398,0.27826422714543675,9.9260261658638886e-83
23,1.0383494829889901,0.42559839654293902,0.18113399513992076,2.0777450514340308e-51
24,1.0282914288572793,0.43216607383913658,0.18676751537753405,4.0139539660260422e-53
25,0.71022449334598547,0.3535376067065219,0.12498883935577536,6.2988765383033342e-35
26,0.62756889778890323,0.31537482271081796,0.099461278799879857,9.1303439384659001e-28
27,0.90844387918714564,0.40433798223411443,0.16348920387715504,4.0969446234788665e-46
28,0.51239658900556706,0.25529951483444185,0.0651778422747014,1.9561375803742999e-18
29,0.99192770341076786,0.53026274401261875,0.28117857768779203,9.8580296247671153e-84
30,0.97493315570999783,0.47024849323973783,0.22113364539424377,7.7280764529386072e-64
31,1.0437855676135572,0.50879612946505237,0.25887350135861831,3.7123134159565294e-76
32,0.86435293168430005,0.4422805018291962,0.19561204229828563,7.74408803853752e-56
33,0.64661469901042357,0.39263712413279334,0.15416391124727055,2.3282242073787025e-43
