,Slope,R Value,R Squared,P-Value
0,0.0076295932643217455,0.13815732562962715,0.019087446625130833,2.5174390888575943e-06
1,0.011892463413079835,0.19829031341360559,0.039319048393665935,1.1180352607792974e-11
2,0.015454736949869411,0.23565880824531019,0.055535073903599873,5.3073423796391152e-16
3,0.0066591837037587604,0.11253467320152068,0.012664052672573057,0.00012941405885635914
4,-0.00028937097805791591,-0.0048829689190238619,2.3843385464153064e-05,0.86850753660176072
5,-0.0017222193609639901,-0.033957019764053027,0.0011530791912562879,0.24947710612267271
6,0.013765395485971426,0.19393356577179183,0.037610227932961905,3.173257676891784e-11
7,-0.0040572278104048388,-0.086440515842699545,0.0074719627791519907,0.0033225946164001951
8,0.0071022633500172315,0.12377695754176979,0.01532073521829708,2.5224890934471497e-05
9,0.0015389380433760412,0.025658570490400361,0.0006583622396108442,0.38425746940667826
10,0.0050774777326792623,0.09713110077573274,0.0094344507379055496,0.00096351972081420956
11,-0.0025906953283422402,-0.041799354368125936,0.0017471860255921688,0.15625015535374479
12,-0.0039067541974255647,-0.066322032088691266,0.0043986119403733939,0.024380507398930835
13,-0.0016693835595707749,-0.033090944604981805,0.0010950106148499743,0.2617638355195388
14,0.0072176996634460665,0.12768454298160817,0.016303342516422143,1.3810302818419364e-05
15,0.0069323368701850784,0.10497981504992906,0.011020761567917313,0.00035816724364558309
16,-0.0053015510067347775,-0.083643233422027827,0.0069961904972918329,0.0044994486108747341
17,0.0032598334033352673,0.058075859388504493,0.0033728054437133456,0.048760082243923676
18,0.0023795003965095523,0.041095368762364859,0.0016888293337147535,0.16334850523491506
19,-0.0002157765327179396,-0.0031670411192981376,1.00301494513252e-05,0.91449028605716698
20,-0.00010029169564755923,-0.0017144434943178375,2.939316495208757e-06,0.95364745780078786
21,-0.0016473745511898282,-0.029577106116844689,0.00087480520624709155,0.31585609522712166
22,0.00404988494399514,0.075361505274615465,0.0056793564772558945,0.010505930732756595
23,0.014721653398150914,0.22671547669050351,0.051399907371002244,6.7941479281765044e-15
24,-0.0017029461972637402,-0.030547090520711084,0.00093312473928051703,0.30024002062630784
25,-0.0025205556440980018,-0.037958352284865361,0.0014408365081819434,0.19794984642391705
26,0.0001885217233112367,0.0035725742810303156,1.2763286993479276e-05,0.90359128302677105
27,0.0056401404432758432,0.079816073977939578,0.0063706056652519235,0.006719571757227337
28,-0.0010496491029907671,-0.018154396721693333,0.00032958212032862963,0.53818333874346003
29,0.003289307662393875,0.06296382884039628,0.0039644437422427185,0.032609081447360702
30,-0.0026996841006280241,-0.050093144711237998,0.0025093231470610313,0.089236516939536645
31,0.0086892918443404171,0.13797682312626153,0.019037603720015658,2.5952097523905334e-06
32,0.0051970425583267822,0.1018649953457435,0.010376477276788346,0.00053484441613219633
33,0.00016436057834431819,0.0030562957367738864,9.3409436306222328e-06,0.91746953117492369
