,Slope,R Value,R Squared,P-Value
0,0.76688181668365196,0.13218640240096532,0.01747324497970993,6.7491141459647606e-06
1,1.2834139186302047,0.21410082010166875,0.045839161168207125,2.0690457633562206e-13
2,0.59269215055228142,0.10385058851378073,0.010784944734658608,0.0004147291747720901
3,0.69015512325930495,0.11652670889058173,0.013578473884870379,7.3622172813047449e-05
4,0.65025001098208157,0.11198589688001415,0.012540841100021162,0.00013965005358659833
5,0.2839827269800852,0.048766755565157971,0.002378196448351866,0.09804910181424642
6,0.5690038031382062,0.10329169368770431,0.010669173984874535,0.00044570892763416486
7,0.71062305563532524,0.12368071429396867,0.015296919088266305,2.5596250316663759e-05
8,0.330926026006371,0.061779915044831477,0.0038167579029465947,0.036028433216832113
9,0.58634424631001447,0.10261152691749098,0.010529125456338976,0.0004863192970127051
10,1.0018807936948713,0.17069884842482852,0.02913809685356258,5.5340487332776546e-09
11,0.62047063664626778,0.11914204172688199,0.014194826106850088,5.0376778390029414e-05
12,0.4664307076950675,0.079410496577268702,0.0063060269666484038,0.0070048208445899702
13,0.33480538008823796,0.060709789286637193,0.0036856785152278881,0.039377310953379201
14,0.38473714014783289,0.065157036997091702,0.0042454394702403772,0.027004513106098738
15,0.45207683670937604,0.076583343003547077,0.0058650084255989429,0.0093136174342777073
16,-0.095240267282121108,-0.015793216687754779,0.00024942569334637603,0.59231036896994271
17,0.50088625809552367,0.08818301344164195,0.0077762438596488048,0.0027388858080466903
18,0.64615325909552768,0.1080075721410963,0.011665635639814121,0.00024003193192210031
19,0.19523365713604429,0.034668613390774046,0.0012019127544389576,0.23968768898503723
20,0.59906294628492318,0.10099905244128408,0.010200808594037252,0.00059676181667691274
21,0.29213325062068357,0.051435984365154584,0.0026456604876124268,0.080975273613978646
22,1.3042428816146623,0.21939073413912002,0.048132294226102046,5.0659281742429965e-14
23,0.34256563796274703,0.059633252322661881,0.0035561247825782586,0.043008908669075842
24,0.17671098394976165,0.031379010151208121,0.00098464227806962222,0.28726313231208983
25,0.6717398022867721,0.11170588896200645,0.012478205628792115,0.0001451617577380439
26,0.50536108082928022,0.093761487600304005,0.0087912165570219625,0.0014428640668780214
27,0.28355779851396534,0.047098058126426937,0.0022182270792802904,0.11010700994983574
28,0.37127493851037785,0.071745474769937881,0.0051474131499637931,0.014866383302833025
29,0.33778907091997712,0.059081765794636358,0.003490655049412263,0.044976289738314329
30,0.71825375026988092,0.12686151676070379,0.016093844434826327,1.5701673945594506e-05
31,1.2001615238631145,0.20198271788324781,0.04079701832350368,4.5318915378481611e-12
32,1.0015537202404534,0.17499192079730999,0.030622172344332014,2.2428067116401855e-09
33,0.68003181932997869,0.12412594393281712,0.015407249957212859,2.3920782425203791e-05
