,Slope,R Value,R Squared,P-Value
0,-15.843537391895069,-0.31841823352653459,0.10139017144215871,1.4744801025580725e-28
1,-17.314563149813633,-0.31604372607614023,0.099883636792090363,3.891739736169313e-28
2,-17.991553983487147,-0.37808002520088463,0.14294450545590157,1.8699233214278558e-40
3,-18.870923654561011,-0.38619288920417122,0.14914494767186526,2.8153174169843973e-42
4,-9.3994222423999254,-0.21090084135066761,0.044479164882419472,4.7616626828067734e-13
5,-18.960128093215737,-0.39136079291903708,0.15316327023421741,1.8267498649736156e-43
6,-18.895331839532158,-0.37039969235075171,0.13719593209353151,8.9123562701664593e-39
7,-12.328922123012303,-0.28460952453245864,0.081002581454592174,6.5885240745505242e-23
8,-13.342965669906302,-0.30727590088852758,0.094418479266856217,1.2994719004670701e-26
9,-15.093150747065692,-0.31569146296785094,0.099661099790781998,4.4910803891741263e-28
10,-8.6366276696484068,-0.21016968047550771,0.04417129459117701,5.7498916580908179e-13
11,-9.297987879703804,-0.20070905622808333,0.040284125251967916,6.2002720423109295e-12
12,-16.853458590376928,-0.37118210010855335,0.13777615144099611,6.0408688389526869e-39
13,-15.161206881242142,-0.32284898621424901,0.10423146789956834,2.3545161484372026e-29
14,-18.283544497314214,-0.39969798284179836,0.15975847748780253,1.9961090393605596e-45
15,-11.072214281363522,-0.23574352915349889,0.055575011537746577,5.1780435973360291e-16
16,-12.981009072607526,-0.28991009574764059,0.084047863616406135,9.5954676520834164e-24
17,-15.253663099882971,-0.31524402018766051,0.099378792264078114,5.385740464833969e-28
18,-13.899748399250351,-0.28353504545621494,0.080392122001857871,9.6877358771993369e-23
19,-17.380752961853357,-0.32545418604867415,0.10592042721660501,7.8918727497873526e-30
20,-12.760996269532749,-0.26562856405493768,0.070558534041888124,4.6780584427279277e-20
21,-12.181559020784034,-0.2713112145233248,0.073609775126121574,6.9172986921761654e-21
22,-18.970681565335852,-0.41145466505512956,0.16929494139562887,2.7370696558935167e-48
23,-14.92584066360115,-0.2979984762401251,0.088803091841436407,4.683099305232093e-25
24,-11.363488268002628,-0.22903083190453874,0.052455121962885078,3.5474724334580325e-15
25,-14.073221673905429,-0.2920041169757408,0.085266404330782114,4.4316502955939349e-24
26,-3.3280014950786101,-0.0078986013682751082,6.2387903574917414e-05,0.78885284060494332
27,-16.792196846979277,-0.29568896271757722,0.087431962672996771,1.1202960018545914e-24
28,-7.6017286226504446,-0.15969235726757647,0.025501648969675283,5.05798309395994e-08
29,-13.895530286627022,-0.33459119474372678,0.1119512676000345,1.5674753351034807e-31
30,-14.015595526898284,-0.29839703580259641,0.08904079097577601,4.0254302282696134e-25
31,-15.743119821051788,-0.33750702817962946,0.1139109940706452,4.3631925248898751e-32
32,-10.552579871407543,-0.2563947021434545,0.065738243287230755,9.4801313057764144e-19
33,-8.9155523505506782,-0.21473603868336341,0.046111566309422945,1.7507542718398879e-13
