,Slope,R Value,R Squared,P-Value
0,1.5921039923289999,0.32478634495192599,0.10548616986723146,1.0454856425246937e-29
1,1.1368928614994409,0.26386163580960825,0.069622962852122341,8.3972289409208058e-20
2,1.7732681514822308,0.37905820373738575,0.14368512182061344,1.1345640285601785e-40
3,0.45486080042074062,0.10156652674820334,0.010315759355693503,0.00055547693093768713
4,0.49103987703155866,0.10539425973768715,0.011107949985655063,0.00033928019470043879
5,0.5533696716446096,0.12412310413362024,0.015406544979765534,2.3931130965966765e-05
6,2.0243911414793256,0.41889563794440354,0.17547355548884883,3.6751565158609687e-50
7,0.77003075706236235,0.17764692892276768,0.03155843135569087,1.2684453220328898e-09
8,0.76134653630763816,0.18090997052288002,0.032728417434589319,6.2212206489873977e-10
9,0.64256710045352017,0.14545221733850319,0.021156347528687169,7.1281032390234022e-07
10,0.79788437043141902,0.18792206289922633,0.035314701724300776,1.2868364405883172e-10
11,0.56846965701167318,0.1270745672523684,0.016147945642376701,1.5189692432521829e-05
12,0.50707319184763189,0.1152491868582321,0.013282375071483698,8.8361509434233164e-05
13,0.90263646305188094,0.20714713678428848,0.042909936277928717,1.2446450515760936e-12
14,0.2661305313255603,0.060418945334908269,0.0036504489553826338,0.040331844175736618
15,1.5732524826493315,0.30671101192089673,0.094071644833540455,1.6224643621322926e-26
16,0.1581487370021403,0.035677642130016084,0.0012728941479574986,0.22627507723400855
17,0.49209645591893897,0.112329512678306,0.012617919418545709,0.00013315523249189255
18,1.2998020383658759,0.28702152961157046,0.082381358460565615,2.7558831458069649e-23
19,0.36109879664748945,0.073712616421028512,0.0054335498196336823,0.012329238279431578
20,0.82094729718226045,0.17173175406105179,0.029491795352885576,4.4623827286030429e-09
21,0.55048148047791634,0.13493995953726798,0.018208792679919518,4.3051763396389836e-06
22,0.66575521436377072,0.14970874192832034,0.022412707409760421,3.3156509163552245e-07
23,0.92501040070496077,0.18497911787301305,0.034217274049078053,2.5118338102496091e-10
24,0.20193396433093344,0.049264189791441308,0.0024269603958071502,0.094666060663180826
25,0.40759408161633703,0.088187170753291841,0.0077769770854702516,0.0027376127816397255
26,0.73176783264104417,0.01066520907288321,0.00011374668456831034,0.71764610371067317
27,1.715487276599964,0.31695737050440398,0.10046197471706601,2.6817059046838801e-28
28,0.40690259797224054,0.092659225230303691,0.0085857320202801478,0.0016421219406334391
29,0.7849429360164607,0.1754487913586181,0.030782278389199905,2.0345491156496611e-09
30,0.275784475620382,0.057286142152982264,0.0032817020827716915,0.051914537773385665
31,0.62136539135055568,0.13610959392469435,0.018525821558345194,3.5471973194871818e-06
32,0.87737491058733885,0.20005715492810316,0.040022865237927072,7.2734255054025963e-12
33,0.96585530893998961,0.22638010995577526,0.051247954183588899,7.4602991783550123e-15
