,Slope,R Value,R Squared,P-Value
0,0.30264526908332917,0.04773928598970844,0.0022790394268071726,0.10534199366251985
1,0.65695243109495893,0.091869264552917801,0.0084399617694939991,0.0018001540215617758
2,0.80643705588391168,0.12536178495124956,0.015715577126163338,1.9799068660551309e-05
3,0.5277481320941223,0.07277878198188921,0.0052967511067673612,0.013481526307820286
4,0.20518908886644902,0.033700517366636755,0.0011357248707789854,0.25307331468429345
5,-0.3300880228225096,-0.050993289422045535,0.0026003155660805012,0.083627367470913219
6,0.79395180163006707,0.10336140685644772,0.010683580427344118,0.0004417302339945041
7,0.0468700005133737,0.0088139061791306737,7.7684942134517872e-05,0.76506599384116047
8,0.045349610237514791,0.0073630548671846539,5.421457697717162e-05,0.802863869232468
9,0.091437119564452107,0.012962768183395767,0.00016803335897645758,0.66029075582315877
10,0.82535737683441879,0.16390687543734658,0.026865463815633848,2.2059110932369417e-08
11,-0.16164892805782269,-0.025875190881405254,0.00066952550314915756,0.38025497844626388
12,-1.0012797988219337,-0.15085117624330655,0.022756077373989134,2.6900227219222684e-07
13,-0.085791393357484036,-0.014582176573501748,0.0002126398736207832,0.62100643982780346
14,0.2136452446914501,0.030204160464319074,0.00091229130935433541,0.3057011707423184
15,-0.073805252229941956,-0.011564111928193203,0.00013372868468778033,0.69499468431235223
16,-0.16319563855189403,-0.024098143616425871,0.00058072052575788694,0.41384337620615164
17,0.19660474829008553,0.028998987386991408,0.00084094126947088679,0.32541230344044414
18,0.20787482511175517,0.033999803822024451,0.0011559866599361484,0.24888075420153666
19,-0.27933945008974587,-0.038570505688788538,0.0014876839090888689,0.19080820772786145
20,0.2795949769094917,0.043609892466025924,0.0019018227208983446,0.13906931316275614
21,-0.66907453301942688,-0.10659976866121272,0.01136351067862407,0.00028949843749272159
22,0.29952213209886192,0.048386518828231376,0.0023412552043147895,0.10069957463227479
23,0.0118845166616514,0.00168765857466488,2.8481914646398945e-06,0.9543708329368179
24,-0.95495945191646603,-0.14626704350886607,0.02139404801682452,6.1668900650930089e-07
25,-0.11971979001859349,-0.016552191644825444,0.00027397504824702923,0.57464173308165967
26,0.44616777714031614,0.0079323153218873732,6.2921626365849178e-05,0.7879730386569439
27,0.26485419917013209,0.034669702117063564,0.0012019882448859218,0.23967292155925782
28,-0.1679149439726709,-0.028287663591544002,0.00080019191146836412,0.33742537059132605
29,0.10572055616046555,0.019288174140421485,0.00037203366167122407,0.51310377182298472
30,0.079051551974962941,0.013341149177657389,0.00017798626138050842,0.65102250164374154
31,0.52108582328902597,0.071028426221025301,0.0050450373314356346,0.015899541315787309
32,0.12386573146905862,0.02316708208708405,0.0005367136924296907,0.43212024488217482
33,0.0050189555048551718,0.00080481988072232246,6.4773504040589333e-07,0.97823095160967211
