,Slope,R Value,R Squared,P-Value
0,0.038855803974586031,0.0010207134485451463,1.041855944040925e-06,0.97239346878468391
1,-3.2338995512884297,-0.065757077504139907,0.004323993241885463,0.025624075747710192
2,-1.8187313013593107,-0.044039643500789899,0.0019394901996766659,0.13521296380078188
3,-5.9910806512991401,-0.14736894989961263,0.021717607394514539,5.0634858122717558e-07
4,-1.2298528879032453,-0.031068897805722178,0.00096527641086240838,0.29205559272377352
5,-5.0209895204525106,-0.12609922199902737,0.01590101378875999,1.7671411542123873e-05
6,-2.9156207173705586,-0.07147138605594805,0.0051081590247583656,0.015254113104343114
7,-3.3648609712971811,-0.088158796352160132,0.0077719733742616422,0.0027463121590136003
8,-2.5285102955871817,-0.065837030199610222,0.0043345145455043884,0.025444822289170024
9,-2.6129836796078938,-0.066355901450529428,0.0044031056573123738,0.024307643501697718
10,-4.3849093767881104,-0.10856313825537543,0.01178595498785576,0.00022278573064338092
11,-0.84708374855559232,-0.021640777438753058,0.00046832324815364339,0.46307010427417139
12,-3.5544572630739633,-0.087740559931639664,0.0076984058571176513,0.0028774998307438083
13,1.143838224900015,0.029125575514039881,0.00084829914902403948,0.32330392586332823
14,-5.0015195228107636,-0.13050446531059301,0.017031415466003775,8.8434539889559695e-06
15,-4.2893371593864638,-0.10615282259219859,0.011268421744290788,0.00030709914330307163
16,-1.693008695499775,-0.041778856228013063,0.0017454728277209858,0.15645348219458871
17,-5.06714452578837,-0.12528460069446448,0.015696231171171412,2.003533780099696e-05
18,-2.8412945452143537,-0.065625142184127641,0.0043066592866869693,0.025922259605389495
19,-5.0251723793335277,-0.11496037815289047,0.013215888545055576,9.2059367550203713e-05
20,-2.1361591847175343,-0.052207028261205976,0.0027255737998663596,0.076519204760163453
21,-0.26861466369985709,-0.0066038572459377132,4.3610930524724038e-05,0.82283398169435518
22,-6.8921398403458474,-0.16873691781968295,0.028472147435286435,8.2990873520005224e-09
23,0.87786835834810306,0.022331282763781317,0.00049868618987595657,0.44891779613624194
24,-1.3482725240982794,-0.031743446227948419,0.0010076463784266527,0.28169926229889197
25,-3.0278295590200788,-0.071716871599193918,0.0051433096719752675,0.014906436395439352
26,0.30676028578222247,0.0079564467680656222,6.3305045173061883e-05,0.78734346834816171
27,-7.4880317599968249,-0.17076595343711509,0.02916101085328696,5.4574197512496096e-09
28,1.2277874055761184,0.03046869784459506,0.0009283415483452317,0.3014826584529598
29,-2.1050088453873643,-0.055603436388800498,0.0030917421382433835,0.059206867178165028
30,-3.0693577927867781,-0.081209516459015377,0.0065949855635070893,0.0058172875685934726
31,-1.9108461088251745,-0.049865847656050906,0.0024866027624564778,0.090699737508748227
32,-1.3020237927280673,-0.03520783123920275,0.0012395913805681811,0.2324520268920966
33,-1.1790281317555802,-0.032545387601938335,0.0010592022541604015,0.2697145015327258
