,Slope,R Value,R Squared,P-Value
0,0.10804836097978784,0.021886049022040315,0.00047899914179515182,0.45801488073571517
1,-0.27583287539101603,-0.063774733217505097,0.0040672165969639481,0.030430603520856258
2,-0.28576599540900777,-0.0602978162442495,0.0036358266438252787,0.040735124333520098
3,0.14742262247377053,0.033017409386186955,0.0010901493225750664,0.26282596531825825
4,-0.15577602069039959,-0.033506721506276045,0.0011227003860991417,0.25581417421737795
5,-0.10307510942072154,-0.023710415905284051,0.00056218382240154688,0.4213983770264681
6,-0.070794496430525919,-0.014485322428595071,0.00020982456586035941,0.62332730881400589
7,0.38068918098861471,0.087136198761342057,0.0075927171345761086,0.0030771761646145156
8,-0.021332854060483439,-0.0050633777617167773,2.5637794357848002e-05,0.86369597304550649
9,-0.054310438525065043,-0.01244259322140996,0.00015481812607347708,0.67311736989112114
10,-0.0026917742708123201,-0.00063991434161376299,4.0949036460297575e-07,0.98269058510197382
11,-0.12171782943986838,-0.027145784496803407,0.0007368936159468922,0.35729697452037512
12,-0.27952729739771637,-0.06372186400295092,0.004060475952010572,0.030568730247681034
13,0.092412763709512138,0.021283959202188001,0.00045300691932040327,0.47047953655110242
14,-0.051279502145154865,-0.011681287016228944,0.00013645246635551891,0.69206141364300688
15,-0.19299242689736243,-0.03852275354736584,0.0014840025408710874,0.19135839896735682
16,-0.04473108943512466,-0.0099900150597135844,9.9800400893304217e-05,0.73482616806695344
17,-0.067738918321601643,-0.01543722216858749,0.00023830782828232906,0.60068265653998076
18,-0.0074002460441264899,-0.0016477526787586382,2.7150888903562678e-06,0.95544863318494755
19,0.09661015818209806,0.019790368740672287,0.0003916586948917788,0.50219256797597445
20,-0.12101693203724742,-0.026516635700187662,0.0007031319688564668,0.36855385696793574
21,0.0024781744189601969,0.00060573902452795529,3.669197658360788e-07,0.98361487966281591
22,-0.029363737796849372,-0.0066842157530276761,4.4678740233023344e-05,0.82071453833392072
23,-0.2654131705094383,-0.053051006486958631,0.0028144092892793265,0.07187269182224594
24,0.0083484063725741339,0.0020146486573572211,4.0588092125912535e-06,0.9455426221384915
25,0.16838895015851257,0.037720241693264919,0.0014228166333983211,0.20077986229045344
26,-0.040355982466457441,-0.00058907320063782522,3.4700723570969149e-07,0.98406562618441584
27,-0.11406110716882194,-0.02155323192076463,0.0004645418062302674,0.4648819746193118
28,-0.00055895268835577802,-0.00012690599150769389,1.6105130680550874e-08,0.99656698771030783
29,0.065796634648823168,0.014970083416324888,0.00022410339749172543,0.61174909755397389
30,0.10564265571827032,0.022050867505021009,0.0004862407577239915,0.45463529901325805
31,-0.11057384780187493,-0.024034033578145732,0.00057763477003543661,0.41508702767664041
32,0.025788176528053486,0.0058116083890228003,3.3774792067360185e-05,0.84379619364836567
33,-0.19804663874367942,-0.046504010599335198,0.0021626230018230806,0.11467168488730052
