,Slope,R Value,R Squared,P-Value
0,-2.2170570279412507,-0.068927541713329404,0.0047510060066427648,0.019298116702090605
1,-2.2313286858392112,-0.063122566846049805,0.0039844584452340256,0.032172431255772335
2,-4.6946935689063229,-0.13868650493821377,0.019233946651977193,2.3021044931438292e-06
3,-5.6129841048774756,-0.18259461305598029,0.033340792717063167,4.2844267394952766e-10
4,4.3430700342009603,0.13673721970460545,0.018697067252545541,3.1949716487696865e-06
5,-5.3057961631228405,-0.17405198896904508,0.030294094864080592,2.7385076044876831e-09
6,-4.7987984087612983,-0.13408952843270322,0.017980001635304724,4.9511533829048588e-06
7,2.5747892047743308,0.08941845205671084,0.0079956595682182958,0.0023834765890271628
8,0.70543277482360356,0.023378943598670505,0.00054657500378981654,0.42792083107285617
9,0.48421813747835663,0.015905315461802957,0.00025297905993946823,0.58968514010349371
10,6.1817077677285157,0.21156971966707958,0.044761746280006641,4.0047072173260677e-13
11,-0.80219499048721055,-0.023857998155377667,0.00056920407598200413,0.41851321000122388
12,-0.72642413196021305,-0.023938327812444961,0.00057304353845607592,0.41694769385818464
13,-3.7395697324628001,-0.1205122819364302,0.01452321009752564,4.1166031225145128e-05
14,-1.1140820233712405,-0.038969227316654594,0.0015186006776570986,0.18625954323521576
15,2.8177701093901004,0.080251987681984202,0.0064403815269093445,0.0064246528346221365
16,-0.73688774612524199,-0.024738827969176567,0.00061200960928851282,0.40153637188201097
17,3.8756666442130161,0.12424491852516786,0.0154367997793256,2.3491026780039126e-05
18,3.191078079869381,0.097366604893447728,0.0094802557484767597,0.00093626683428171007
19,-1.3002934623825819,-0.034195786894232381,0.001169351841315755,0.2461617421661379
20,2.1383525883236136,0.064843308237373984,0.004204654623167093,0.027751461708484755
21,-0.030974560803840777,-0.0010601929572607329,1.1240091066252581e-06,0.97132614444031817
22,-5.0426041219495898,-0.16503789800547222,0.027237507778064652,1.7590531267218637e-08
23,-1.0312082393241044,-0.030134364651093811,0.00090807993292509222,0.30682067378022876
24,2.5459420564972555,0.08235143738761104,0.0067817592398056216,0.005160864822561062
25,-0.52006176437945761,-0.016026821159455879,0.00025685899647718267,0.58684567642940444
26,9.4263408138399836,0.019205982464571881,0.00036886976242944257,0.51490122493062773
27,-1.1358416365333097,-0.028813986116583232,0.00083024579592665126,0.32850960398344764
28,1.6021994316675701,0.046853993822875084,0.0021952967371540164,0.1119647453875398
29,-1.1690002495111913,-0.039460877079001158,0.0015571608198440389,0.18076155768631919
30,-1.6887046249769355,-0.052546145541505648,0.002761097411269094,0.074623614089947748
31,-1.4082038316247205,-0.04783107932279021,0.0022878121491830493,0.10467344693507234
32,1.8369865897162923,0.064826334631333776,0.0042024536617336645,0.027792376184075842
33,-0.21992409486523246,-0.0077952663558507928,6.0766177558659298e-05,0.79155115045033986
