,Slope,R Value,R Squared,P-Value
0,0.068214027137494693,0.17584122835987834,0.030920137591110883,1.8707864582299119e-09
1,0.09991772981974717,0.22322916124290643,0.049831258429211517,1.7834359538255935e-14
2,0.060792800457826486,0.1436421012958152,0.020633053264677233,9.8061298887404936e-07
3,0.066263651822498965,0.1518040509082941,0.023044469872167947,2.2568001178375051e-07
4,0.034088118845736592,0.091348643411378064,0.0083445746530991047,0.0019118115277036807
5,0.066969039698882571,0.16815825608711674,0.028277199090260333,9.3442882572098097e-09
6,0.063079380681877628,0.13326070553587044,0.017758415639917969,5.6692485818014759e-06
7,0.051566152341595922,0.14779874634573151,0.021844469421369882,4.6868917780394632e-07
8,0.098278014519709841,0.23752249929181318,0.056416937669829394,3.0780722126387076e-16
9,0.075240759354466211,0.16239597573881434,0.026372452936161576,2.9775751319272451e-08
10,0.040024063822962745,0.12345009975955355,0.015239927130643724,2.6507332629405081e-05
11,0.06475875531314651,0.17083731427928009,0.029185387950157515,5.3770621453227435e-09
12,0.10495467579285142,0.2409791368228151,0.05807094438386904,1.1067894919130669e-16
13,0.075505066928586217,0.20192865039805066,0.040775179851578164,4.5927905495043853e-12
14,0.074119382049883276,0.16922518262974709,0.028637162436071256,7.5062626107508719e-09
15,0.086308944506117008,0.21542809576929373,0.04640926444678399,1.4585766218888824e-13
16,0.081702572118301731,0.18581070669405161,0.034525618722142874,2.0815681607749507e-10
17,0.069292569876378024,0.154508895264997,0.023872998716009813,1.3628216845953841e-07
18,0.034025009193601179,0.086515145664737669,0.0074848704293907775,0.0032954399112210581
19,0.10291536740426593,0.238772117783454,0.05701212423079563,2.1305870707748737e-16
20,0.052290796958896248,0.13257827568442079,0.017576999183454282,6.3342290834995055e-06
21,0.074190839694063981,0.17474896023608974,0.030537199103594474,2.3618577758428921e-09
22,0.072337586361704551,0.19716808343938289,0.038875253127159448,1.4660693545608636e-11
23,0.094626812543060379,0.20736389823894619,0.042999786292852032,1.1780501272850516e-12
24,0.11230224109889539,0.26991954473090091,0.072856560627736822,1.1093663026679312e-20
25,0.057886795598006038,0.13436428271579701,0.018053760469730624,4.7329384655303842e-06
26,0.061744723255041142,0.15847014396254611,0.025112786527510089,6.4083153224879999e-08
27,0.043920190624162907,0.10703906092056523,0.011457360562756473,0.00027312249416576998
28,0.07259242733994814,0.19960605290854722,0.039842576357729753,8.120351920097923e-12
29,0.055942157716319448,0.16007286935045204,0.025623323502086886,4.697026375892338e-08
30,0.053434519059476882,0.14780378757774901,0.02184595962232835,4.6826388847985079e-07
31,0.079113061990825059,0.17833836601354866,0.031804572792382448,1.0919166297992819e-09
32,0.07943927600624931,0.22071494588075954,0.048715087335146616,3.5415346918968644e-14
33,0.064050382520704024,0.17653520809030032,0.031164679695485635,1.6120374136989612e-09
