,Slope,R Value,R Squared,P-Value
0,-0.33855589769902616,-0.057944414653785255,0.0033575551895698033,0.049273695367112832
1,-0.23722302831757291,-0.039423424328369365,0.0015542063857746655,0.18117609897641351
2,-0.055653063437299422,-0.009625613302933685,9.2652431457613919e-05,0.74415424016368847
3,-0.50778713587473345,-0.085993817910497705,0.0073949367188238359,0.0034894281512880465
4,-0.26087567824356694,-0.045024374746555497,0.0020271943213182645,0.12668804741555992
5,-0.17635984431205126,-0.031058447080471042,0.00096462713505042019,0.29221802668658126
6,-0.45232161515260805,-0.081192297600111638,0.0065921891895850942,0.0058277365397802474
7,0.26399772659690252,0.045587032451554807,0.0020781775277391112,0.12200813448583216
8,0.046049643156305407,0.0085872457717411869,7.3740789944286885e-05,0.77093679894727185
9,-0.083590185226228325,-0.014805548567669392,0.0002192042683896172,0.61566825423534399
10,-0.11708665412395498,-0.020135727651132498,0.00040544752804058188,0.49476069640807896
11,0.35113266232256107,0.067268521287262698,0.0045250539561749147,0.022414040392925997
12,0.22084786122221306,0.037712124718845323,0.0014222043508097444,0.20087685201359204
13,-0.080417617417029699,-0.014634298088771031,0.00021416268055100745,0.61975903245062502
14,0.48968149901901992,0.083210736502341287,0.0069240266692620726,0.0047118218120448252
15,0.11984790434625316,0.0207873257064294,0.00043211291002518055,0.48090020186173132
16,0.16242087672144689,0.026663557249789471,0.00071094528521280069,0.36590557120619949
17,-0.036936862491887823,-0.0064922177987773002,4.2148891946760771e-05,0.82578059556127392
18,0.51566406102148277,0.08691488006296072,0.0075541963763588469,0.0031533996540435644
19,-0.13122606787263089,-0.023383914012726496,0.00054680743455458661,0.42782259569140046
20,-0.39038361919198727,-0.068940333849236909,0.0047527696312442405,0.019275639630972036
21,0.012117079221655417,0.0021273543379082081,4.5256364790168706e-06,0.94250124052975504
22,-0.22902152516736338,-0.038998028011940064,0.001520846188820062,0.18593410757497408
23,-0.15910121704380001,-0.027683007458904427,0.00076634890196975813,0.3478579323103651
24,-0.16940337442750183,-0.029755792125274051,0.00088540716500252125,0.31294005700076338
25,0.14880366315875845,0.025619576513069554,0.00065636270070902516,0.38498068483461345
26,-0.15743566959212443,-0.029254394519282634,0.00085581959868983378,0.32116754171520978
27,-0.28090587328383032,-0.047718160149995532,0.0022770228081006216,0.10549633480993675
28,-0.019923572940032209,-0.0038386187346690736,1.4734993790152401e-05,0.89645085469264441
29,-0.25098402898189687,-0.044685045388053304,0.001996753281332384,0.12957717118098139
30,-0.2554447084970225,-0.045337285776358913,0.002055469481567236,0.1240684731915344
31,-0.24689310635737935,-0.041230256741902144,0.0016999340710031673,0.16196994079881474
32,-0.29707422814115358,-0.051299786492167765,0.0026316680941419982,0.081783844251191631
33,-0.12370108183009708,-0.022620571108285539,0.00051169023726500243,0.44306231871619028
